10 4 24 147

   0  904  878  644  857  728  750  567  601  571 
 904    0  697  917  585  589  701  862  770  654 
 878  697    0  917  578  640  672  589  783  612 
 644  917  917    0  691  692  577  690  611  865 
 857  585  578  691    0  637  666  620  788  649 
 728  589  640  692  637    0  721  825  716  818 
 750  701  672  577  666  721    0  713  768  839 
 567  862  589  690  620  825  713    0  892  871 
 601  770  783  611  788  716  768  892    0  764 
 571  654  612  865  649  818  839  871  764    0 

   0  925  779 1065  909  641  608  868 1076  785 
 925    0  601 1155 1180  608  999  929  609  880 
 779  601    0  879  949  727  706 1005  926  913 
1065 1155  879    0  658  801  896  971  675 1012 
 909 1180  949  658    0  824  715  618 1043  751 
 641  608  727  801  824    0  962 1047  955  971 
 608  999  706  896  715  962    0 1033 1193  908 
 868  929 1005  971  618 1047 1033    0  629  732 
1076  609  926  675 1043  955 1193  629    0  910 
 785  880  913 1012  751  971  908  732  910    0 

0 372 1049
1 359 854
2 398 824
3 281 826
4 481 887
5 430 807
6 413 1073
7 489 724
8 460 1025
9 670 1075

0 2 94 2485 1756 
0 2 7344 9050 1756 
0 8 437 4192 2404 
0 6 2200 3944 1500 
0 5 4625 6958 1456 
0 3 3944 7565 2576 
0 7 3451 5438 1701 
0 7 8036 9850 1134 
1 2 447 2418 2788 
1 8 343 2395 2310 
1 7 7948 10233 1724 
1 3 6023 8922 3668 
1 5 6725 8457 1767 
1 9 5301 8196 1308 
1 5 5993 8315 2356 
1 8 612 2810 2310 
1 5 1641 3051 1178 
1 0 3031 4908 3616 
1 4 4512 8559 2340 
1 2 7995 9653 1394 
1 9 3188 5880 2616 
1 4 2040 6358 1755 
1 9 7183 9101 1962 
1 7 247 2523 3448 
1 2 3889 6196 2091 
1 3 7393 11574 1834 
1 2 7884 9164 2788 
2 0 7565 9691 2634 
2 3 5169 6997 1834 
2 9 6078 7931 2448 
2 4 898 4086 1156 
2 9 4437 7614 2448 
2 9 6089 8928 1836 
2 5 3289 5855 1280 
2 9 6667 9415 1836 
2 6 4485 6567 1344 
2 8 995 3689 2349 
2 6 5079 7606 2688 
2 8 5161 7901 2349 
2 6 1903 4458 2016 
3 6 4339 7224 1731 
3 6 2235 5344 2308 
3 6 3716 6296 2308 
3 0 4661 7483 1288 
3 7 6869 9141 2760 
3 8 3853 6472 2444 
3 2 6333 8310 3668 
3 8 663 3079 1833 
3 8 4629 6269 1833 
3 4 2000 4513 1382 
3 4 5874 7255 2764 
3 8 3457 6035 1833 
3 6 4806 8004 1731 
3 9 3625 6043 2595 
3 4 4755 6498 2073 
3 9 6529 9150 2595 
3 5 1138 4021 2076 
3 8 3857 6536 1222 
3 5 7740 9966 2076 
3 1 6924 10227 1834 
3 4 939 2557 1382 
3 7 7872 10047 2070 
3 2 1591 3665 2751 
3 7 3366 5958 1380 
4 6 7350 10016 2664 
4 2 3867 7074 1734 
4 3 2241 4649 1382 
4 2 1092 3065 2312 
4 6 1809 4032 2664 
4 6 2360 4061 1998 
4 0 3346 6545 3428 
4 8 70 4033 1576 
4 7 7095 8405 2480 
4 7 1372 3460 2480 
5 4 6771 9869 1911 
5 2 7221 9670 1280 
5 0 68 2606 2912 
5 8 7446 9852 1432 
5 0 2892 5141 2184 
5 3 327 2321 2768 
5 1 1950 3482 1178 
5 6 4189 6988 2884 
5 8 4168 7854 2864 
5 7 6135 9600 2475 
5 2 3557 6101 1280 
5 4 7927 9929 1911 
5 7 419 4167 2475 
5 3 4835 7950 2768 
5 4 1810 4092 1911 
5 7 3749 7497 3300 
5 0 7352 9371 2184 
5 4 8187 11474 1274 
5 7 4984 8784 1650 
5 6 1056 3797 1442 
6 7 4055 7350 1426 
6 1 7543 11399 2804 
6 0 1962 3257 3000 
6 3 1331 4735 1154 
6 4 3481 4953 2664 
6 2 5214 7035 2016 
6 8 735 4683 1536 
6 0 1830 4012 1500 
6 3 6313 8257 1154 
6 4 7904 9548 2664 
7 3 3827 6652 2070 
7 0 2284 4540 2268 
7 3 7881 10580 2070 
7 0 4410 7048 1701 
7 1 1972 3997 1724 
7 0 81 1981 1701 
7 0 6134 8946 1134 
7 0 1510 3489 1134 
7 2 3660 6202 1178 
7 2 661 3133 2356 
7 4 3323 4670 1860 
7 3 4973 7691 1380 
7 8 4050 6389 1784 
7 9 829 2680 1742 
7 4 6309 8230 1860 
8 3 3963 6305 2444 
8 9 6695 9315 3056 
8 0 190 3450 1803 
8 5 685 2642 2864 
8 5 5005 6953 2864 
8 2 7598 11237 2349 
8 6 5184 9371 2304 
8 5 4699 8471 2864 
8 5 3828 5757 2864 
8 7 7642 9812 2676 
8 6 6720 10513 1536 
8 6 7643 10577 1536 
8 5 6486 10067 2148 
8 1 3087 4548 3080 
9 2 2024 5666 1224 
9 8 650 2761 2292 
9 6 7558 9664 1678 
9 8 7664 10785 1528 
9 4 6073 7875 1947 
9 4 382 2454 1947 
9 0 1036 3383 2284 
9 2 8201 10510 1836 
9 7 6092 8258 1742 
9 2 6292 9734 1224 
9 1 4043 5961 1962 
9 3 3050 5225 1730 
9 7 185 2073 1742 
9 4 8123 10338 2596 

0 1 0 0
0 1 1 0
0 1 2 0
0 1 3 0
0 1 4 0
0 2 0 0
0 2 1 0
0 2 2 0
0 2 3 0
0 2 4 0
0 3 0 0
0 3 1 0
0 3 2 0
0 3 3 0
0 3 4 0
0 4 0 4189
0 4 1 4189
0 4 2 4189
0 4 3 0
0 4 4 0
0 5 0 0
0 5 1 0
0 5 2 0
0 5 3 0
0 5 4 0
0 6 0 4270
0 6 1 4270
0 6 2 4270
0 6 3 0
0 6 4 0
0 7 0 0
0 7 1 0
0 7 2 0
0 7 3 0
0 7 4 0
0 8 0 4034
0 8 1 4034
0 8 2 0
0 8 3 0
0 8 4 0
0 9 0 4701
0 9 1 4701
0 9 2 4701
0 9 3 0
0 9 4 0
1 0 0 0
1 0 1 0
1 0 2 0
1 0 3 0
1 0 4 0
1 2 0 0
1 2 1 0
1 2 2 0
1 2 3 0
1 2 4 0
1 3 0 3263
1 3 1 3263
1 3 2 0
1 3 3 0
1 3 4 0
1 4 0 0
1 4 1 0
1 4 2 0
1 4 3 0
1 4 4 0
1 5 0 0
1 5 1 0
1 5 2 0
1 5 3 0
1 5 4 0
1 6 0 4091
1 6 1 4091
1 6 2 4091
1 6 3 0
1 6 4 0
1 7 0 4829
1 7 1 4829
1 7 2 4829
1 7 3 0
1 7 4 0
1 8 0 4603
1 8 1 4603
1 8 2 4603
1 8 3 0
1 8 4 0
1 9 0 4537
1 9 1 4537
1 9 2 0
1 9 3 0
1 9 4 0
2 0 0 0
2 0 1 0
2 0 2 0
2 0 3 0
2 0 4 0
2 1 0 0
2 1 1 0
2 1 2 0
2 1 3 0
2 1 4 0
2 3 0 0
2 3 1 0
2 3 2 0
2 3 3 0
2 3 4 0
2 4 0 0
2 4 1 0
2 4 2 0
2 4 3 0
2 4 4 0
2 5 0 0
2 5 1 0
2 5 2 0
2 5 3 0
2 5 4 0
2 6 0 0
2 6 1 0
2 6 2 0
2 6 3 0
2 6 4 0
2 7 0 0
2 7 1 0
2 7 2 0
2 7 3 0
2 7 4 0
2 8 0 0
2 8 1 0
2 8 2 0
2 8 3 0
2 8 4 0
2 9 0 0
2 9 1 0
2 9 2 0
2 9 3 0
2 9 4 0
3 0 0 0
3 0 1 0
3 0 2 0
3 0 3 0
3 0 4 0
3 1 0 3263
3 1 1 3263
3 1 2 0
3 1 3 0
3 1 4 0
3 2 0 0
3 2 1 0
3 2 2 0
3 2 3 0
3 2 4 0
3 4 0 0
3 4 1 0
3 4 2 0
3 4 3 0
3 4 4 0
3 5 0 0
3 5 1 0
3 5 2 0
3 5 3 0
3 5 4 0
3 6 0 0
3 6 1 0
3 6 2 0
3 6 3 0
3 6 4 0
3 7 0 0
3 7 1 0
3 7 2 0
3 7 3 0
3 7 4 0
3 8 0 0
3 8 1 0
3 8 2 0
3 8 3 0
3 8 4 0
3 9 0 0
3 9 1 0
3 9 2 0
3 9 3 0
3 9 4 0
4 0 0 4189
4 0 1 4189
4 0 2 4189
4 0 3 0
4 0 4 0
4 1 0 0
4 1 1 0
4 1 2 0
4 1 3 0
4 1 4 0
4 2 0 0
4 2 1 0
4 2 2 0
4 2 3 0
4 2 4 0
4 3 0 0
4 3 1 0
4 3 2 0
4 3 3 0
4 3 4 0
4 5 0 4261
4 5 1 4261
4 5 2 0
4 5 3 0
4 5 4 0
4 6 0 0
4 6 1 0
4 6 2 0
4 6 3 0
4 6 4 0
4 7 0 0
4 7 1 0
4 7 2 0
4 7 3 0
4 7 4 0
4 8 0 0
4 8 1 0
4 8 2 0
4 8 3 0
4 8 4 0
4 9 0 0
4 9 1 0
4 9 2 0
4 9 3 0
4 9 4 0
5 0 0 0
5 0 1 0
5 0 2 0
5 0 3 0
5 0 4 0
5 1 0 0
5 1 1 0
5 1 2 0
5 1 3 0
5 1 4 0
5 2 0 0
5 2 1 0
5 2 2 0
5 2 3 0
5 2 4 0
5 3 0 0
5 3 1 0
5 3 2 0
5 3 3 0
5 3 4 0
5 4 0 4261
5 4 1 4261
5 4 2 0
5 4 3 0
5 4 4 0
5 6 0 0
5 6 1 0
5 6 2 0
5 6 3 0
5 6 4 0
5 7 0 4039
5 7 1 4039
5 7 2 0
5 7 3 0
5 7 4 0
5 8 0 0
5 8 1 0
5 8 2 0
5 8 3 0
5 8 4 0
5 9 0 0
5 9 1 0
5 9 2 0
5 9 3 0
5 9 4 0
6 0 0 4270
6 0 1 4270
6 0 2 4270
6 0 3 0
6 0 4 0
6 1 0 4091
6 1 1 4091
6 1 2 4091
6 1 3 0
6 1 4 0
6 2 0 0
6 2 1 0
6 2 2 0
6 2 3 0
6 2 4 0
6 3 0 0
6 3 1 0
6 3 2 0
6 3 3 0
6 3 4 0
6 4 0 0
6 4 1 0
6 4 2 0
6 4 3 0
6 4 4 0
6 5 0 0
6 5 1 0
6 5 2 0
6 5 3 0
6 5 4 0
6 7 0 0
6 7 1 0
6 7 2 0
6 7 3 0
6 7 4 0
6 8 0 0
6 8 1 0
6 8 2 0
6 8 3 0
6 8 4 0
6 9 0 0
6 9 1 0
6 9 2 0
6 9 3 0
6 9 4 0
7 0 0 0
7 0 1 0
7 0 2 0
7 0 3 0
7 0 4 0
7 1 0 4829
7 1 1 4829
7 1 2 4829
7 1 3 0
7 1 4 0
7 2 0 0
7 2 1 0
7 2 2 0
7 2 3 0
7 2 4 0
7 3 0 0
7 3 1 0
7 3 2 0
7 3 3 0
7 3 4 0
7 4 0 0
7 4 1 0
7 4 2 0
7 4 3 0
7 4 4 0
7 5 0 4039
7 5 1 4039
7 5 2 0
7 5 3 0
7 5 4 0
7 6 0 0
7 6 1 0
7 6 2 0
7 6 3 0
7 6 4 0
7 8 0 0
7 8 1 0
7 8 2 0
7 8 3 0
7 8 4 0
7 9 0 0
7 9 1 0
7 9 2 0
7 9 3 0
7 9 4 0
8 0 0 4034
8 0 1 4034
8 0 2 0
8 0 3 0
8 0 4 0
8 1 0 4603
8 1 1 4603
8 1 2 4603
8 1 3 0
8 1 4 0
8 2 0 0
8 2 1 0
8 2 2 0
8 2 3 0
8 2 4 0
8 3 0 0
8 3 1 0
8 3 2 0
8 3 3 0
8 3 4 0
8 4 0 0
8 4 1 0
8 4 2 0
8 4 3 0
8 4 4 0
8 5 0 0
8 5 1 0
8 5 2 0
8 5 3 0
8 5 4 0
8 6 0 0
8 6 1 0
8 6 2 0
8 6 3 0
8 6 4 0
8 7 0 0
8 7 1 0
8 7 2 0
8 7 3 0
8 7 4 0
8 9 0 0
8 9 1 0
8 9 2 0
8 9 3 0
8 9 4 0
9 0 0 4701
9 0 1 4701
9 0 2 4701
9 0 3 0
9 0 4 0
9 1 0 4537
9 1 1 4537
9 1 2 0
9 1 3 0
9 1 4 0
9 2 0 0
9 2 1 0
9 2 2 0
9 2 3 0
9 2 4 0
9 3 0 0
9 3 1 0
9 3 2 0
9 3 3 0
9 3 4 0
9 4 0 0
9 4 1 0
9 4 2 0
9 4 3 0
9 4 4 0
9 5 0 0
9 5 1 0
9 5 2 0
9 5 3 0
9 5 4 0
9 6 0 0
9 6 1 0
9 6 2 0
9 6 3 0
9 6 4 0
9 7 0 0
9 7 1 0
9 7 2 0
9 7 3 0
9 7 4 0
9 8 0 0
9 8 1 0
9 8 2 0
9 8 3 0
9 8 4 0

