150 4 24 2350

   0  873  562  631  750  691  837  865  706  826  572  791  584  635  706  585  818  835  921  875  896  712  594  730  861  804  748  840  564  643  847  699  863  717  794  596  924  777  869  595  588  595  894  904  869  643  858  736  733  839  871  714  690  596  697  755  651  727  769  862  647  690  905  907  662  910  812  890  577  820  865  659  783  627  917  872  783  608  732  905  852  836  719  818  714  812  719  780  896  861  726  827  757  921  611  626  744  654  778  831  668  627  737  813  566  855  853  595  803  841  716  621  601  562  794  628  817  566  754  700  716  658  762  629  864  602  663  812  672  799  614  824  778  690  914  565  897  820  727  691  758  712  825  689  885  779  818  677  832  847 
 873    0  573  792  920  798  836  671  657  570  762  912  698  652  681  689  885  659  825  647  859  773  585  775  829  642  808  617  624  912  588  648  836  862  730  562  750  579  664  824  701  774  601  755  874  912  733  863  900  611  628  754  906  628  810  814  598  581  671  819  790  835  654  891  885  817  569  629  875  633  820  735  910  851  709  922  788  732  599  668  872  671  687  859  605  689  914  660  838  794  626  624  897  815  802  805  862  607  895  581  867  625  645  617  711  806  769  642  822  760  651  677  832  867  730  634  848  874  900  834  573  711  616  788  782  572  788  874  791  805  622  755  729  775  757  567  613  749  618  838  684  625  917  714  897  699  744  765  801  705 
 562  573    0  744  695  696  706  842  880  916  849  754  684  831  786  809  713  628  591  853  880  844  793  665  822  827  821  870  854  853  772  709  745  844  782  860  846  561  892  715  742  732  686  917  802  918  707  569  770  792  768  912  791  778  845  630  865  922  823  789  849  888  908  916  761  738  895  741  726  870  860  792  654  774  568  887  579  703  628  636  833  723  873  830  677  658  651  704  728  651  604  923  646  853  611  812  651  671  704  790  812  887  623  840  803  857  849  607  875  608  710  901  667  874  868  577  694  765  594  599  922  909  586  808  706  587  756  784  896  629  734  650  728  648  824  832  709  595  654  885  913  829  751  829  893  712  636  722  619  679 
 631  792  744    0  844  755  921  606  851  789  902  746  798  635  733  816  858  870  666  589  796  786  749  870  655  919  639  807  709  720  886  812  617  752  690  591  683  717  846  708  669  863  728  657  619  847  831  657  926  820  753  865  819  664  892  579  662  825  616  804  752  660  875  709  907  596  610  621  602  864  728  717  703  736  768  575  884  793  769  793  707  622  896  882  701  895  808  671  616  789  767  594  682  675  580  575  794  887  644  820  568  837  819  828  803  710  703  631  689  579  617  666  839  840  778  653  883  593  759  848  907  654  846  823  619  686  889  642  588  704  683  907  706  899  604  666  639  742  728  833  915  671  718  880  573  592  808  910  809  753 
 750  920  695  844    0  864  816  589  910  805  599  840  708  660  575  680  879  707  893  568  890  784  861  641  601  709  647  766  742  752  579  916  693  908  636  766  584  785  764  840  919  586  741  577  599  653  571  600  588  846  725  754  646  611  844  797  707  870  568  705  726  829  592  703  670  783  787  779  704  828  574  718  744  693  741  688  838  909  887  793  757  795  747  662  625  712  686  649  923  900  866  884  916  816  763  788  701  699  574  874  731  738  660  775  572  835  755  616  799  645  583  685  656  766  866  843  862  680  830  923  872  578  901  773  711  906  783  689  564  600  759  766  802  796  658  597  825  867  865  593  901  771  614  570  574  799  920  908  915  650 
 691  798  696  755  864    0  838  848  671  619  588  842  866  836  721  635  741  625  673  694  736  619  788  739  686  682  613  855  612  584  632  664  819  819  676  888  705  664  909  891  876  727  774  669  612  620  862  619  844  641  572  638  764  678  651  790  878  742  731  743  812  605  561  633  830  739  617  762  828  675  882  864  702  598  658  832  696  706  611  926  874  870  694  893  799  564  851  838  786  656  618  759  804  842  647  801  749  566  788  880  671  598  607  815  592  805  575  704  914  613  845  819  904  579  576  656  907  831  690  578  810  861  865  562  723  640  672  787  583  872  639  910  715  835  620  560  694  599  896  864  746  609  670  899  873  806  788  855  885  680 
 837  836  706  921  816  838    0  735  731  741  576  730  710  700  613  845  866  830  592  914  733  808  806  839  833  654  795  820  794  609  924  719  904  687  900  781  741  841  799  621  681  814  689  661  604  705  712  652  921  858  642  923  597  741  734  560  560  716  621  576  762  914  702  690  654  903  880  666  827  564  892  773  732  706  868  828  907  596  638  789  915  631  721  849  806  615  748  659  688  674  815  794  725  810  728  761  572  789  806  696  629  884  678  789  746  851  613  908  607  804  684  705  682  817  883  752  615  682  681  765  620  814  740  568  797  804  645  645  741  736  675  688  611  796  573  693  661  758  828  717  737  655  896  695  714  637  595  673  908  718 
 865  671  842  606  589  848  735    0  852  616  887  658  744  648  676  875  586  852  802  578  627  909  712  857  850  570  760  591  728  737  601  569  915  642  639  750  673  848  787  652  858  905  736  744  849  563  795  628  856  693  685  800  898  878  665  785  696  617  568  844  776  749  922  700  869  597  898  681  823  914  613  564  577  602  912  741  804  662  801  660  723  641  818  861  717  826  884  867  833  780  738  622  791  726  640  673  743  668  651  816  635  598  698  687  579  625  770  601  711  803  658  778  627  705  770  606  872  863  686  758  687  747  639  883  636  622  691  633  642  607  657  777  734  760  882  621  614  798  901  561  873  724  805  782  863  744  710  899  881  926 
 706  657  880  851  910  671  731  852    0  804  839  905  689  771  615  897  689  858  666  633  855  656  782  790  725  694  798  811  747  612  772  900  718  790  835  849  838  628  581  726  615  661  756  628  836  821  611  572  585  663  644  693  655  624  704  674  792  921  912  894  626  862  726  807  748  582  729  650  809  802  662  846  827  837  882  794  747  663  897  592  733  731  855  710  778  776  700  662  774  833  758  605  915  647  776  811  706  779  825  710  595  596  864  620  864  601  903  575  615  564  892  771  806  695  636  636  694  725  739  810  672  697  858  746  737  880  875  747  623  570  750  859  717  711  826  572  642  746  920  884  696  716  771  916  828  761  789  808  773  583 
 826  570  916  789  805  619  741  616  804    0  601  899  785  571  734  667  694  714  736  914  773  766  592  628  711  619  782  897  896  649  872  766  677  656  624  661  906  776  693  791  918  595  819  807  715  621  847  624  816  752  881  653  628  661  806  663  851  657  678  888  878  687  694  692  882  630  563  786  818  897  617  792  623  827  641  659  828  856  710  573  725  833  645  710  585  916  738  734  741  825  685  561  814  818  891  575  752  650  565  798  740  869  822  561  650  633  591  676  847  921  878  590  782  826  749  770  810  563  674  835  726  573  633  759  653  791  758  602  574  706  835  666  884  906  675  862  822  817  849  697  840  671  592  609  677  629  624  824  775  686 
 572  762  849  902  599  588  576  887  839  601    0  634  609  792  898  790  637  849  882  896  870  699  758  923  609  712  596  742  740  606  895  568  920  650  908  868  838  788  848  615  744  926  900  788  812  619  835  817  646  842  584  696  602  695  643  656  835  661  893  746  776  787  675  651  901  887  914  886  874  613  596  824  863  905  717  779  749  628  598  712  757  893  855  748  711  875  902  779  649  836  812  616  834  585  885  923  710  887  811  815  800  755  692  852  664  757  908  819  632  622  903  702  876  562  563  853  710  618  743  587  865  696  574  746  738  854  812  703  717  646  566  765  816  570  622  739  825  718  569  647  579  880  709  775  846  809  879  857  913  881 
 791  912  754  746  840  842  730  658  905  899  634    0  661  813  608  573  876  844  694  777  661  594  812  774  568  740  564  732  629  704  909  691  581  834  570  905  735  623  915  792  622  812  810  847  811  692  670  728  684  876  609  859  667  641  611  656  840  842  850  560  675  883  680  771  777  843  648  839  626  697  642  595  705  608  797  810  693  579  885  617  908  856  772  561  724  699  870  603  619  799  821  743  640  805  834  772  729  713  665  620  578  680  620  913  892  760  918  704  675  800  921  571  833  791  855  718  598  648  656  854  666  915  580  670  906  857  585  807  746  738  747  718  921  855  592  849  737  780  813  786  578  651  697  798  636  738  705  808  763  912 
 584  698  684  798  708  866  710  744  689  785  609  661    0  915  585  799  752  873  839  730  662  921  653  665  681  826  617  598  843  659  801  793  911  658  691  771  816  694  594  759  903  707  897  779  623  586  575  889  603  682  652  812  809  721  857  694  828  900  700  571  811  908  834  725  864  647  904  762  845  809  864  651  757  580  793  652  774  589  854  705  754  678  832  882  648  581  849  778  881  618  781  677  844  629  834  562  611  779  656  769  727  766  872  702  918  894  735  887  593  682  594  700  806  604  697  648  600  771  615  866  591  899  629  883  574  673  675  812  694  750  657  774  738  806  751  575  581  717  654  812  695  661  888  646  565  690  617  735  636  766 
 635  652  831  635  660  836  700  648  771  571  792  813  915    0  647  645  645  790  757  665  914  884  733  722  914  904  576  737  701  841  620  768  880  753  909  676  613  731  612  683  564  656  608  749  642  813  687  852  629  665  795  623  701  832  737  643  704  915  613  589  619  615  576  633  793  886  871  646  689  771  717  692  810  709  847  794  631  834  563  654  590  647  588  862  734  862  767  562  801  577  560  608  672  595  805  567  811  907  862  923  814  859  671  659  622  914  892  794  637  582  609  686  575  615  830  626  573  626  884  624  729  645  790  731  695  764  900  709  795  674  637  682  692  587  919  678  781  824  731  805  769  690  616  748  833  724  862  650  693  918 
 706  681  786  733  575  721  613  676  615  734  898  608  585  647    0  659  922  588  785  691  713  598  570  643  676  913  692  693  806  885  849  734  844  858  691  619  857  631  836  779  639  665  882  606  706  748  634  745  609  732  574  654  912  781  812  689  872  753  901  748  581  719  744  789  571  629  834  662  748  689  791  852  739  627  590  730  746  732  753  784  725  621  757  607  827  883  705  576  863  735  575  581  841  853  619  582  796  705  588  924  721  746  577  626  642  743  782  648  598  868  672  920  636  914  678  799  819  562  711  924  638  856  838  817  611  812  649  749  782  589  827  794  892  736  886  922  886  562  729  834  585  717  826  653  600  588  797  651  807  650 
 585  689  809  816  680  635  845  875  897  667  790  573  799  645  659    0  913  605  605  688  679  728  572  615  897  649  837  776  758  771  616  713  773  759  754  677  606  824  640  756  691  565  823  870  750  587  635  848  755  569  861  796  570  904  801  880  676  881  805  709  603  679  746  810  751  714  632  888  603  690  673  748  732  748  570  571  764  777  694  668  767  649  770  689  579  842  881  829  760  873  579  610  910  562  799  916  794  870  645  834  613  665  673  632  823  646  734  907  662  875  780  851  737  922  640  712  681  834  578  702  860  715  842  750  618  630  895  785  816  771  761  831  593  679  813  897  774  578  636  783  649  753  658  636  913  710  677  573  659  602 
 818  885  713  858  879  741  866  586  689  694  637  876  752  645  922  913    0  579  919  676  586  812  818  619  677  659  875  768  833  847  717  621  669  562  582  858  687  698  883  680  657  599  753  847  630  566  923  678  561  707  818  630  594  807  604  827  669  741  667  751  720  823  745  632  685  883  794  705  731  717  573  623  791  897  748  713  601  723  728  600  711  654  913  821  671  888  835  696  576  664  713  798  811  924  901  786  732  619  615  773  764  648  737  780  632  617  868  880  625  785  625  620  748  719  638  704  678  693  662  901  586  660  591  882  840  759  905  733  826  841  879  827  612  656  730  888  871  741  596  658  690  647  726  787  638  912  603  720  723  758 
 835  659  628  870  707  625  830  852  858  714  849  844  873  790  588  605  579    0  802  612  897  833  684  752  575  778  680  767  725  710  659  778  662  699  693  860  687  652  747  760  762  631  821  644  878  906  808  774  892  675  710  797  561  895  772  723  812  593  880  830  775  777  885  735  703  633  864  883  839  861  690  842  791  636  746  689  561  767  857  656  784  614  832  758  578  899  650  889  653  708  840  721  910  781  724  848  718  629  796  583  890  913  600  808  606  722  598  809  881  905  740  823  923  851  614  706  855  822  874  651  652  739  576  727  756  648  677  785  881  649  560  596  568  693  780  918  749  847  571  903  684  865  889  727  661  773  701  761  782  880 
 921  825  591  666  893  673  592  802  666  736  882  694  839  757  785  605  919  802    0  864  814  712  775  569  570  580  697  740  671  718  711  904  894  867  693  609  582  748  655  856  886  606  641  866  909  852  661  895  587  809  686  903  756  616  643  560  671  915  805  564  780  631  833  895  884  640  907  641  719  901  734  746  897  818  726  832  641  918  587  575  646  656  667  715  630  862  645  915  837  575  665  608  693  738  564  588  723  844  570  718  612  806  680  788  723  716  853  705  911  840  676  843  842  788  598  732  787  619  823  737  729  793  734  672  815  565  607  562  897  560  728  599  788  724  665  843  795  801  890  740  864  735  847  700  880  890  699  720  834  926 
 875  647  853  589  568  694  914  578  633  914  896  777  730  665  691  688  676  612  864    0  853  907  604  817  657  627  915  563  567  704  701  813  831  849  717  845  655  925  772  694  626  795  626  704  599  716  851  763  591  838  730  915  726  676  678  745  630  734  851  692  574  901  914  909  565  587  906  661  879  884  800  600  771  852  840  675  798  615  910  894  656  844  688  909  594  915  605  784  878  908  893  897  654  665  806  737  692  842  799  590  675  724  883  837  593  653  666  606  894  904  651  732  883  623  595  580  766  653  686  890  712  562  615  629  627  867  661  564  850  565  776  819  852  704  775  734  753  749  826  912  865  565  678  730  767  764  900  842  873  753 
 896  859  880  796  890  736  733  627  855  773  870  661  662  914  713  679  586  897  814  853    0  762  764  567  807  734  897  784  592  567  609  809  879  835  628  596  819  667  731  890  713  565  626  637  565  669  877  615  722  734  601  598  864  899  797  702  886  907  751  686  910  890  736  785  832  704  644  824  586  922  700  775  826  844  650  766  822  733  646  763  813  629  734  886  580  654  758  665  906  621  796  785  790  592  761  761  907  725  895  776  668  604  569  576  860  726  820  657  824  628  618  895  851  896  632  900  851  752  794  820  573  718  674  855  875  646  772  801  718  603  871  639  574  631  805  696  718  783  900  820  793  913  598  562  878  579  771  695  736  779 
 712  773  844  786  784  619  808  909  656  766  699  594  921  884  598  728  812  833  712  907  762    0  899  669  822  767  589  618  595  674  815  734  740  763  774  601  802  779  673  677  898  789  743  765  576  590  870  865  805  700  717  854  809  913  921  789  824  747  880  793  582  889  678  835  786  885  580  798  585  839  757  821  873  926  655  849  855  665  730  627  873  750  699  806  592  561  820  893  877  780  875  581  730  788  633  675  796  900  826  897  780  567  865  568  606  789  819  796  840  851  688  638  825  628  875  875  858  662  563  565  875  822  878  655  874  666  799  585  574  780  717  777  821  675  602  695  924  797  666  701  678  560  842  823  632  641  916  808  751  915 
 594  585  793  749  861  788  806  712  782  592  758  812  653  733  570  572  818  684  775  604  764  899    0  915  835  686  869  811  793  740  834  677  611  785  800  908  790  768  789  735  698  891  627  604  714  775  898  829  717  655  665  628  880  617  771  705  869  563  802  679  676  573  569  613  721  803  804  780  921  569  865  571  834  797  888  659  671  638  885  605  566  802  722  851  580  585  637  818  702  834  592  630  768  877  683  807  753  654  782  848  635  588  926  840  810  902  916  678  828  769  661  871  849  796  560  623  918  833  781  888  922  853  622  633  750  628  640  834  678  908  661  718  864  607  852  710  887  753  774  912  606  877  639  919  820  642  651  641  705  696 
 730  775  665  870  641  739  839  857  790  628  923  774  665  722  643  615  619  752  569  817  567  669  915    0  748  661  570  570  683  798  673  687  600  752  916  584  878  606  919  876  853  874  828  705  719  701  736  821  674  838  805  627  561  643  904  603  626  628  814  744  611  852  641  859  633  836  655  820  865  607  583  642  891  724  635  716  686  628  590  669  842  617  845  641  634  817  591  822  567  708  909  688  698  605  863  893  719  740  788  626  672  903  741  722  786  816  914  921  910  730  745  848  921  885  800  910  888  707  783  778  843  778  766  678  757  587  766  900  906  597  822  867  754  921  655  824  583  820  619  846  671  715  681  786  702  810  767  686  907  886 
 861  829  822  655  601  686  833  850  725  711  609  568  681  914  676  897  677  575  570  657  807  822  835  748    0  875  833  590  723  588  593  639  624  615  830  782  761  658  857  562  701  586  655  811  571  834  723  656  846  560  743  728  722  712  656  687  861  577  611  686  750  866  648  866  842  731  783  739  594  643  614  633  739  848  859  759  701  726  698  856  636  597  608  925  592  841  638  629  906  911  727  871  708  810  713  690  770  701  803  817  780  734  856  605  827  812  606  671  748  751  783  832  840  644  632  867  608  809  838  808  860  699  849  743  662  601  730  925  866  692  720  754  909  654  859  888  796  901  634  652  678  762  642  658  566  762  905  720  706  563 
 804  642  827  919  709  682  654  570  694  619  712  740  826  904  913  649  659  778  580  627  734  767  686  661  875    0  646  871  753  601  585  596  688  656  664  800  884  766  672  565  788  835  806  623  769  910  736  713  883  694  748  711  638  806  671  823  829  705  730  870  752  596  589  635  659  792  919  634  773  675  688  702  812  792  801  880  801  896  852  622  823  613  599  570  914  788  587  740  614  661  834  899  588  821  669  762  771  855  663  577  725  692  636  790  646  856  652  777  721  867  607  892  591  562  764  590  818  776  621  787  807  775  832  726  920  787  577  792  755  770  920  820  809  782  639  731  648  650  767  889  704  571  562  637  606  821  730  902  645  628 
 748  808  821  639  647  613  795  760  798  782  596  564  617  576  692  837  875  680  697  915  897  589  869  570  833  646    0  790  822  693  789  826  579  812  688  584  816  878  751  692  600  919  857  764  864  921  666  682  626  907  910  646  820  665  753  899  842  780  731  634  561  616  894  784  885  886  717  800  626  834  780  835  712  825  568  758  701  737  740  794  592  842  795  781  688  572  903  590  783  904  577  895  676  771  678  745  748  696  812  699  655  748  813  707  581  805  775  889  923  896  895  735  856  788  765  885  870  824  587  668  874  631  766  840  599  623  807  563  730  827  907  852  673  647  675  894  612  856  661  631  758  845  919  736  898  587  678  610  850  926 
 840  617  870  807  766  855  820  591  811  897  742  732  598  737  693  776  768  767  740  563  784  618  811  570  590  871  790    0  773  916  732  657  744  571  612  857  715  741  802  902  784  620  829  881  748  691  731  800  616  871  864  878  889  628  660  586  919  911  865  866  673  717  588  873  587  658  596  904  757  806  821  630  801  878  605  601  755  673  639  860  560  863  919  560  597  631  646  854  826  802  851  744  840  790  770  837  794  562  811  780  633  779  738  701  638  819  864  699  660  861  606  611  627  752  560  882  595  673  670  865  733  863  916  773  805  614  753  616  606  583  746  878  647  650  699  682  814  837  698  920  767  666  730  714  895  882  910  748  836  806 
 564  624  854  709  742  612  794  728  747  896  740  629  843  701  806  758  833  725  671  567  592  595  793  683  723  753  822  773    0  744  649  715  567  817  859  755  740  682  727  733  643  743  812  922  641  895  858  645  693  683  808  886  570  836  864  925  863  747  744  774  685  604  744  692  799  742  709  644  847  641  623  577  769  847  571  561  731  715  764  863  613  623  649  905  815  845  688  851  664  906  628  837  826  869  781  585  918  582  716  664  898  857  892  591  823  695  728  634  712  799  805  735  820  704  737  899  770  611  688  814  827  824  690  798  716  886  788  892  909  715  760  615  879  760  844  652  716  884  766  770  764  724  687  630  796  917  797  812  879  712 
 643  912  853  720  752  584  609  737  612  649  606  704  659  841  885  771  847  710  718  704  567  674  740  798  588  601  693  916  744    0  873  795  789  634  913  667  860  830  727  909  697  744  622  848  689  817  666  585  667  872  592  837  827  894  781  603  701  691  721  670  710  875  710  778  819  692  712  798  737  811  852  719  728  658  776  590  830  907  837  586  734  657  648  783  914  866  810  765  637  728  618  893  801  659  646  855  815  582  872  732  632  564  825  563  656  772  914  615  771  845  825  798  760  616  702  792  795  602  584  912  598  696  920  774  712  608  899  594  670  692  668  879  904  805  763  632  813  683  897  730  741  592  918  791  794  724  635  710  685  735 
 847  588  772  886  579  632  924  601  772  872  895  909  801  620  849  616  717  659  711  701  609  815  834  673  593  585  789  732  649  873    0  680  844  728  750  599  790  707  885  883  560  850  793  588  626  571  615  920  648  896  788  800  717  568  570  808  922  773  603  702  779  817  733  612  570  696  641  836  814  653  753  779  902  714  619  761  596  560  793  745  858  595  768  761  699  784  715  644  605  578  677  644  796  922  839  815  627  845  866  778  697  908  617  596  668  715  653  800  756  612  921  720  880  805  630  823  566  580  902  815  672  715  648  891  637  806  813  766  608  783  787  732  630  594  920  583  587  781  711  746  736  858  728  888  913  840  764  772  656  844 
 699  648  709  812  916  664  719  569  900  766  568  691  793  768  734  713  621  778  904  813  809  734  677  687  639  596  826  657  715  795  680    0  680  804  858  582  813  570  680  661  771  866  792  583  878  909  834  900  681  869  812  727  886  594  822  923  767  698  893  588  893  717  705  861  737  756  737  622  589  599  753  755  710  711  616  678  583  741  823  780  690  673  920  837  604  612  750  667  639  890  760  768  651  777  633  620  862  851  887  697  827  856  710  745  671  616  782  661  720  769  924  888  780  716  910  863  774  708  653  756  720  668  664  630  575  659  757  706  725  569  833  872  607  806  752  786  893  926  733  904  920  862  864  799  877  809  679  713  904  798 
 863  836  745  617  693  819  904  915  718  677  920  581  911  880  844  773  669  662  894  831  879  740  611  600  624  688  579  744  567  789  844  680    0  585  880  847  738  756  885  643  706  634  730  561  839  632  841  703  659  789  839  657  713  647  832  878  845  923  737  637  642  806  708  570  753  787  856  850  737  665  875  742  591  792  640  754  582  652  871  750  579  866  786  757  760  758  807  829  758  831  738  697  725  717  847  671  560  897  837  753  862  757  672  827  882  844  613  887  692  793  749  816  896  897  684  818  574  881  715  813  651  818  913  583  868  681  814  761  577  897  840  677  875  874  658  655  848  694  691  847  577  643  629  882  846  878  878  772  796  622 
 717  862  844  752  908  819  687  642  790  656  650  834  658  753  858  759  562  699  867  849  835  763  785  752  615  656  812  571  817  634  728  804  585    0  753  885  794  825  606  753  916  704  705  877  754  796  852  833  883  754  739  841  656  902  780  667  832  577  602  679  620  674  785  799  688  848  900  905  832  564  756  815  904  901  924  865  786  840  880  638  664  925  709  752  639  744  651  788  726  656  654  793  780  756  687  911  857  856  610  590  631  923  698  732  643  758  878  896  847  674  741  595  761  605  568  770  561  732  776  748  607  578  763  564  851  730  622  583  631  677  903  721  641  880  733  823  865  758  596  793  860  655  906  568  809  795  889  922  770  722 
 794  730  782  690  636  676  900  639  835  624  908  570  691  909  691  754  582  693  693  717  628  774  800  916  830  664  688  612  859  913  750  858  880  753    0  916  598  756  723  746  922  889  651  599  593  580  658  853  730  743  754  657  609  767  916  677  653  595  848  816  619  585  926  664  568  576  600  641  692  648  579  888  819  643  706  594  760  629  782  579  904  722  729  709  648  890  722  775  640  777  880  879  851  893  589  720  868  816  908  910  797  579  847  628  743  869  794  605  893  838  561  719  860  789  761  674  701  655  561  589  726  565  663  631  569  684  686  720  740  763  642  653  613  564  704  870  617  912  581  704  737  623  870  649  757  589  723  887  672  569 
 596  562  860  591  766  888  781  750  849  661  868  905  771  676  619  677  858  860  609  845  596  601  908  584  782  800  584  857  755  667  599  582  847  885  916    0  608  811  790  646  873  836  692  676  652  746  690  851  714  661  775  865  695  623  801  757  916  723  813  587  703  577  664  770  784  601  876  907  570  658  779  879  642  759  869  886  607  925  872  578  808  590  806  621  735  730  674  711  732  828  841  843  833  602  924  730  926  766  568  671  625  916  760  813  649  631  896  684  723  909  878  710  788  590  686  791  742  821  676  722  565  579  847  804  675  662  745  819  794  680  561  679  850  741  919  899  866  912  607  679  704  814  577  710  709  624  650  636  795  729 
 924  750  846  683  584  705  741  673  838  906  838  735  816  613  857  606  687  687  582  655  819  802  790  878  761  884  816  715  740  860  790  813  738  794  598  608    0  790  693  665  708  741  756  849  688  710  660  586  656  822  681  589  648  567  652  561  669  876  678  674  756  902  573  910  831  918  818  918  653  807  905  574  661  733  917  878  712  579  831  894  607  622  832  654  778  809  853  653  616  678  627  810  683  806  617  663  901  808  561  562  889  792  647  755  743  867  592  599  762  650  918  764  681  636  583  865  745  828  876  885  910  704  713  610  700  727  644  626  807  625  752  701  734  878  635  702  596  599  695  744  596  662  833  792  730  849  838  622  732  818 
 777  579  561  717  785  664  841  848  628  776  788  623  694  731  631  824  698  652  748  925  667  779  768  606  658  766  878  741  682  830  707  570  756  825  756  811  790    0  836  659  839  641  845  676  590  699  725  910  597  922  686  737  736  635  753  617  674  630  761  629  811  890  861  709  786  812  647  587  868  565  701  822  919  790  654  876  918  715  627  816  810  721  636  649  863  857  683  837  664  653  671  570  787  786  564  695  796  747  615  897  699  713  708  728  899  920  902  660  830  681  753  773  855  658  700  786  763  619  904  886  744  877  655  831  586  865  767  746  729  865  594  907  760  763  631  701  760  576  712  582  723  832  728  660  737  833  642  714  919  691 
 869  664  892  846  764  909  799  787  581  693  848  915  594  612  836  640  883  747  655  772  731  673  789  919  857  672  751  802  727  727  885  680  885  606  723  790  693  836    0  851  842  593  920  717  628  786  766  890  732  890  631  840  863  746  602  566  675  610  603  653  725  833  892  656  753  588  863  787  887  654  806  809  809  590  861  580  649  808  614  885  598  820  862  696  855  870  809  774  666  734  734  596  858  658  809  757  672  876  615  707  613  913  662  808  711  770  768  788  847  698  760  869  584  708  581  696  923  813  619  897  765  757  584  921  753  894  916  731  644  833  627  742  770  642  810  728  761  716  801  660  760  600  780  863  589  819  740  672  901  780 
 595  824  715  708  840  891  621  652  726  791  615  792  759  683  779  756  680  760  856  694  890  677  735  876  562  565  692  902  733  909  883  661  643  753  746  646  665  659  851    0  589  584  573  798  705  623  656  769  876  656  870  654  692  795  771  880  873  827  832  819  903  863  659  760  897  842  853  755  809  651  829  758  925  803  867  683  792  567  709  811  735  565  844  767  903  645  871  879  905  581  722  758  580  679  819  682  772  582  598  668  721  900  860  574  747  800  829  887  900  658  740  604  763  760  823  832  873  685  906  568  873  840  569  863  851  738  728  708  864  862  644  621  922  571  724  887  867  772  875  702  914  782  843  773  826  611  884  639  780  657 
 588  701  742  669  919  876  681  858  615  918  744  622  903  564  639  691  657  762  886  626  713  898  698  853  701  788  600  784  643  697  560  771  706  916  922  873  708  839  842  589    0  765  656  916  784  594  592  573  917  769  806  917  792  688  598  900  629  836  674  644  665  767  697  760  912  692  839  804  645  655  574  683  812  865  642  871  754  781  685  846  812  854  780  581  905  663  654  607  817  880  690  605  901  870  627  772  792  751  578  907  824  794  623  843  596  679  598  695  889  620  694  872  895  633  590  730  641  844  709  609  862  855  585  925  655  687  791  592  727  646  916  730  750  775  902  720  851  575  850  572  867  624  878  625  620  599  609  835  866  749 
 595  774  732  863  586  727  814  905  661  595  926  812  707  656  665  565  599  631  606  795  565  789  891  874  586  835  919  620  743  744  850  866  634  704  889  836  741  641  593  584  765    0  914  573  680  918  841  745  786  904  773  896  689  790  624  828  872  735  759  916  883  658  833  908  580  651  729  858  894  825  626  854  773  656  708  676  693  914  730  847  853  658  602  570  682  812  619  771  650  729  876  924  766  618  600  761  613  693  702  788  665  601  901  654  772  767  809  665  730  744  569  819  682  689  693  844  903  711  605  829  866  737  591  746  606  774  676  881  719  823  910  778  698  686  795  854  913  580  591  695  654  831  825  792  634  717  694  843  747  801 
 894  601  686  728  741  774  689  736  756  819  900  810  897  608  882  823  753  821  641  626  626  743  627  828  655  806  857  829  812  622  793  792  730  705  651  692  756  845  920  573  656  914    0  859  657  786  664  890  584  702  712  792  777  868  774  804  599  638  791  662  564  624  665  764  595  728  868  808  698  920  750  855  569  583  715  815  866  840  700  736  733  918  651  833  810  779  779  903  853  691  839  691  640  864  836  798  863  833  812  820  645  606  827  764  643  766  614  844  722  888  858  736  795  624  652  677  567  595  572  912  660  887  861  861  748  660  778  763  574  671  568  894  647  601  800  919  572  633  817  684  813  906  653  894  885  644  570  880  649  889 
 904  755  917  657  577  669  661  744  628  807  788  847  779  749  606  870  847  644  866  704  637  765  604  705  811  623  764  881  922  848  588  583  561  877  599  676  849  676  717  798  916  573  859    0  759  817  597  921  836  826  618  617  675  590  778  610  778  692  894  720  921  638  851  920  857  593  697  612  833  705  844  574  784  892  570  564  868  784  601  734  586  764  627  669  843  918  787  580  722  921  644  842  891  725  702  565  742  770  625  732  757  844  764  572  628  683  802  732  614  684  859  880  881  793  589  917  631  776  897  860  729  865  691  745  805  854  700  844  744  676  707  686  760  798  778  723  694  741  732  681  894  568  656  685  760  712  596  785  830  792 
 869  874  802  619  599  612  604  849  836  715  812  811  623  642  706  750  630  878  909  599  565  576  714  719  571  769  864  748  641  689  626  878  839  754  593  652  688  590  628  705  784  680  657  759    0  711  767  817  853  847  638  578  822  622  813  612  606  648  900  676  863  851  783  896  868  650  857  745  822  890  876  629  841  699  810  845  721  922  700  689  581  889  631  781  767  810  718  777  746  692  919  894  833  619  643  572  600  864  878  908  754  823  640  685  811  811  642  579  655  584  780  786  628  763  688  806  790  757  838  730  751  626  869  780  731  707  808  581  620  700  684  634  792  911  562  601  826  855  780  751  656  683  637  920  892  903  620  808  651  885 
 643  912  918  847  653  620  705  563  821  621  619  692  586  813  748  587  566  906  852  716  669  590  775  701  834  910  921  691  895  817  571  909  632  796  580  746  710  699  786  623  594  918  786  817  711    0  910  800  640  776  888  568  707  728  768  737  715  808  695  773  601  707  632  788  824  721  737  795  805  564  722  642  683  762  616  762  810  926  757  901  635  644  594  889  619  812  729  644  564  699  604  682  808  593  926  870  736  624  713  857  786  666  891  816  884  749  820  561  596  863  605  685  744  795  560  877  816  654  773  906  625  741  797  638  702  674  561  737  594  693  706  690  620  889  824  736  640  609  755  761  566  664  767  801  918  708  736  640  673  728 
 858  733  707  831  571  862  712  795  611  847  835  670  575  687  634  635  923  808  661  851  877  870  898  736  723  736  666  731  858  666  615  834  841  852  658  690  660  725  766  656  592  841  664  597  767  910    0  600  764  828  684  563  842  902  733  677  593  793  649  882  598  714  807  605  745  665  887  685  839  772  919  906  642  632  874  716  629  846  917  727  665  732  609  618  840  736  590  826  698  725  806  575  758  816  772  611  610  568  676  728  725  764  787  826  705  560  747  780  693  804  831  712  905  832  611  688  782  920  739  907  578  879  706  805  691  905  702  627  888  790  601  849  844  901  835  892  806  848  586  590  603  825  803  566  571  784  853  667  900  669 
 736  863  569  657  600  619  652  628  572  624  817  728  889  852  745  848  678  774  895  763  615  865  829  821  656  713  682  800  645  585  920  900  703  833  853  851  586  910  890  769  573  745  890  921  817  800  600    0  716  699  706  743  692  607  577  615  924  785  669  772  729  657  602  827  723  765  709  799  766  654  578  684  892  648  904  705  778  821  613  895  832  693  612  745  860  600  623  596  810  730  721  580  771  922  640  785  576  564  654  810  789  859  710  650  674  568  838  817  683  746  576  648  760  841  718  834  901  673  853  839  664  767  766  745  771  848  577  831  766  596  776  855  745  576  694  697  814  805  831  705  670  724  683  831  788  656  873  851  888  779 
 733  900  770  926  588  844  921  856  585  816  646  684  603  629  609  755  561  892  587  591  722  805  717  674  846  883  626  616  693  667  648  681  659  883  730  714  656  597  732  876  917  786  584  836  853  640  764  716    0  848  621  831  871  896  641  785  856  898  724  921  575  792  694  585  861  731  717  708  565  659  841  908  785  858  798  617  787  873  787  856  667  585  866  596  631  679  791  569  690  702  617  605  723  788  657  901  840  573  779  736  765  626  750  585  812  790  708  565  815  780  684  594  622  592  842  859  719  680  663  893  891  582  678  681  560  591  808  833  800  788  607  795  730  617  736  582  693  614  743  887  673  603  682  584  723  585  783  775  898  681 
 839  611  792  820  846  641  858  693  663  752  842  876  682  665  732  569  707  675  809  838  734  700  655  838  560  694  907  871  683  872  896  869  789  754  743  661  822  922  890  656  769  904  702  826  847  776  828  699  848    0  874  861  907  794  577  795  636  710  839  583  669  872  838  824  714  885  838  586  901  757  896  882  849  617  863  854  852  572  575  749  859  726  621  851  875  834  684  896  594  868  700  633  855  715  925  590  634  899  563  565  766  833  868  834  767  572  623  870  842  588  808  703  697  915  827  679  625  802  657  869  687  792  754  638  620  758  760  849  707  917  623  865  883  748  694  911  776  694  769  739  905  747  574  911  907  771  573  805  679  879 
 871  628  768  753  725  572  642  685  644  881  584  609  652  795  574  861  818  710  686  730  601  717  665  805  743  748  910  864  808  592  788  812  839  739  754  775  681  686  631  870  806  773  712  618  638  888  684  706  621  874    0  596  641  888  890  784  689  599  633  624  716  816  621  674  749  807  801  799  798  734  580  635  639  682  563  924  801  865  869  615  760  884  908  830  911  574  892  671  784  648  732  611  924  669  690  628  645  572  849  578  743  851  562  862  655  874  837  782  729  768  841  863  614  781  654  715  587  784  896  869  624  631  690  572  827  847  810  710  737  694  722  657  775  843  923  669  677  718  719  824  572  689  844  804  610  863  905  779  715  861 
 714  754  912  865  754  638  923  800  693  653  696  859  812  623  654  796  630  797  903  915  598  854  628  627  728  711  646  878  886  837  800  727  657  841  657  865  589  737  840  654  917  896  792  617  578  568  563  743  831  861  596    0  738  883  658  840  850  642  873  916  668  613  592  858  857  895  755  883  740  894  875  668  697  697  874  790  724  811  793  897  696  841  649  861  729  634  773  735  693  716  709  898  843  604  841  650  879  803  634  758  771  591  749  871  764  647  805  742  589  729  754  867  767  792  574  824  920  822  819  626  776  763  810  743  763  838  662  924  859  704  670  761  569  851  706  905  677  785  729  827  655  763  728  767  574  804  660  617  629  623 
 690  906  791  819  646  764  597  898  655  628  602  667  809  701  912  570  594  561  756  726  864  809  880  561  722  638  820  889  570  827  717  886  713  656  609  695  648  736  863  692  792  689  777  675  822  707  842  692  871  907  641  738    0  763  775  896  825  644  803  750  837  873  657  636  783  740  642  684  665  801  775  695  821  844  680  614  852  909  651  755  603  912  871  590  677  643  826  879  911  768  835  707  590  786  560  861  720  604  870  672  852  789  864  578  753  704  652  895  669  671  843  614  667  639  840  702  883  665  797  843  688  627  839  643  711  672  675  852  692  853  843  564  602  597  668  588  857  692  603  565  876  762  679  845  606  922  752  812  612  844 
