200 4 24 3297

   0  564  575  849  607  667  603  890  793  898  705  752  805  610  889  882  751  922  833  685  669  626  689  890  760  849  635  823  634  752  735  909  899  598  840  737  664  742  674  800  693  733  816  755  854  884  763  577  909  800  904  623  908  622  813  624  721  801  754  889  862  744  633  579  726  803  727  778  840  610  565  771  699  593  665  855  732  770  888  903  735  712  726  755  865  827  639  566  587  655  590  650  799  770  703  917  877  915  568  621  844  781  804  856  715  676  612  563  564  747  726  605  759  808  858  885  670  764  832  890  743  578  913  638  906  767  776  813  712  869  887  698  752  627  563  875  717  645  684  595  782  892  742  814  905  912  635  818  918  807  908  747  915  568  590  863  854  897  904  598  666  589  669  868  580  738  913  624  808  833  683  568  872  824  836  643  801  889  685  834  732  821  709  891  744  874  826  812  624  865  674  843  560  771  873  678  864  778  622  870 
 564    0  588  723  756  886  836  912  597  703  782  646  673  741  803  581  712  897  732  737  713  811  715  652  835  835  818  897  712  829  616  635  881  624  623  836  563  907  885  645  622  792  835  757  720  770  822  716  776  786  773  645  583  875  678  886  675  674  572  647  741  817  571  786  791  867  817  892  689  778  751  737  571  895  914  845  718  680  578  873  922  713  836  865  697  757  793  582  803  595  601  735  870  823  831  573  667  824  625  917  651  804  736  603  689  657  841  622  751  915  748  924  867  653  647  657  878  685  655  708  839  754  868  662  781  818  760  713  884  742  779  925  633  714  879  616  809  641  667  632  885  871  849  598  755  604  793  630  619  783  638  572  621  865  673  858  713  672  659  732  884  639  568  814  587  765  634  643  564  706  567  670  852  574  866  845  738  650  573  861  702  861  588  649  624  563  912  588  575  726  825  855  795  608  716  573  712  689  606  877 
 575  588    0  592  632  899  677  578  735  674  743  818  635  668  573  688  889  819  591  754  561  562  577  677  591  711  690  599  668  603  655  664  851  816  793  853  648  833  638  809  859  878  850  746  856  838  921  853  631  642  586  823  918  824  906  784  665  920  804  808  602  788  921  604  672  652  667  902  852  821  838  857  769  661  693  854  637  760  738  615  791  728  735  752  828  717  859  802  770  632  888  740  642  591  805  888  625  914  579  875  690  862  608  593  917  722  810  856  590  917  789  583  613  744  734  788  721  646  705  726  679  807  857  608  836  714  618  696  817  611  785  654  630  663  578  761  605  865  703  578  884  661  829  872  752  828  868  818  843  878  649  791  794  825  903  847  843  679  870  819  726  797  921  603  803  896  895  828  656  625  885  797  771  729  864  848  665  587  916  841  736  654  832  589  839  639  866  743  924  760  749  770  673  628  746  831  685  630  593  769 
 849  723  592    0  898  634  681  833  736  567  888  697  592  774  826  919  859  599  702  686  852  564  653  694  636  730  846  831  821  675  872  669  618  631  740  907  690  891  686  692  717  587  729  848  619  831  667  912  862  784  587  899  875  911  868  842  664  801  695  846  655  925  615  819  869  692  715  761  807  654  723  863  835  750  725  876  573  611  836  633  683  775  646  920  897  726  869  711  881  735  602  588  866  679  827  732  682  573  722  669  664  750  738  741  874  568  679  806  858  646  909  849  658  790  713  636  596  676  713  878  874  735  811  600  680  755  799  656  642  843  904  850  672  900  846  778  907  568  646  910  673  884  631  869  831  594  660  698  909  848  839  568  732  607  870  620  897  653  837  898  835  781  763  609  721  664  653  699  562  724  876  812  741  850  759  584  650  606  771  589  834  902  806  848  830  648  738  892  797  708  576  830  853  685  783  914  911  696  829  921 
 607  756  632  898    0  859  923  562  642  736  798  911  732  585  688  633  664  683  704  664  906  891  811  781  803  816  622  561  828  838  872  864  617  873  808  800  663  802  763  877  826  755  611  721  698  713  616  874  788  925  798  632  566  667  596  568  665  816  667  614  856  596  895  890  805  921  752  899  669  890  805  781  621  896  742  569  923  617  611  586  912  565  777  629  921  775  629  807  564  922  901  890  889  637  800  843  925  897  909  737  596  705  738  898  573  733  592  590  754  903  756  584  710  809  702  854  922  603  664  677  672  631  592  822  749  718  865  585  664  595  758  834  839  698  748  743  846  734  918  566  755  788  629  777  725  875  735  574  784  615  789  604  776  908  887  645  741  674  812  912  795  909  669  676  753  665  726  812  746  689  588  767  708  619  672  749  751  925  664  697  627  777  855  686  802  575  627  609  652  786  801  562  604  797  585  757  804  691  687  859 
 667  886  899  634  859    0  661  752  613  845  668  562  664  859  563  807  850  573  896  666  575  852  762  810  791  716  752  841  756  677  827  580  917  751  731  890  881  729  702  822  791  576  750  653  879  563  756  635  915  825  572  566  835  708  863  907  733  669  791  915  776  654  608  687  761  919  806  566  581  832  748  794  762  795  605  902  614  879  704  837  634  675  798  791  711  842  870  792  638  762  792  691  826  561  649  657  884  755  627  570  705  783  663  885  631  626  836  877  709  873  860  744  667  828  781  842  818  730  743  811  793  622  733  825  680  718  686  763  791  707  691  889  728  707  607  732  653  882  795  906  767  596  823  892  727  588  787  879  588  676  790  891  743  730  915  586  767  906  755  652  611  665  666  753  720  666  563  762  768  766  788  613  780  874  907  720  624  638  830  617  836  867  723  596  766  901  808  843  588  583  819  917  836  636  804  729  827  763  919  671 
 603  836  677  681  923  661    0  698  704  918  697  917  634  779  821  639  624  667  794  826  588  921  801  871  752  728  604  666  820  774  579  694  852  841  627  741  565  625  889  634  610  563  626  635  575  821  740  574  577  745  867  630  737  692  914  798  809  687  585  599  580  651  810  769  826  888  650  705  729  923  851  603  728  786  788  724  910  822  916  906  857  577  791  814  576  640  922  758  879  861  847  741  752  572  580  858  610  644  770  715  642  572  782  785  845  718  918  578  848  657  637  905  840  575  603  810  718  668  710  745  623  858  744  787  644  899  805  645  795  658  562  898  729  567  854  779  815  863  621  819  841  917  922  568  864  581  733  807  874  870  583  904  665  713  655  713  912  877  563  650  781  644  735  718  719  626  666  861  612  842  682  728  757  602  746  672  755  606  697  908  901  591  637  697  854  626  673  780  894  574  823  913  664  852  923  762  857  819  814  776 
 890  912  578  833  562  752  698    0  696  857  710  654  658  634  765  839  825  822  877  664  747  884  657  890  739  913  761  694  751  823  880  687  660  595  577  696  590  617  636  843  757  862  813  654  913  710  902  737  880  626  895  799  562  690  847  774  831  688  594  810  794  919  602  686  686  714  908  572  766  892  836  639  706  815  811  597  671  616  661  761  580  628  612  903  900  818  838  845  761  859  611  876  743  665  704  883  723  592  846  569  810  609  706  736  734  630  710  634  853  905  807  728  912  817  704  591  892  905  680  857  700  715  595  923  779  684  900  883  876  564  714  784  657  759  898  913  575  703  755  571  743  697  797  867  780  771  773  651  597  835  689  876  572  919  569  900  600  637  912  861  736  865  757  651  702  850  813  732  656  808  903  812  610  876  770  827  571  704  868  789  696  627  762  908  735  723  634  880  574  848  878  880  752  902  775  728  703  630  739  803 
 793  597  735  736  642  613  704  696    0  899  832  771  630  921  682  761  564  792  788  645  789  807  600  849  746  775  753  711  592  743  838  887  688  597  773  860  651  770  671  867  628  608  879  792  628  821  702  756  768  863  835  631  663  904  739  799  807  870  594  696  781  613  686  926  707  802  844  658  704  688  582  703  698  570  802  796  908  859  875  636  807  796  613  852  813  688  749  880  770  689  835  878  641  570  925  668  566  913  912  841  620  755  792  805  717  594  773  800  700  629  650  705  731  671  632  630  822  687  789  577  674  647  815  633  698  884  654  678  732  806  732  901  777  681  719  790  905  867  765  848  829  919  716  848  687  737  885  731  714  579  789  843  607  600  719  673  819  608  894  738  825  584  905  884  740  898  650  643  693  701  706  696  726  567  695  584  818  789  642  847  797  607  663  747  600  838  690  639  628  616  655  892  777  624  676  600  774  621  752  716 
 898  703  674  567  736  845  918  857  899    0  868  576  846  601  683  913  613  745  791  794  803  697  772  583  778  774  835  667  879  565  820  726  713  873  670  847  717  570  852  574  859  736  588  777  712  639  592  773  736  594  581  783  758  921  569  832  906  886  808  617  812  672  644  845  672  834  792  874  760  923  864  788  629  744  631  765  831  808  839  835  896  911  788  806  900  613  718  725  749  575  588  810  711  631  627  873  642  719  797  604  706  661  772  759  750  680  828  802  903  662  836  888  590  806  645  715  899  729  876  562  776  647  709  862  592  612  846  799  820  789  859  734  725  913  771  755  584  694  845  798  792  882  644  863  873  905  584  691  691  576  568  582  811  807  600  925  742  604  824  762  912  679  569  616  838  894  917  827  677  832  608  626  842  661  608  841  576  793  666  566  643  748  754  803  921  709  630  800  776  888  837  834  714  863  563  664  811  793  767  696 
 705  782  743  888  798  668  697  710  832  868    0  564  828  716  905  828  631  832  731  717  576  685  918  762  870  578  809  788  639  846  826  841  824  764  604  786  610  788  731  631  562  736  652  809  576  824  594  588  667  709  746  617  888  903  610  644  751  573  806  653  727  820  783  882  750  611  753  625  713  613  577  866  603  839  655  804  862  894  921  751  673  700  616  628  846  841  565  627  859  609  618  790  736  695  777  904  869  560  847  861  917  921  872  889  715  802  815  660  847  672  924  856  842  919  635  769  665  751  567  899  849  576  687  829  642  768  773  922  785  714  913  641  862  700  724  867  672  631  703  623  797  689  708  763  922  666  775  883  566  616  677  819  773  913  765  745  895  752  699  697  865  772  600  925  614  563  780  869  802  670  876  662  926  578  861  710  586  780  781  587  718  625  866  645  656  767  799  865  740  829  652  782  821  669  646  666  812  906  597  923 
 752  646  818  697  911  562  917  654  771  576  564    0  777  758  620  622  610  909  731  677  791  759  862  686  924  595  700  905  763  881  621  920  576  649  642  691  759  673  678  685  842  755  694  694  771  914  628  801  643  573  884  866  689  805  848  757  726  863  600  615  704  654  890  570  701  753  588  735  709  917  780  789  823  708  606  645  879  864  845  643  773  603  853  697  560  772  767  732  874  711  841  790  588  766  786  718  889  623  739  705  626  560  923  767  878  621  775  669  911  720  733  776  749  823  710  858  658  800  584  731  653  675  825  884  711  607  578  672  915  632  622  771  907  563  909  651  920  924  714  877  913  776  583  869  897  683  909  894  637  837  774  908  764  606  912  879  818  586  891  669  661  621  569  583  725  913  788  667  708  834  632  811  908  664  776  677  603  783  922  564  915  909  650  667  703  662  846  611  684  764  713  717  851  584  923  641  901  833  601  602 
 805  673  635  592  732  664  634  658  630  846  828  777    0  630  770  596  600  579  718  846  566  616  564  656  845  779  642  667  704  651  788  857  866  739  806  909  910  689  564  630  717  608  614  745  645  868  884  897  850  737  665  786  726  797  879  766  883  756  677  690  753  684  610  879  711  866  867  809  855  638  859  901  647  778  569  712  652  818  695  740  657  912  725  841  650  641  582  664  622  923  842  677  634  724  901  751  790  607  708  731  609  745  767  869  638  640  719  874  565  873  816  603  749  660  564  822  753  692  883  825  903  814  617  840  675  588  647  751  605  792  686  719  738  847  682  832  751  865  737  808  677  643  650  665  659  615  601  742  858  815  887  796  796  720  707  852  662  726  718  644  661  915  653  699  793  785  732  789  582  791  843  758  895  734  750  855  868  651  648  704  612  668  748  608  843  752  794  900  622  697  561  630  580  916  696  690  778  871  671  649 
 610  741  668  774  585  859  779  634  921  601  716  758  630    0  889  778  807  748  898  602  823  596  610  724  697  593  901  906  661  887  706  683  788  844  566  690  878  767  569  765  659  703  839  844  827  598  812  639  838  843  924  594  729  790  804  607  864  857  866  664  874  802  631  837  832  745  751  739  845  708  685  877  563  577  733  916  682  627  655  843  905  834  721  851  849  575  699  834  920  569  622  863  577  694  767  726  721  807  783  725  788  907  628  806  716  716  674  827  920  794  622  680  789  868  752  571  718  568  811  762  920  576  636  590  586  653  590  626  692  910  778  892  921  837  577  814  868  887  647  898  595  805  823  675  712  923  730  892  758  828  562  879  731  610  727  715  919  787  579  630  689  867  778  653  826  773  667  666  582  842  829  663  749  800  851  595  811  651  611  701  811  639  853  752  764  654  852  905  913  640  804  752  730  902  862  781  916  687  674  575 
 889  803  573  826  688  563  821  765  682  683  905  620  770  889    0  909  742  907  708  635  725  673  706  617  741  700  618  659  769  912  768  562  890  796  777  632  767  818  672  591  807  827  899  764  674  591  573  877  737  811  780  655  800  687  619  728  666  759  631  605  689  763  813  683  649  741  840  657  846  706  617  751  625  822  685  618  581  893  562  794  860  665  682  893  686  561  919  666  828  849  788  738  884  755  593  607  614  697  660  887  887  719  635  716  650  869  709  614  582  805  890  623  871  888  846  639  688  708  591  654  834  590  609  877  697  561  734  621  880  655  750  636  650  643  643  902  743  713  598  887  712  919  624  661  729  833  817  649  703  762  800  620  804  688  562  841  693  910  893  563  902  745  627  631  855  694  796  594  652  709  874  674  650  636  797  808  850  621  661  674  752  836  850  779  791  676  645  753  561  707  806  657  645  921  755  752  871  780  860  882 
 882  581  688  919  633  807  639  839  761  913  828  622  596  778  909    0  634  722  800  778  775  776  899  619  751  564  713  622  815  792  806  579  631  593  805  788  579  751  868  731  747  650  655  616  766  713  572  883  729  913  744  795  849  595  604  822  671  748  626  655  782  706  763  746  722  777  884  694  885  801  871  841  629  635  845  567  884  837  905  680  700  641  654  890  596  879  871  805  887  873  630  775  823  770  894  720  612  915  571  687  897  623  584  806  903  778  692  786  745  718  606  745  667  921  744  648  859  849  853  656  830  831  802  662  700  921  773  746  574  784  603  612  573  571  746  884  863  752  719  873  776  768  598  731  580  918  704  801  605  782  572  593  754  915  747  884  768  842  681  568  867  666  567  831  564  636  815  618  575  683  873  581  734  780  786  575  590  774  854  871  652  596  649  695  696  875  753  693  767  800  615  893  586  563  679  759  754  873  589  835 
 751  712  889  859  664  850  624  825  564  613  631  610  600  807  742  634    0  670  734  787  602  762  869  783  812  572  612  574  848  627  639  848  750  626  603  848  910  924  654  597  563  702  825  844  698  670  767  684  702  565  732  832  678  856  843  812  689  757  907  764  609  643  844  745  565  765  913  853  619  799  791  627  643  811  843  757  681  697  702  585  773  606  803  855  914  612  885  912  573  788  644  807  712  881  631  579  756  696  926  642  736  858  823  627  805  603  668  799  737  760  863  701  887  919  635  756  728  581  612  678  592  612  628  820  869  646  895  769  755  879  845  824  912  587  579  755  845  857  860  614  734  746  653  576  748  832  788  700  898  858  589  623  684  791  701  609  891  775  914  768  643  610  697  753  584  689  629  885  897  769  648  796  795  822  797  830  763  815  706  645  780  870  658  817  704  882  635  923  690  760  917  583  785  799  808  675  705  784  768  864 
 922  897  819  599  683  573  667  822  792  745  832  909  579  748  907  722  670    0  851  569  662  733  620  590  821  851  837  907  912  759  562  796  826  835  686  587  602  575  907  894  776  768  886  719  696  888  808  612  690  569  571  898  671  862  795  874  679  741  737  821  813  739  903  722  792  855  686  856  706  843  816  905  580  704  778  891  860  596  839  658  887  794  880  865  797  890  906  677  699  730  725  783  898  810  724  854  686  925  727  789  874  751  785  697  898  742  889  773  679  572  792  902  652  633  897  718  825  629  742  800  590  764  663  588  799  777  778  732  747  598  697  580  806  847  916  919  682  736  621  758  876  755  815  653  701  883  913  750  578  626  561  800  750  658  855  859  706  816  814  644  596  712  716  722  603  630  678  613  832  672  761  650  796  612  629  864  765  590  612  924  750  749  666  721  641  570  682  580  846  841  685  632  805  666  871  914  610  809  739  878 
 833  732  591  702  704  896  794  877  788  791  731  731  718  898  708  800  734  851    0  630  565  805  662  758  819  738  560  579  605  905  776  814  922  675  570  730  793  911  824  900  767  866  645  748  829  799  631  839  625  819  573  836  668  744  573  594  794  697  773  676  606  576  614  693  751  673  890  810  594  755  814  691  826  673  859  698  761  789  648  656  893  581  567  592  580  587  574  799  587  739  875  652  664  841  683  924  584  793  879  839  847  603  866  600  886  571  836  728  678  781  784  772  700  890  902  726  608  631  788  696  563  724  774  898  667  733  745  767  607  847  588  575  771  709  757  779  815  811  569  605  875  584  797  883  709  664  692  605  617  719  754  900  828  767  918  816  795  569  654  879  699  905  762  832  873  717  885  631  797  696  699  730  785  704  850  825  692  758  691  656  865  875  783  647  807  825  564  920  888  579  780  850  736  876  906  807  693  608  690  848 
 685  737  754  686  664  666  826  664  645  794  717  677  846  602  635  778  787  569  630    0  914  885  829  728  814  677  781  729  684  919  724  838  696  565  913  569  765  585  609  837  708  912  903  673  807  819  798  806  689  594  860  691  725  723  581  706  710  582  836  815  671  838  631  807  843  903  698  599  708  621  917  782  832  686  789  690  899  632  759  723  874  752  655  608  628  809  742  775  831  573  725  760  796  725  582  593  706  666  837  599  904  560  840  610  870  881  668  697  685  891  650  724  714  654  794  766  762  895  803  743  824  718  777  904  839  891  654  600  760  694  861  833  576  703  848  865  616  919  862  635  730  643  767  563  802  839  619  740  901  786  902  792  733  586  887  783  842  854  837  667  878  857  605  864  572  667  796  739  625  668  738  790  816  823  582  579  660  607  772  817  925  800  874  745  683  866  679  910  796  914  821  794  858  621  785  606  800  585  817  791 
 669  713  561  852  906  575  588  747  789  803  576  791  566  823  725  775  602  662  565  914    0  800  748  596  696  620  887  577  647  623  696  836  640  767  836  570  643  669  851  710  839  904  581  570  573  838  789  844  688  643  904  741  648  704  753  617  605  871  920  570  597  686  869  589  567  678  837  642  587  660  594  683  784  585  721  591  704  672  819  584  830  851  596  836  573  766  771  817  855  726  842  916  742  663  859  902  833  804  796  918  741  917  688  923  734  832  676  825  637  711  716  790  681  707  618  858  680  919  857  620  612  863  675  882  770  870  785  903  710  613  698  821  697  574  650  586  920  909  780  655  878  917  664  874  658  857  878  682  828  706  826  858  650  652  800  801  695  859  684  601  714  622  790  733  792  629  595  708  562  814  888  577  633  858  762  705  637  798  804  673  624  640  830  828  675  776  758  915  694  897  772  567  709  615  679  632  635  691  606  895 
 626  811  562  564  891  852  921  884  807  697  685  759  616  596  673  776  762  733  805  885  800    0  798  866  904  577  738  866  659  773  633  865  660  788  626  842  883  812  640  818  870  642  851  647  708  736  597  588  916  560  633  818  628  689  706  804  623  869  834  566  918  560  695  820  703  738  614  571  759  821  581  781  769  674  834  587  907  817  785  907  576  577  725  885  841  777  813  895  829  682  674  868  915  898  854  583  924  668  900  790  568  642  729  724  766  666  586  592  758  879  560  680  827  653  704  794  919  888  632  622  782  677  700  667  835  720  651  599  681  685  651  919  757  576  770  758  905  659  683  619  875  767  662  851  579  717  685  738  664  845  916  727  838  900  631  824  728  733  657  896  792  649  614  613  796  912  795  893  649  757  715  863  636  681  708  637  570  612  581  835  789  722  879  852  615  678  872  814  873  686  640  666  712  592  760  816  650  670  768  720 
 689  715  577  653  811  762  801  657  600  772  918  862  564  610  706  899  869  620  662  829  748  798    0  765  873  597  917  752  708  667  567  590  822  838  754  718  896  662  642  825  716  738  611  575  894  664  622  619  613  595  768  723  850  690  827  653  565  877  663  800  711  751  803  583  902  808  827  631  579  913  581  657  686  652  740  682  822  565  796  796  721  577  575  917  816  596  914  914  821  805  799  589  909  891  881  905  582  849  832  782  703  842  737  917  901  835  811  697  762  894  909  889  730  753  635  788  654  660  576  572  707  788  686  788  776  898  916  650  757  645  577  606  717  748  864  785  643  680  568  726  628  719  682  907  732  705  795  806  597  566  775  689  664  668  711  830  718  561  919  847  870  832  895  661  901  908  612  902  572  685  830  733  689  659  573  593  778  602  670  726  916  713  847  751  572  922  606  587  920  755  849  581  903  848  706  741  789  847  788  906 
 890  652  677  694  781  810  871  890  849  583  762  686  656  724  617  619  783  590  758  728  596  866  765    0  626  783  923  918  836  846  622  679  571  568  687  745  721  593  656  919  745  780  602  793  664  868  564  713  643  715  582  869  792  913  678  801  866  704  779  818  791  816  764  845  821  630  569  610  732  570  695  773  778  892  854  837  847  637  708  790  678  675  653  829  842  753  567  689  840  868  828  621  684  768  781  819  736  771  852  874  770  885  569  570  700  608  864  921  674  671  880  667  772  820  813  581  855  678  796  875  639  811  796  695  687  676  926  637  636  614  579  697  798  870  880  720  712  806  633  633  809  778  837  824  704  778  671  634  740  770  760  719  575  604  750  588  905  597  722  593  912  736  866  624  719  729  920  840  926  904  713  898  699  901  756  635  583  867  858  572  758  729  906  884  713  585  889  762  754  730  845  820  866  831  657  800  579  860  666  911 
 760  835  591  636  803  791  752  739  746  778  870  924  845  697  741  751  812  821  819  814  696  904  873  626    0  889  642  742  667  668  758  607  886  687  888  672  841  792  600  583  562  926  631  707  705  893  626  821  709  759  702  859  868  885  593  724  801  690  767  595  801  875  573  782  678  578  653  748  753  769  780  713  616  889  626  776  868  715  919  700  752  710  638  630  913  664  918  917  692  695  877  750  609  573  655  625  629  619  922  700  848  601  912  856  699  712  776  695  833  856  756  798  801  800  670  776  566  612  605  858  654  600  686  561  576  682  617  582  828  713  631  643  797  924  624  889  565  887  774  726  781  686  736  645  813  915  680  613  638  624  765  688  750  749  859  826  788  802  574  735  624  572  611  771  709  842  886  902  694  872  684  577  860  819  757  663  737  851  665  691  697  847  760  601  885  920  862  902  878  886  626  643  882  600  861  678  824  863  920  825 
 849  835  711  730  816  716  728  913  775  774  578  595  779  593  700  564  572  851  738  677  620  577  597  783  889    0  884  874  686  720  873  810  857  858  624  576  734  696  809  787  775  844  695  700  697  802  767  719  592  809  628  801  867  561  663  907  823  805  768  591  915  607  803  622  898  607  622  807  585  603  849  831  923  828  805  684  789  831  918  704  691  795  926  823  591  909  665  621  778  671  865  572  884  660  651  678  567  758  878  913  658  835  766  775  723  911  581  906  631  743  874  708  813  690  844  907  688  821  658  844  687  885  851  807  746  912  654  656  738  796  798  590  666  849  637  616  723  819  744  838  824  794  774  639  773  793  598  627  719  737  702  676  594  758  869  881  816  790  750  904  591  786  725  757  857  754  610  759  565  652  754  753  876  689  779  708  686  880  715  725  724  599  827  621  626  860  691  758  843  751  903  867  650  898  896  618  909  745  646  808 
 635  818  690  846  622  752  604  761  753  835  809  700  642  901  618  713  612  837  560  781  887  738  917  923  642  884    0  760  717  798  572  827  687  757  905  595  625  719  857  702  691  715  854  685  818  921  788  636  697  781  870  635  833  650  647  718  673  571  727  808  800  797  650  779  602  808  894  683  751  760  746  813  907  857  809  602  787  691  702  641  721  808  808  772  608  787  655  870  681  702  726  924  637  772  623  895  852  789  800  851  621  824  864  757  800  770  638  609  764  807  722  630  677  644  824  691  712  638  727  857  679  854  641  832  804  897  823  608  888  894  839  776  752  788  911  660  687  777  905  762  645  862  767  910  606  650  790  793  799  576  754  654  708  812  712  608  724  658  863  886  607  815  747  899  561  839  864  709  596  856  586  787  588  917  876  849  840  685  724  673  837  652  903  817  627  590  804  883  766  900  790  918  879  735  717  650  883  845  873  836 
 823  897  599  831  561  841  666  694  711  667  788  905  667  906  659  622  574  907  579  729  577  866  752  918  742  874  760    0  690  850  694  703  859  609  843  822  637  892  839  852  693  864  572  655  796  801  611  752  884  629  562  793  608  807  672  698  878  825  733  721  844  674  812  671  834  619  579  581  907  700  607  732  759  835  744  584  605  822  812  707  819  889  673  610  877  892  677  802  860  741  571  786  698  737  565  833  885  573  797  571  912  923  796  588  798  657  897  874  575  888  869  750  631  886  587  685  699  660  632  601  724  709  791  776  708  735  720  683  864  828  757  612  674  772  904  781  786  782  786  908  677  575  652  654  749  814  880  870  582  695  685  918  579  890  604  712  622  754  774  591  570  633  677  903  612  893  683  660  911  662  915  814  594  581  701  859  606  919  836  816  906  607  816  778  796  655  651  567  742  689  737  748  592  701  633  861  856  696  919  708 
 634  712  668  821  828  756  820  751  592  879  639  763  704  661  769  815  848  912  605  684  647  659  708  836  667  686  717  690    0  680  740  911  832  615  788  758  734  687  757  642  705  924  812  888  865  751  734  595  689  872  773  765  648  837  587  664  647  570  661  605  604  859  774  889  896  848  677  816  577  796  563  919  782  705  909  755  743  609  592  792  912  688  838  845  815  744  838  873  642  832  923  610  899  645  567  923  843  589  592  594  562  895  565  733  827  711  571  624  590  852  791  880  658  836  846  639  706  905  788  857  708  912  850  900  923  912  600  738  727  786  790  797  739  740  725  630  576  752  699  901  562  862  682  563  877  838  726  843  703  762  921  804  715  739  777  591  666  703  616  755  717  844  662  857  775  768  896  647  874  874  903  671  800  860  766  926  588  820  637  572  805  859  773  914  753  897  744  832  784  739  613  883  832  771  772  617  634  581  766  574 
 752  829  603  675  838  677  774  823  743  565  846  881  651  887  912  792  627  759  905  919  623  773  667  846  668  720  798  850  680    0  792  733  606  682  587  704  855  916  914  620  865  869  677  849  712  619  762  689  813  611  761  798  638  787  837  709  864  800  835  568  757  635  666  746  770  835  604  671  706  859  892  840  564  823  648  651  840  568  690  650  805  898  586  662  681  615  715  880  603  594  729  804  651  754  895  623  862  756  621  832  803  625  612  797  798  826  819  603  731  642  702  925  721  656  600  584  621  691  823  903  564  595  643  685  597  608  574  628  840  690  708  734  892  882  908  677  866  679  906  837  581  629  816  794  686  727  860  820  909  564  638  847  870  808  784  711  579  571  904  684  891  815  913  764  819  743  894  639  566  853  711  803  844  699  691  721  585  736  569  738  682  900  585  649  830  703  813  753  839  924  681  691  808  882  692  787  898  855  738  610 
 735  616  655  872  872  827  579  880  838  820  826  621  788  706  768  806  639  562  776  724  696  633  567  622  758  873  572  694  740  792    0  864  762  754  636  922  882  568  826  745  766  746  910  800  806  838  643  925  629  900  683  619  760  757  890  770  784  793  828  702  780  721  701  813  854  854  577  733  853  908  790  673  574  819  915  651  560  843  665  768  612  829  796  727  602  625  870  871  616  634  703  639  878  662  788  847  623  655  605  877  565  819  739  633  800  669  597  824  609  739  580  725  611  838  706  866  723  838  771  915  616  719  648  851  584  807  724  847  600  622  598  632  667  881  669  858  654  895  692  803  839  669  804  870  627  569  814  578  628  855  760  726  801  901  693  896  812  781  755  818  885  624  853  849  722  794  920  605  907  871  783  747  890  841  629  879  702  854  580  656  830  614  666  776  812  913  816  853  607  688  790  787  623  881  832  589  833  686  601  778 
 909  635  664  669  864  580  694  687  887  726  841  920  857  683  562  579  848  796  814  838  836  865  590  679  607  810  827  703  911  733  864    0  854  687  718  602  885  890  632  712  709  777  725  841  651  746  767  671  643  836  891  744  861  643  659  855  835  860  573  587  800  741  735  887  614  782  663  778  703  776  788  611  772  921  922  660  846  680  630  822  854  837  585  637  593  713  641  831  800  744  852  732  808  581  801  674  925  581  677  794  761  679  892  631  847  700  897  734  924  905  852  772  683  858  878  596  780  609  780  700  626  803  925  597  636  827  569  739  888  905  875  787  810  678  765  636  771  665  642  632  881  659  585  816  877  819  811  575  628  836  570  628  668  606  730  587  918  854  675  814  851  882  588  632  875  917  782  621  844  821  830  809  833  917  793  856  703  730  789  629  879  595  897  904  644  651  680  681  779  618  890  808  731  669  877  773  895  915  872  806 
 899  881  851  618  617  917  852  660  688  713  824  576  866  788  890  631  750  826  922  696  640  660  822  571  886  857  687  859  832  606  762  854    0  778  581  722  615  858  883  739  757  728  844  591  649  822  619  736  584  732  785  666  909  831  820  596  809  854  720  657  811  872  725  784  651  690  650  837  704  892  656  814  620  774  767  730  890  914  911  924  893  781  787  632  613  805  647  721  717  745  579  836  710  617  673  870  840  742  666  597  836  623  609  754  669  806  610  779  866  893  751  909  716  790  731  628  858  766  765  912  926  707  768  907  742  686  618  726  926  924  564  630  816  593  702  587  731  833  574  783  926  722  685  641  798  691  571  707  611  895  586  581  591  822  901  891  703  867  899  705  693  638  784  621  865  572  799  839  865  800  838  631  680  848  690  883  592  719  868  923  561  655  844  897  672  633  783  651  751  593  607  721  681  693  650  626  622  818  562  650 
 598  624  816  631  873  751  841  595  597  873  764  649  739  844  796  593  626  835  675  565  767  788  838  568  687  858  757  609  615  682  754  687  778    0  887  690  832  581  573  792  698  695  780  786  910  649  870  781  707  803  788  567  568  631  883  833  780  609  874  678  827  805  561  814  814  916  688  636  858  632  886  876  652  791  595  685  857  781  802  820  872  688  892  616  916  908  722  631  839  860  751  905  812  850  730  585  815  728  915  861  780  836  690  595  919  603  656  565  851  645  875  750  681  649  592  712  844  826  727  671  684  894  812  574  763  820  701  643  881  567  819  738  761  721  887  721  671  691  765  826  911  878  606  827  741  869  882  668  713  623  878  603  698  839  632  918  771  777  671  882  707  731  879  680  890  815  642  831  659  803  795  808  618  650  924  745  831  873  730  862  868  644  732  669  744  693  648  642  852  784  673  796  730  813  810  666  769  808  899  835 
 840  623  793  740  808  731  627  577  773  670  604  642  806  566  777  805  603  686  570  913  836  626  754  687  888  624  905  843  788  587  636  718  581  887    0  597  717  645  783  691  917  706  633  632  582  752  877  796  711  837  758  801  640  896  694  798  590  579  729  608  855  712  822  610  600  920  759  727  918  754  907  726  590  766  737  672  628  589  911  805  751  741  617  592  683  809  595  591  734  886  674  586  765  869  843  711  723  799  595  884  663  748  590  880  733  653  901  701  831  743  889  712  590  719  690  795  852  779  798  615  654  616  638  706  904  846  727  883  925  626  609  855  756  691  910  874  838  803  773  738  723  687  725  686  840  885  804  729  627  805  906  711  892  832  750  809  817  916  723  810  588  802  611  594  560  879  623  566  660  704  751  866  861  861  688  612  806  877  646  826  829  747  721  859  627  757  732  639  708  741  911  843  667  776  583  590  830  634  574  739 
 737  836  853  907  800  890  741  696  860  847  786  691  909  690  632  788  848  587  730  569  570  842  718  745  672  576  595  822  758  704  922  602  722  690  597    0  690  783  668  595  836  623  670  884  580  641  757  579  575  592  660  708  562  816  793  629  810  792  573  894  758  679  574  655  672  713  810  640  899  884  585  705  681  874  863  881  779  801  798  645  792  769  765  884  613  588  895  856  806  828  710  805  666  683  648  767  792  742  787  650  835  637  889  881  830  806  821  592  870  768  659  744  758  625  696  842  857  698  700  772  668  680  582  818  829  751  831  809  664  631  897  818  630  717  727  714  901  787  820  830  582  843  818  869  671  578  787  700  795  924  882  627  764  674  798  741  898  890  692  724  579  677  836  754  780  585  621  796  804  837  601  918  905  585  772  860  651  649  571  610  820  782  711  834  705  630  701  779  791  684  655  724  802  779  918  630  579  698  637  576 
 664  563  648  690  663  881  565  590  651  717  610  759  910  878  767  579  910  602  793  765  643  883  896  721  841  734  625  637  734  855  882  885  615  832  717  690    0  897  579  782  583  578  756  612  673  845  878  618  655  647  616  838  664  913  603  615  860  737  709  893  613  681  859  609  753  791  821  907  874  674  864  715  687  592  748  913  848  853  751  651  742  567  665  722  703  843  720  699  631  762  643  863  723  904  596  672  786  817  614  742  578  809  780  733  658  736  893  588  675  773  771  588  760  718  846  886  919  923  655  677  873  682  789  771  926  772  792  863  845  744  830  618  891  643  748  794  744  854  836  714  919  575  677  756  737  608  652  607  815  663  632  895  570  733  817  572  891  714  855  874  817  918  594  765  769  853  739  685  600  581  638  915  626  675  752  789  893  640  726  648  794  862  788  688  623  683  600  660  610  871  792  910  574  800  649  903  646  626  639  811 
 742  907  833  891  802  729  625  617  770  570  788  673  689  767  818  751  924  575  911  585  669  812  662  593  792  696  719  892  687  916  568  890  858  581  645  783  897    0  911  863  615  620  629  889  725  729  852  746  865  631  795  612  812  744  713  772  636  601  922  785  839  588  805  847  791  873  701  695  618  726  561  919  818  898  671  641  764  921  799  911  810  874  869  663  569  585  921  873  895  658  576  653  626  614  611  574  653  842  807  722  658  657  828  915  924  894  817  797  902  755  690  703  611  769  764  585  838  878  732  656  868  587  638  754  851  582  909  650  861  890  635  920  763  869  665  909  816  918  562  890  669  816  830  689  577  611  861  867  795  650  665  731  881  628  923  765  714  756  762  855  618  901  912  795  904  568  631  914  634  826  671  741  666  836  876  755  591  816  922  923  630  648  640  717  732  722  625  914  642  865  581  815  801  775  645  564  813  732  850  625 
 674  885  638  686  763  702  889  636  671  852  731  678  564  569  672  868  654  907  824  609  851  640  642  656  600  809  857  839  757  914  826  632  883  573  783  668  579  911    0  619  908  812  882  674  591  732  841  582  818  772  829  821  822  772  599  840  772  624  724  822  624  860  628  815  633  894  890  661  647  850  580  743  732  664  823  864  894  909  677  635  905  765  579  869  688  842  838  733  644  811  901  779  841  610  655  897  720  888  578  903  901  875  690  712  671  700  837  747  918  645  786  670  908  582  826  924  907  718  846  819  585  825  706  637  841  815  579  651  715  919  713  810  759  784  657  595  742  561  648  745  668  784  849  604  882  753  575  792  817  616  720  720  805  890  902  647  780  711  607  673  892  654  628  776  786  889  813  821  823  843  845  883  762  683  655  923  635  609  689  562  584  737  714  889  637  762  858  660  589  826  897  871  751  869  888  585  799  804  707  819 
