20 4 24 305

   0  808  774  817  664  685  865  839  691  630  607  762  763  773  849  792  692  641  913  586 
 808    0  687  714  760  888  632  842  756  686  675  562  793  674  843  794  587  910  693  697 
 774  687    0  595  637  843  846  800  675  690  748  598  780  659  596  588  727  827  840  598 
 817  714  595    0  633  912  767  816  869  906  740  630  567  589  836  842  681  667  851  658 
 664  760  637  633    0  664  605  609  724  828  697  644  733  790  744  804  571  803  906  602 
 685  888  843  912  664    0  643  890  823  860  819  771  610  564  604  920  690  741  605  903 
 865  632  846  767  605  643    0  899  687  721  886  613  907  780  819  694  845  899  745  714 
 839  842  800  816  609  890  899    0  718  564  716  864  773  635  822  901  631  887  718  609 
 691  756  675  869  724  823  687  718    0  580  672  617  784  926  849  660  901  741  706  815 
 630  686  690  906  828  860  721  564  580    0  567  765  657  864  681  689  632  849  658  664 
 607  675  748  740  697  819  886  716  672  567    0  767  724  675  816  680  600  903  613  745 
 762  562  598  630  644  771  613  864  617  765  767    0  868  601  754  892  706  573  677  735 
 763  793  780  567  733  610  907  773  784  657  724  868    0  703  690  661  898  814  699  757 
 773  674  659  589  790  564  780  635  926  864  675  601  703    0  745  902  898  566  772  635 
 849  843  596  836  744  604  819  822  849  681  816  754  690  745    0  621  570  612  916  714 
 792  794  588  842  804  920  694  901  660  689  680  892  661  902  621    0  771  877  885  856 
 692  587  727  681  571  690  845  631  901  632  600  706  898  898  570  771    0  894  822  630 
 641  910  827  667  803  741  899  887  741  849  903  573  814  566  612  877  894    0  794  636 
 913  693  840  851  906  605  745  718  706  658  613  677  699  772  916  885  822  794    0  581 
 586  697  598  658  602  903  714  609  815  664  745  735  757  635  714  856  630  636  581    0 

   0 1105  819  633  910  864  675  828  919 1167  846 1079 1160  882  820  962 1020  804  704 1105 
1105    0  944  979  629  710  727  757  965  704 1082 1083  792  608 1183  693  655  747  940  795 
 819  944    0  995  897  775 1030  920  656  849 1087  948  884 1079  800  864  760  954 1067 1111 
 633  979  995    0 1041  796  828 1079  658  774  853 1012  628  794  769  783 1068 1154  899  724 
 910  629  897 1041    0  745  905  781  776  797  824 1060  732 1187 1169  824  935  709 1165  820 
 864  710  775  796  745    0 1077  814  678 1175 1173  767  770  857  711 1109  792  870 1168 1140 
 675  727 1030  828  905 1077    0 1133  663  911  604 1050 1087  996  745 1017  809 1096  623  901 
 828  757  920 1079  781  814 1133    0  881  974  877 1009 1175 1131  710  914  916  870 1126  667 
 919  965  656  658  776  678  663  881    0  903  839  804 1147 1179 1042  953  733  666 1117  657 
1167  704  849  774  797 1175  911  974  903    0  670 1115  824 1080  693 1144 1189  609  891  730 
 846 1082 1087  853  824 1173  604  877  839  670    0  878 1010  740  835  990  729 1170 1096  812 
1079 1083  948 1012 1060  767 1050 1009  804 1115  878    0  999 1171  687  831  820 1005  718  993 
1160  792  884  628  732  770 1087 1175 1147  824 1010  999    0  895  918 1060  612  778 1176  705 
 882  608 1079  794 1187  857  996 1131 1179 1080  740 1171  895    0 1148 1003 1138  648  785  740 
 820 1183  800  769 1169  711  745  710 1042  693  835  687  918 1148    0  931 1063 1040  648  830 
 962  693  864  783  824 1109 1017  914  953 1144  990  831 1060 1003  931    0  825  681 1193  625 
1020  655  760 1068  935  792  809  916  733 1189  729  820  612 1138 1063  825    0  923  933  699 
 804  747  954 1154  709  870 1096  870  666  609 1170 1005  778  648 1040  681  923    0  858  733 
 704  940 1067  899 1165 1168  623 1126 1117  891 1096  718 1176  785  648 1193  933  858    0  774 
1105  795 1111  724  820 1140  901  667  657  730  812  993  705  740  830  625  699  733  774    0 

0 214 990
1 487 1094
2 663 861
3 671 1028
4 385 948
5 272 720
6 410 820
7 488 898
8 601 836
9 224 985
10 596 710
11 414 714
12 609 759
13 454 928
14 445 729
15 248 1079
16 588 1085
17 286 851
18 325 775
19 469 1018

0 19 3196 5483 1758 
0 2 9035 11614 2322 
0 3 2821 4738 1634 
0 16 517 3454 2076 
0 8 16069 19607 2764 
0 11 449 3200 2286 
0 19 13058 15279 1758 
0 18 9679 11910 2739 
0 19 6140 9333 1172 
0 16 2895 6638 2768 
0 4 9595 13216 2656 
0 8 14893 17061 2764 
0 5 12990 15124 2740 
0 16 14506 17188 1384 
0 16 9173 12518 1384 
0 1 1853 5908 2424 
0 8 7483 10910 1382 
1 2 9304 12655 2748 
1 12 7272 9964 2379 
1 10 6031 10272 1350 
1 16 14578 16962 2348 
1 2 1184 3459 2748 
1 14 16076 20689 1686 
1 14 2690 6759 3372 
1 4 9317 11468 3040 
1 5 1695 3448 1776 
1 7 6524 9188 2526 
1 2 3892 6242 2061 
1 9 2243 3651 1372 
1 5 10397 12555 3552 
1 14 3288 7960 2529 
2 0 12576 14287 3096 
2 19 343 3598 1196 
2 14 15680 18823 1788 
2 16 6182 8849 2181 
2 14 4056 5935 1192 
2 10 486 3616 2244 
2 6 1558 5296 1692 
2 10 3789 7756 2992 
2 15 6729 9683 1176 
2 6 12339 15501 2538 
2 8 8846 10879 2700 
2 7 2579 4510 2400 
2 18 7247 9925 1680 
2 3 13204 16756 1785 
3 4 8117 10990 1266 
3 12 1653 3750 1134 
3 12 4802 6510 1134 
3 16 4889 8755 1362 
3 18 4468 7434 2553 
3 18 9968 13051 1702 
3 17 9594 13379 2001 
3 19 8235 10740 1974 
3 4 8788 11734 2532 
3 0 16895 18559 2451 
3 16 16805 20190 2724 
3 6 9212 11555 1534 
3 7 3439 7733 1632 
3 12 7646 9479 1701 
3 17 2524 6609 2001 
3 15 15747 18252 1684 
3 14 9725 12208 3344 
3 10 16699 19385 2220 
3 2 6112 9902 1190 
3 16 9651 13784 2043 
3 12 14138 16260 2268 
3 19 1959 4760 1316 
3 13 3878 6267 1767 
4 14 1349 5487 2976 
4 7 15538 18240 1827 
4 6 1670 3742 2420 
4 6 15407 18873 1815 
4 15 9367 12069 3216 
4 14 14992 19340 2976 
4 18 13960 18293 1812 
4 1 12914 14813 1520 
4 5 5 1941 1328 
4 19 14830 17741 1806 
4 13 9011 12643 1580 
4 13 1812 6500 1580 
4 18 16643 19392 3624 
5 8 10936 13498 2469 
5 3 10269 13230 2736 
5 0 13015 15909 1370 
5 13 10400 12902 1128 
5 2 8019 10824 1686 
5 3 1024 4160 1824 
5 17 16528 19051 1482 
5 17 2462 4550 1482 
5 3 2629 4555 3648 
5 15 14038 18074 2760 
5 10 7009 9847 1638 
5 11 3361 5010 2313 
5 0 2130 4730 1370 
5 7 3232 5364 3560 
5 17 12160 15596 2964 
5 10 16222 20386 3276 
5 9 9138 13826 2580 
5 10 2806 6688 2457 
5 18 885 5218 1815 
5 17 381 2408 1482 
5 3 14527 17265 2736 
5 18 15403 17937 1210 
5 16 492 2780 1380 
6 17 137 2723 3596 
6 17 9879 13725 2697 
6 2 14114 16781 1692 
6 4 14669 17311 1815 
6 15 497 2968 2082 
6 1 2027 3655 2528 
6 1 4321 5985 1264 
6 8 6007 7797 2748 
6 15 225 3621 1388 
6 17 15677 18263 3596 
6 17 14440 18626 3596 
6 10 15884 18004 1772 
6 8 16450 18962 2061 
6 4 13322 15783 1210 
6 1 7362 9099 2528 
6 18 246 2513 2235 
6 14 6649 9621 3276 
6 0 13319 14763 1730 
6 17 8232 11300 1798 
6 13 16565 18985 2340 
7 1 2278 5071 1684 
7 14 3568 6400 3288 
7 17 764 3226 3548 
7 19 1162 3556 1827 
7 17 9969 13066 2661 
7 4 7276 9095 1827 
7 12 16751 20910 1546 
7 4 16942 18660 2436 
7 16 4005 7000 1893 
7 6 10497 13352 3596 
8 14 8833 11615 3396 
8 17 12189 14020 2964 
8 19 2190 3674 1630 
8 16 10290 11939 1802 
8 18 14837 17584 2118 
8 15 544 2669 2640 
8 1 15239 17197 3024 
8 5 4241 5617 3292 
8 1 2373 5692 1512 
8 2 13490 15982 2025 
8 0 6686 9167 2073 
9 12 3332 6051 1314 
9 7 9382 12157 1692 
9 7 3945 7198 2256 
9 2 1293 4264 2760 
9 12 7770 9632 1971 
9 0 1287 4764 2520 
9 2 10281 13294 2760 
9 2 12153 14131 2760 
9 1 3900 6195 1372 
10 13 15000 17020 2025 
10 7 64 2431 1432 
10 14 8458 10595 2448 
10 12 4847 8139 2896 
10 5 6217 8680 1638 
10 14 9591 12363 2448 
10 7 6263 9174 1432 
10 7 2004 4670 1432 
10 3 6059 7961 1480 
10 0 14698 17946 2428 
10 3 16289 18754 2960 
10 14 9505 12202 1632 
10 16 4213 6334 1200 
11 2 6069 9225 2392 
11 13 12055 15685 1202 
11 10 13135 16383 3068 
11 10 3735 6939 2301 
11 1 8080 10733 1686 
11 2 13217 15264 2392 
11 2 2037 4236 2392 
11 5 8144 10575 2313 
11 18 15425 17851 1354 
11 14 15763 17762 1508 
12 10 16490 19853 2896 
12 3 16545 18987 2268 
12 14 12788 15918 2760 
12 0 2139 6349 1526 
12 19 16707 18490 1514 
12 13 546 3776 2812 
12 17 13457 15448 2442 
12 6 10769 14866 2721 
12 4 9429 11917 2199 
13 1 14986 16882 2022 
13 18 13741 16504 1544 
13 0 3186 6105 1546 
13 3 13060 15513 1178 
13 5 4627 7309 1128 
13 16 13714 16763 1796 
13 2 11949 14139 1977 
13 8 10374 12920 1852 
13 14 9357 13202 2235 
13 5 15331 18579 1128 
13 0 15199 18612 3092 
13 2 16514 19599 1977 
13 1 15996 17443 2022 
13 14 3944 7468 2980 
13 8 13459 16925 3704 
13 10 2239 5088 2025 
13 1 4005 6023 2696 
13 9 1459 3899 3456 
13 0 14076 16157 3092 
13 12 15516 19078 2812 
13 5 9597 12270 1128 
13 6 7754 10771 1560 
14 4 14476 17936 2232 
14 15 16459 19205 1242 
14 13 2086 5759 2980 
14 2 2194 4146 2384 
14 18 13941 16474 3664 
14 19 10347 12803 1428 
14 9 15906 18546 2724 
14 9 307 2101 2724 
15 4 9057 11586 2412 
15 0 7984 10716 3168 
15 10 9335 12047 1360 
15 0 8094 10412 2376 
15 11 9056 11549 2676 
15 17 15373 16816 2631 
15 7 7477 11114 2703 
15 0 7331 10832 1584 
15 18 9350 12690 3540 
15 10 7503 10839 1360 
15 13 9478 12446 1804 
15 0 16491 18588 1584 
15 4 8097 10189 3216 
15 6 6988 9906 1388 
15 3 543 3330 3368 
15 2 2759 5722 2352 
15 7 3319 5375 2703 
16 17 4177 7195 1788 
16 8 14467 16937 3604 
16 15 7462 10399 2313 
16 4 16827 20492 2284 
16 1 11932 14493 1761 
16 14 1120 3926 1710 
16 15 1399 4517 1542 
16 19 13276 15617 1890 
16 11 13381 16251 2118 
16 17 8507 11109 1788 
16 6 13320 14954 2535 
16 5 281 1936 2070 
16 19 15313 16766 2520 
16 5 104 3216 2070 
16 0 8591 10671 2768 
16 8 969 2654 3604 
16 0 9687 12053 2768 
16 4 12307 15747 2284 
16 14 7186 10056 1710 
16 3 3138 5850 2724 
16 14 3370 6750 1710 
16 9 7723 10968 2528 
16 7 15893 18347 1893 
17 10 10123 13317 3612 
17 19 6547 8152 1908 
17 18 9174 11379 2382 
17 0 15846 18949 1923 
17 1 3512 5558 2730 
17 1 5037 7322 2730 
17 15 12696 14527 1754 
17 11 13214 15475 2292 
17 1 9382 11660 2730 
17 7 2528 5364 2661 
17 8 10761 12838 1482 
18 9 1377 4290 2632 
18 1 6773 9395 1386 
18 3 14202 16746 2553 
18 14 2974 4347 3664 
18 19 6426 8422 1162 
18 3 15792 18462 2553 
18 7 2466 6834 1436 
18 16 12312 14187 3288 
18 6 7150 8981 2235 
18 19 1394 3522 1743 
18 16 1704 3570 2466 
18 4 13426 17899 1812 
18 1 2336 5710 1386 
18 11 9276 10999 2708 
18 11 1198 3337 2031 
18 3 12198 15335 2553 
18 3 16293 19385 1702 
18 19 16775 19414 2324 
18 10 2240 4936 1226 
18 7 4251 6615 1436 
18 2 4615 6781 2520 
18 2 8626 11816 3360 
18 4 2096 6091 1812 
19 3 9469 11011 1316 
19 7 9750 11877 1827 
19 12 8356 10322 1514 
19 5 14027 17504 3612 
19 9 14825 16569 1328 
19 5 12397 16307 2709 
19 13 8257 10654 2540 
19 10 351 1991 2235 
19 12 16297 18482 3028 
19 15 13034 15359 3424 
19 10 4035 5862 1490 
19 5 14067 18296 1806 
19 5 7411 9862 1806 
19 16 15418 18011 1260 
19 13 7281 10218 2540 

0 1 0 0
0 1 1 0
0 1 2 0
0 1 3 0
0 1 4 0
0 2 0 4770
0 2 1 4770
0 2 2 4770
0 2 3 0
0 2 4 0
0 3 0 4742
0 3 1 4742
0 3 2 0
0 3 3 0
0 3 4 0
0 4 0 0
0 4 1 0
0 4 2 0
0 4 3 0
0 4 4 0
0 5 0 0
0 5 1 0
0 5 2 0
0 5 3 0
0 5 4 0
0 6 0 0
0 6 1 0
0 6 2 0
0 6 3 0
0 6 4 0
0 7 0 0
0 7 1 0
0 7 2 0
0 7 3 0
0 7 4 0
0 8 0 0
0 8 1 0
0 8 2 0
0 8 3 0
0 8 4 0
0 9 0 4137
0 9 1 4137
0 9 2 0
0 9 3 0
0 9 4 0
0 10 0 4007
0 10 1 4007
0 10 2 4007
0 10 3 0
0 10 4 0
0 11 0 4697
0 11 1 4697
0 11 2 0
0 11 3 0
0 11 4 0
0 12 0 0
0 12 1 0
0 12 2 0
0 12 3 0
0 12 4 0
0 13 0 4214
0 13 1 4214
0 13 2 4214
0 13 3 0
0 13 4 0
0 14 0 0
0 14 1 0
0 14 2 0
0 14 3 0
0 14 4 0
0 15 0 0
0 15 1 0
0 15 2 0
0 15 3 0
0 15 4 0
0 16 0 4199
0 16 1 4199
0 16 2 4199
0 16 3 0
0 16 4 0
0 17 0 4549
0 17 1 4549
0 17 2 4549
0 17 3 0
0 17 4 0
0 18 0 3117
0 18 1 3117
0 18 2 0
0 18 3 0
0 18 4 0
0 19 0 4752
0 19 1 4752
0 19 2 4752
0 19 3 0
0 19 4 0
1 0 0 0
1 0 1 0
1 0 2 0
1 0 3 0
1 0 4 0
1 2 0 4457
1 2 1 4457
1 2 2 0
1 2 3 0
1 2 4 0
1 3 0 4187
1 3 1 4187
1 3 2 4187
1 3 3 0
1 3 4 0
1 4 0 4633
1 4 1 4633
1 4 2 0
1 4 3 0
1 4 4 0
1 5 0 4125
1 5 1 4125
1 5 2 0
1 5 3 0
1 5 4 0
1 6 0 0
1 6 1 0
1 6 2 0
1 6 3 0
1 6 4 0
1 7 0 0
1 7 1 0
1 7 2 0
1 7 3 0
1 7 4 0
1 8 0 4170
1 8 1 4170
1 8 2 4170
1 8 3 0
1 8 4 0
1 9 0 0
1 9 1 0
1 9 2 0
1 9 3 0
1 9 4 0
1 10 0 0
1 10 1 0
1 10 2 0
1 10 3 0
1 10 4 0
1 11 0 0
1 11 1 0
1 11 2 0
1 11 3 0
1 11 4 0
1 12 0 4939
1 12 1 4939
1 12 2 0
1 12 3 0
1 12 4 0
1 13 0 0
1 13 1 0
1 13 2 0
1 13 3 0
1 13 4 0
1 14 0 0
1 14 1 0
1 14 2 0
1 14 3 0
1 14 4 0
1 15 0 0
1 15 1 0
1 15 2 0
1 15 3 0
1 15 4 0
1 16 0 0
1 16 1 0
1 16 2 0
1 16 3 0
1 16 4 0
1 17 0 0
1 17 1 0
1 17 2 0
1 17 3 0
1 17 4 0
1 18 0 0
1 18 1 0
1 18 2 0
1 18 3 0
1 18 4 0
1 19 0 4958
1 19 1 4958
1 19 2 0
1 19 3 0
1 19 4 0
2 0 0 4770
2 0 1 4770
2 0 2 4770
2 0 3 0
2 0 4 0
2 1 0 4457
2 1 1 4457
2 1 2 0
2 1 3 0
2 1 4 0
2 3 0 0
2 3 1 0
2 3 2 0
2 3 3 0
2 3 4 0
2 4 0 0
2 4 1 0
2 4 2 0
2 4 3 0
2 4 4 0
2 5 0 4763
2 5 1 4763
2 5 2 0
2 5 3 0
2 5 4 0
2 6 0 0
2 6 1 0
2 6 2 0
2 6 3 0
2 6 4 0
2 7 0 0
2 7 1 0
2 7 2 0
2 7 3 0
2 7 4 0
2 8 0 4394
2 8 1 4394
2 8 2 4394
2 8 3 0
2 8 4 0
2 9 0 0
2 9 1 0
2 9 2 0
2 9 3 0
2 9 4 0
2 10 0 4719
2 10 1 4719
2 10 2 0
2 10 3 0
2 10 4 0
2 11 0 0
2 11 1 0
2 11 2 0
2 11 3 0
2 11 4 0
2 12 0 0
2 12 1 0
2 12 2 0
2 12 3 0
2 12 4 0
2 13 0 4071
2 13 1 4071
2 13 2 0
2 13 3 0
2 13 4 0
2 14 0 0
2 14 1 0
2 14 2 0
2 14 3 0
2 14 4 0
2 15 0 4035
2 15 1 4035
2 15 2 4035
2 15 3 0
2 15 4 0
2 16 0 4431
2 16 1 4431
2 16 2 0
2 16 3 0
2 16 4 0
2 17 0 0
2 17 1 0
2 17 2 0
2 17 3 0
2 17 4 0
2 18 0 4904
2 18 1 4904
2 18 2 0
2 18 3 0
2 18 4 0
2 19 0 0
2 19 1 0
2 19 2 0
2 19 3 0
2 19 4 0
3 0 0 4742
3 0 1 4742
3 0 2 0
3 0 3 0
3 0 4 0
3 1 0 4187
3 1 1 4187
3 1 2 4187
3 1 3 0
3 1 4 0
3 2 0 0
3 2 1 0
3 2 2 0
3 2 3 0
3 2 4 0
3 4 0 0
3 4 1 0
3 4 2 0
3 4 3 0
3 4 4 0
3 5 0 0
3 5 1 0
3 5 2 0
3 5 3 0
3 5 4 0
3 6 0 4717
3 6 1 4717
3 6 2 4717
3 6 3 0
3 6 4 0
3 7 0 4438
3 7 1 4438
3 7 2 0
3 7 3 0
3 7 4 0
3 8 0 4158
3 8 1 4158
3 8 2 4158
3 8 3 0
3 8 4 0
3 9 0 3924
3 9 1 3924
3 9 2 0
3 9 3 0
3 9 4 0
3 10 0 0
3 10 1 0
3 10 2 0
3 10 3 0
3 10 4 0
3 11 0 0
3 11 1 0
3 11 2 0
3 11 3 0
3 11 4 0
3 12 0 0
3 12 1 0
3 12 2 0
3 12 3 0
3 12 4 0
3 13 0 0
3 13 1 0
3 13 2 0
3 13 3 0
3 13 4 0
3 14 0 0
3 14 1 0
3 14 2 0
3 14 3 0
3 14 4 0
3 15 0 0
3 15 1 0
3 15 2 0
3 15 3 0
3 15 4 0
3 16 0 4445
3 16 1 4445
3 16 2 0
3 16 3 0
3 16 4 0
3 17 0 0
3 17 1 0
3 17 2 0
3 17 3 0
3 17 4 0
3 18 0 0
3 18 1 0
3 18 2 0
3 18 3 0
3 18 4 0
3 19 0 4937
3 19 1 4937
3 19 2 4937
3 19 3 0
3 19 4 0
4 0 0 0
4 0 1 0
4 0 2 0
4 0 3 0
4 0 4 0
4 1 0 4633
4 1 1 4633
4 1 2 0
4 1 3 0
4 1 4 0
4 2 0 0
4 2 1 0
4 2 2 0
4 2 3 0
4 2 4 0
4 3 0 0
4 3 1 0
4 3 2 0
4 3 3 0
4 3 4 0
4 5 0 0
4 5 1 0
4 5 2 0
4 5 3 0
4 5 4 0
4 6 0 4565
4 6 1 4565
4 6 2 0
4 6 3 0
4 6 4 0
4 7 0 4156
4 7 1 4156
4 7 2 4156
4 7 3 0
4 7 4 0
4 8 0 0
4 8 1 0
4 8 2 0
4 8 3 0
4 8 4 0
4 9 0 0
4 9 1 0
4 9 2 0
4 9 3 0
4 9 4 0
4 10 0 0
4 10 1 0
4 10 2 0
4 10 3 0
4 10 4 0
4 11 0 4291
4 11 1 4291
4 11 2 0
4 11 3 0
4 11 4 0
4 12 0 4281
4 12 1 4281
4 12 2 0
4 12 3 0
4 12 4 0
4 13 0 0
4 13 1 0
4 13 2 0
4 13 3 0
4 13 4 0
4 14 0 0
4 14 1 0
4 14 2 0
4 14 3 0
4 14 4 0
4 15 0 0
4 15 1 0
4 15 2 0
4 15 3 0
4 15 4 0
4 16 0 4830
4 16 1 4830
4 16 2 4830
4 16 3 0
4 16 4 0
4 17 0 0
4 17 1 0
4 17 2 0
4 17 3 0
4 17 4 0
4 18 0 0
4 18 1 0
4 18 2 0
4 18 3 0
4 18 4 0
4 19 0 4567
4 19 1 4567
4 19 2 0
4 19 3 0
4 19 4 0
5 0 0 0
5 0 1 0
5 0 2 0
5 0 3 0
5 0 4 0
5 1 0 4125
5 1 1 4125
5 1 2 0
5 1 3 0
5 1 4 0
5 2 0 4763
5 2 1 4763
5 2 2 0
5 2 3 0
5 2 4 0
5 3 0 0
5 3 1 0
5 3 2 0
5 3 3 0
5 3 4 0
5 4 0 0
5 4 1 0
5 4 2 0
5 4 3 0
5 4 4 0
5 6 0 0
5 6 1 0
5 6 2 0
5 6 3 0
5 6 4 0
5 7 0 0
5 7 1 0
5 7 2 0
5 7 3 0
5 7 4 0
5 8 0 4529
5 8 1 4529
5 8 2 0
5 8 3 0
5 8 4 0
5 9 0 4070
5 9 1 4070
5 9 2 0
5 9 3 0
5 9 4 0
5 10 0 0
5 10 1 0
5 10 2 0
5 10 3 0
5 10 4 0
5 11 0 4584
5 11 1 4584
5 11 2 0
5 11 3 0
5 11 4 0
5 12 0 0
5 12 1 0
5 12 2 0
5 12 3 0
5 12 4 0
5 13 0 0
5 13 1 0
5 13 2 0
5 13 3 0
5 13 4 0
5 14 0 4910
5 14 1 4910
5 14 2 4910
5 14 3 0
5 14 4 0
5 15 0 0
5 15 1 0
5 15 2 0
5 15 3 0
5 15 4 0
5 16 0 0
5 16 1 0
5 16 2 0
5 16 3 0
5 16 4 0
5 17 0 0
5 17 1 0
5 17 2 0
5 17 3 0
5 17 4 0
5 18 0 4635
5 18 1 4635
5 18 2 0
5 18 3 0
5 18 4 0
5 19 0 0
5 19 1 0
5 19 2 0
5 19 3 0
5 19 4 0
6 0 0 0
6 0 1 0
6 0 2 0
6 0 3 0
6 0 4 0
6 1 0 0
6 1 1 0
6 1 2 0
6 1 3 0
6 1 4 0
6 2 0 0
6 2 1 0
6 2 2 0
6 2 3 0
6 2 4 0
6 3 0 4717
6 3 1 4717
6 3 2 4717
6 3 3 0
6 3 4 0
6 4 0 4565
6 4 1 4565
6 4 2 0
6 4 3 0
6 4 4 0
6 5 0 0
6 5 1 0
6 5 2 0
6 5 3 0
6 5 4 0
6 7 0 0
6 7 1 0
6 7 2 0
6 7 3 0
6 7 4 0
6 8 0 0
6 8 1 0
6 8 2 0
6 8 3 0
6 8 4 0
6 9 0 4957
6 9 1 4957
6 9 2 0
6 9 3 0
6 9 4 0
6 10 0 0
6 10 1 0
6 10 2 0
6 10 3 0
6 10 4 0
6 11 0 4164
6 11 1 4164
6 11 2 0
6 11 3 0
6 11 4 0
6 12 0 0
6 12 1 0
6 12 2 0
6 12 3 0
6 12 4 0
6 13 0 0
6 13 1 0
6 13 2 0
6 13 3 0
6 13 4 0
6 14 0 0
6 14 1 0
6 14 2 0
6 14 3 0
6 14 4 0
6 15 0 0
6 15 1 0
6 15 2 0
6 15 3 0
6 15 4 0
6 16 0 4638
6 16 1 4638
6 16 2 0
6 16 3 0
6 16 4 0
6 17 0 0
6 17 1 0
6 17 2 0
6 17 3 0
6 17 4 0
6 18 0 0
6 18 1 0
6 18 2 0
6 18 3 0
6 18 4 0
6 19 0 0
6 19 1 0
6 19 2 0
6 19 3 0
6 19 4 0
7 0 0 0
7 0 1 0
7 0 2 0
7 0 3 0
7 0 4 0
7 1 0 0
7 1 1 0
7 1 2 0
7 1 3 0
7 1 4 0
7 2 0 0
7 2 1 0
7 2 2 0
7 2 3 0
7 2 4 0
7 3 0 4438
7 3 1 4438
7 3 2 0
7 3 3 0
7 3 4 0
7 4 0 4156
7 4 1 4156
7 4 2 4156
7 4 3 0
7 4 4 0
7 5 0 0
7 5 1 0
7 5 2 0
7 5 3 0
7 5 4 0
7 6 0 0
7 6 1 0
7 6 2 0
7 6 3 0
7 6 4 0
7 8 0 0
7 8 1 0
7 8 2 0
7 8 3 0
7 8 4 0
7 9 0 0
7 9 1 0
7 9 2 0
7 9 3 0
7 9 4 0
7 10 0 0
7 10 1 0
7 10 2 0
7 10 3 0
7 10 4 0
7 11 0 0
7 11 1 0
7 11 2 0
7 11 3 0
7 11 4 0
7 12 0 4266
7 12 1 4266
7 12 2 0
7 12 3 0
7 12 4 0
7 13 0 4619
7 13 1 4619
7 13 2 4619
7 13 3 0
7 13 4 0
7 14 0 0
7 14 1 0
7 14 2 0
7 14 3 0
7 14 4 0
7 15 0 0
7 15 1 0
7 15 2 0
7 15 3 0
7 15 4 0
7 16 0 0
7 16 1 0
7 16 2 0
7 16 3 0
7 16 4 0
7 17 0 0
7 17 1 0
7 17 2 0
7 17 3 0
7 17 4 0
7 18 0 0
7 18 1 0
7 18 2 0
7 18 3 0
7 18 4 0
7 19 0 4088
7 19 1 4088
7 19 2 0
7 19 3 0
7 19 4 0
8 0 0 0
8 0 1 0
8 0 2 0
8 0 3 0
8 0 4 0
8 1 0 4170
8 1 1 4170
8 1 2 4170
8 1 3 0
8 1 4 0
8 2 0 4394
8 2 1 4394
8 2 2 4394
8 2 3 0
8 2 4 0
8 3 0 4158
8 3 1 4158
8 3 2 4158
8 3 3 0
8 3 4 0
8 4 0 0
8 4 1 0
8 4 2 0
8 4 3 0
8 4 4 0
8 5 0 4529
8 5 1 4529
8 5 2 0
8 5 3 0
8 5 4 0
8 6 0 0
8 6 1 0
8 6 2 0
8 6 3 0
8 6 4 0
8 7 0 0
8 7 1 0
8 7 2 0
8 7 3 0
8 7 4 0
8 9 0 4207
8 9 1 4207
8 9 2 0
8 9 3 0
8 9 4 0
8 10 0 0
8 10 1 0
8 10 2 0
8 10 3 0
8 10 4 0
8 11 0 4757
8 11 1 4757
8 11 2 0
8 11 3 0
8 11 4 0
8 12 0 0
8 12 1 0
8 12 2 0
8 12 3 0
8 12 4 0
8 13 0 0
8 13 1 0
8 13 2 0
8 13 3 0
8 13 4 0
8 14 0 0
8 14 1 0
8 14 2 0
8 14 3 0
8 14 4 0
8 15 0 4087
8 15 1 4087
8 15 2 4087
8 15 3 0
8 15 4 0
8 16 0 3907
8 16 1 3907
8 16 2 3907
8 16 3 0
8 16 4 0
8 17 0 0
8 17 1 0
8 17 2 0
8 17 3 0
8 17 4 0
8 18 0 0
8 18 1 0
8 18 2 0
8 18 3 0
8 18 4 0
8 19 0 0
8 19 1 0
8 19 2 0
8 19 3 0
8 19 4 0
9 0 0 4137
9 0 1 4137
9 0 2 0
9 0 3 0
9 0 4 0
9 1 0 0
9 1 1 0
9 1 2 0
9 1 3 0
9 1 4 0
9 2 0 0
9 2 1 0
9 2 2 0
9 2 3 0
9 2 4 0
9 3 0 3924
9 3 1 3924
9 3 2 0
9 3 3 0
9 3 4 0
9 4 0 0
9 4 1 0
9 4 2 0
9 4 3 0
9 4 4 0
9 5 0 4070
9 5 1 4070
9 5 2 0
9 5 3 0
9 5 4 0
9 6 0 4957
9 6 1 4957
9 6 2 0
9 6 3 0
9 6 4 0
9 7 0 0
9 7 1 0
9 7 2 0
9 7 3 0
9 7 4 0
9 8 0 4207
9 8 1 4207
9 8 2 0
9 8 3 0
9 8 4 0
9 10 0 0
9 10 1 0
9 10 2 0
9 10 3 0
9 10 4 0
9 11 0 4021
9 11 1 4021
9 11 2 4021
9 11 3 0
9 11 4 0
9 12 0 0
9 12 1 0
9 12 2 0
9 12 3 0
9 12 4 0
9 13 0 4939
9 13 1 4939
9 13 2 4939
9 13 3 0
9 13 4 0
9 14 0 0
9 14 1 0
9 14 2 0
9 14 3 0
9 14 4 0
9 15 0 4188
9 15 1 4188
9 15 2 0
9 15 3 0
9 15 4 0
9 16 0 0
9 16 1 0
9 16 2 0
9 16 3 0
9 16 4 0
9 17 0 0
9 17 1 0
9 17 2 0
9 17 3 0
9 17 4 0
9 18 0 0
9 18 1 0
9 18 2 0
9 18 3 0
9 18 4 0
9 19 0 0
9 19 1 0
9 19 2 0
9 19 3 0
9 19 4 0
10 0 0 4007
10 0 1 4007
10 0 2 4007
10 0 3 0
10 0 4 0
10 1 0 0
10 1 1 0
10 1 2 0
10 1 3 0
10 1 4 0
10 2 0 4719
10 2 1 4719
10 2 2 0
10 2 3 0
10 2 4 0
10 3 0 0
10 3 1 0
10 3 2 0
10 3 3 0
10 3 4 0
10 4 0 0
10 4 1 0
10 4 2 0
10 4 3 0
10 4 4 0
10 5 0 0
10 5 1 0
10 5 2 0
10 5 3 0
10 5 4 0
10 6 0 0
10 6 1 0
10 6 2 0
10 6 3 0
10 6 4 0
10 7 0 0
10 7 1 0
10 7 2 0
10 7 3 0
10 7 4 0
10 8 0 0
10 8 1 0
10 8 2 0
10 8 3 0
10 8 4 0
10 9 0 0
10 9 1 0
10 9 2 0
10 9 3 0
10 9 4 0
10 11 0 0
10 11 1 0
10 11 2 0
10 11 3 0
10 11 4 0
10 12 0 4933
10 12 1 4933
10 12 2 4933
10 12 3 0
10 12 4 0
10 13 0 4355
10 13 1 4355
10 13 2 0
10 13 3 0
10 13 4 0
10 14 0 0
10 14 1 0
10 14 2 0
10 14 3 0
10 14 4 0
10 15 0 0
10 15 1 0
10 15 2 0
10 15 3 0
10 15 4 0
10 16 0 0
10 16 1 0
10 16 2 0
10 16 3 0
10 16 4 0
10 17 0 0
10 17 1 0
10 17 2 0
10 17 3 0
10 17 4 0
10 18 0 0
10 18 1 0
10 18 2 0
10 18 3 0
10 18 4 0
10 19 0 0
10 19 1 0
10 19 2 0
10 19 3 0
10 19 4 0
11 0 0 4697
11 0 1 4697
11 0 2 0
11 0 3 0
11 0 4 0
11 1 0 0
11 1 1 0
11 1 2 0
11 1 3 0
11 1 4 0
11 2 0 0
11 2 1 0
11 2 2 0
11 2 3 0
11 2 4 0
11 3 0 0
11 3 1 0
11 3 2 0
11 3 3 0
11 3 4 0
11 4 0 4291
11 4 1 4291
11 4 2 0
11 4 3 0
11 4 4 0
11 5 0 4584
11 5 1 4584
11 5 2 0
11 5 3 0
11 5 4 0
11 6 0 4164
11 6 1 4164
11 6 2 0
11 6 3 0
11 6 4 0
11 7 0 0
11 7 1 0
11 7 2 0
11 7 3 0
11 7 4 0
11 8 0 4757
11 8 1 4757
11 8 2 0
11 8 3 0
11 8 4 0
11 9 0 4021
11 9 1 4021
11 9 2 4021
11 9 3 0
11 9 4 0
11 10 0 0
11 10 1 0
11 10 2 0
11 10 3 0
11 10 4 0
11 12 0 0
11 12 1 0
11 12 2 0
11 12 3 0
11 12 4 0
11 13 0 4803
11 13 1 4803
11 13 2 4803
11 13 3 0
11 13 4 0
11 14 0 0
11 14 1 0
11 14 2 0
11 14 3 0
11 14 4 0
11 15 0 0
11 15 1 0
11 15 2 0
11 15 3 0
11 15 4 0
11 16 0 4442
11 16 1 4442
11 16 2 0
11 16 3 0
11 16 4 0
11 17 0 4414
11 17 1 4414
11 17 2 0
11 17 3 0
11 17 4 0
11 18 0 0
11 18 1 0
11 18 2 0
11 18 3 0
11 18 4 0
11 19 0 4476
11 19 1 4476
11 19 2 0
11 19 3 0
11 19 4 0
12 0 0 0
12 0 1 0
12 0 2 0
12 0 3 0
12 0 4 0
12 1 0 4939
12 1 1 4939
12 1 2 0
12 1 3 0
12 1 4 0
12 2 0 0
12 2 1 0
12 2 2 0
12 2 3 0
12 2 4 0
12 3 0 0
12 3 1 0
12 3 2 0
12 3 3 0
12 3 4 0
12 4 0 4281
12 4 1 4281
12 4 2 0
12 4 3 0
12 4 4 0
12 5 0 0
12 5 1 0
12 5 2 0
12 5 3 0
12 5 4 0
12 6 0 0
12 6 1 0
12 6 2 0
12 6 3 0
12 6 4 0
12 7 0 4266
12 7 1 4266
12 7 2 0
12 7 3 0
12 7 4 0
12 8 0 0
12 8 1 0
12 8 2 0
12 8 3 0
12 8 4 0
12 9 0 0
12 9 1 0
12 9 2 0
12 9 3 0
12 9 4 0
12 10 0 4933
12 10 1 4933
12 10 2 4933
12 10 3 0
12 10 4 0
12 11 0 0
12 11 1 0
12 11 2 0
12 11 3 0
12 11 4 0
12 13 0 0
12 13 1 0
12 13 2 0
12 13 3 0
12 13 4 0
12 14 0 4684
12 14 1 4684
12 14 2 0
12 14 3 0
12 14 4 0
12 15 0 0
12 15 1 0
12 15 2 0
12 15 3 0
12 15 4 0
12 16 0 4676
12 16 1 4676
12 16 2 0
12 16 3 0
12 16 4 0
12 17 0 0
12 17 1 0
12 17 2 0
12 17 3 0
12 17 4 0
12 18 0 0
12 18 1 0
12 18 2 0
12 18 3 0
12 18 4 0
12 19 0 0
12 19 1 0
12 19 2 0
12 19 3 0
12 19 4 0
13 0 0 4214
13 0 1 4214
13 0 2 4214
13 0 3 0
13 0 4 0
13 1 0 0
13 1 1 0
13 1 2 0
13 1 3 0
13 1 4 0
13 2 0 4071
13 2 1 4071
13 2 2 0
13 2 3 0
13 2 4 0
13 3 0 0
13 3 1 0
13 3 2 0
13 3 3 0
13 3 4 0
13 4 0 0
13 4 1 0
13 4 2 0
13 4 3 0
13 4 4 0
13 5 0 0
13 5 1 0
13 5 2 0
13 5 3 0
13 5 4 0
13 6 0 0
13 6 1 0
13 6 2 0
13 6 3 0
13 6 4 0
13 7 0 4619
13 7 1 4619
13 7 2 4619
13 7 3 0
13 7 4 0
13 8 0 0
13 8 1 0
13 8 2 0
13 8 3 0
13 8 4 0
13 9 0 4939
13 9 1 4939
13 9 2 4939
13 9 3 0
13 9 4 0
13 10 0 4355
13 10 1 4355
13 10 2 0
13 10 3 0
13 10 4 0
13 11 0 4803
13 11 1 4803
13 11 2 4803
13 11 3 0
13 11 4 0
13 12 0 0
13 12 1 0
13 12 2 0
13 12 3 0
13 12 4 0
13 14 0 0
13 14 1 0
13 14 2 0
13 14 3 0
13 14 4 0
13 15 0 3494
13 15 1 3494
13 15 2 0
13 15 3 0
13 15 4 0
13 16 0 0
13 16 1 0
13 16 2 0
13 16 3 0
13 16 4 0
13 17 0 4699
13 17 1 4699
13 17 2 0
13 17 3 0
13 17 4 0
13 18 0 0
13 18 1 0
13 18 2 0
13 18 3 0
13 18 4 0
13 19 0 0
13 19 1 0
13 19 2 0
13 19 3 0
13 19 4 0
14 0 0 0
14 0 1 0
14 0 2 0
14 0 3 0
14 0 4 0
14 1 0 0
14 1 1 0
14 1 2 0
14 1 3 0
14 1 4 0
14 2 0 0
14 2 1 0
14 2 2 0
14 2 3 0
14 2 4 0
14 3 0 0
14 3 1 0
14 3 2 0
14 3 3 0
14 3 4 0
14 4 0 0
14 4 1 0
14 4 2 0
14 4 3 0
14 4 4 0
14 5 0 4910
14 5 1 4910
14 5 2 4910
14 5 3 0
14 5 4 0
14 6 0 0
14 6 1 0
14 6 2 0
14 6 3 0
14 6 4 0
14 7 0 0
14 7 1 0
14 7 2 0
14 7 3 0
14 7 4 0
14 8 0 0
14 8 1 0
14 8 2 0
14 8 3 0
14 8 4 0
14 9 0 0
14 9 1 0
14 9 2 0
14 9 3 0
14 9 4 0
14 10 0 0
14 10 1 0
14 10 2 0
14 10 3 0
14 10 4 0
14 11 0 0
14 11 1 0
14 11 2 0
14 11 3 0
14 11 4 0
14 12 0 4684
14 12 1 4684
14 12 2 0
14 12 3 0
14 12 4 0
14 13 0 0
14 13 1 0
14 13 2 0
14 13 3 0
14 13 4 0
14 15 0 4896
14 15 1 4896
14 15 2 0
14 15 3 0
14 15 4 0
14 16 0 0
14 16 1 0
14 16 2 0
14 16 3 0
14 16 4 0
14 17 0 4010
14 17 1 4010
14 17 2 4010
14 17 3 0
14 17 4 0
14 18 0 0
14 18 1 0
14 18 2 0
14 18 3 0
14 18 4 0
14 19 0 0
14 19 1 0
14 19 2 0
14 19 3 0
14 19 4 0
15 0 0 0
15 0 1 0
15 0 2 0
15 0 3 0
15 0 4 0
15 1 0 0
15 1 1 0
15 1 2 0
15 1 3 0
15 1 4 0
15 2 0 4035
15 2 1 4035
15 2 2 4035
15 2 3 0
15 2 4 0
15 3 0 0
15 3 1 0
15 3 2 0
15 3 3 0
15 3 4 0
15 4 0 0
15 4 1 0
15 4 2 0
15 4 3 0
15 4 4 0
15 5 0 0
15 5 1 0
15 5 2 0
15 5 3 0
15 5 4 0
15 6 0 0
15 6 1 0
15 6 2 0
15 6 3 0
15 6 4 0
15 7 0 0
15 7 1 0
15 7 2 0
15 7 3 0
15 7 4 0
15 8 0 4087
15 8 1 4087
15 8 2 4087
15 8 3 0
15 8 4 0
15 9 0 4188
15 9 1 4188
15 9 2 0
15 9 3 0
15 9 4 0
15 10 0 0
15 10 1 0
15 10 2 0
15 10 3 0
15 10 4 0
15 11 0 0
15 11 1 0
15 11 2 0
15 11 3 0
15 11 4 0
15 12 0 0
15 12 1 0
15 12 2 0
15 12 3 0
15 12 4 0
15 13 0 3494
15 13 1 3494
15 13 2 0
15 13 3 0
15 13 4 0
15 14 0 4896
15 14 1 4896
15 14 2 0
15 14 3 0
15 14 4 0
15 16 0 0
15 16 1 0
15 16 2 0
15 16 3 0
15 16 4 0
15 17 0 0
15 17 1 0
15 17 2 0
15 17 3 0
15 17 4 0
15 18 0 4492
15 18 1 4492
15 18 2 0
15 18 3 0
15 18 4 0
15 19 0 4294
15 19 1 4294
15 19 2 4294
15 19 3 0
15 19 4 0
16 0 0 4199
16 0 1 4199
16 0 2 4199
16 0 3 0
16 0 4 0
16 1 0 0
16 1 1 0
16 1 2 0
16 1 3 0
16 1 4 0
16 2 0 4431
16 2 1 4431
16 2 2 0
16 2 3 0
16 2 4 0
16 3 0 4445
16 3 1 4445
16 3 2 0
16 3 3 0
16 3 4 0
16 4 0 4830
16 4 1 4830
16 4 2 4830
16 4 3 0
16 4 4 0
16 5 0 0
16 5 1 0
16 5 2 0
16 5 3 0
16 5 4 0
16 6 0 4638
16 6 1 4638
16 6 2 0
16 6 3 0
16 6 4 0
16 7 0 0
16 7 1 0
16 7 2 0
16 7 3 0
16 7 4 0
16 8 0 3907
16 8 1 3907
16 8 2 3907
16 8 3 0
16 8 4 0
16 9 0 0
16 9 1 0
16 9 2 0
16 9 3 0
16 9 4 0
16 10 0 0
16 10 1 0
16 10 2 0
16 10 3 0
16 10 4 0
16 11 0 4442
16 11 1 4442
16 11 2 0
16 11 3 0
16 11 4 0
16 12 0 4676
16 12 1 4676
16 12 2 0
16 12 3 0
16 12 4 0
16 13 0 0
16 13 1 0
16 13 2 0
16 13 3 0
16 13 4 0
16 14 0 0
16 14 1 0
16 14 2 0
16 14 3 0
16 14 4 0
16 15 0 0
16 15 1 0
16 15 2 0
16 15 3 0
16 15 4 0
16 17 0 4389
16 17 1 4389
16 17 2 4389
16 17 3 0
16 17 4 0
16 18 0 0
16 18 1 0
16 18 2 0
16 18 3 0
16 18 4 0
16 19 0 0
16 19 1 0
16 19 2 0
16 19 3 0
16 19 4 0
17 0 0 4549
17 0 1 4549
17 0 2 4549
17 0 3 0
17 0 4 0
17 1 0 0
17 1 1 0
17 1 2 0
17 1 3 0
17 1 4 0
17 2 0 0
17 2 1 0
17 2 2 0
17 2 3 0
17 2 4 0
17 3 0 0
17 3 1 0
17 3 2 0
17 3 3 0
17 3 4 0
17 4 0 0
17 4 1 0
17 4 2 0
17 4 3 0
17 4 4 0
17 5 0 0
17 5 1 0
17 5 2 0
17 5 3 0
17 5 4 0
17 6 0 0
17 6 1 0
17 6 2 0
17 6 3 0
17 6 4 0
17 7 0 0
17 7 1 0
17 7 2 0
17 7 3 0
17 7 4 0
17 8 0 0
17 8 1 0
17 8 2 0
17 8 3 0
17 8 4 0
17 9 0 0
17 9 1 0
17 9 2 0
17 9 3 0
17 9 4 0
17 10 0 0
17 10 1 0
17 10 2 0
17 10 3 0
17 10 4 0
17 11 0 4414
17 11 1 4414
17 11 2 0
17 11 3 0
17 11 4 0
17 12 0 0
17 12 1 0
17 12 2 0
17 12 3 0
17 12 4 0
17 13 0 4699
17 13 1 4699
17 13 2 0
17 13 3 0
17 13 4 0
17 14 0 4010
17 14 1 4010
17 14 2 4010
17 14 3 0
17 14 4 0
17 15 0 0
17 15 1 0
17 15 2 0
17 15 3 0
17 15 4 0
17 16 0 4389
17 16 1 4389
17 16 2 4389
17 16 3 0
17 16 4 0
17 18 0 0
17 18 1 0
17 18 2 0
17 18 3 0
17 18 4 0
17 19 0 0
17 19 1 0
17 19 2 0
17 19 3 0
17 19 4 0
18 0 0 3117
18 0 1 3117
18 0 2 0
18 0 3 0
18 0 4 0
18 1 0 0
18 1 1 0
18 1 2 0
18 1 3 0
18 1 4 0
18 2 0 4904
18 2 1 4904
18 2 2 0
18 2 3 0
18 2 4 0
18 3 0 0
18 3 1 0
18 3 2 0
18 3 3 0
18 3 4 0
18 4 0 0
18 4 1 0
18 4 2 0
18 4 3 0
18 4 4 0
18 5 0 4635
18 5 1 4635
18 5 2 0
18 5 3 0
18 5 4 0
18 6 0 0
18 6 1 0
18 6 2 0
18 6 3 0
18 6 4 0
18 7 0 0
18 7 1 0
18 7 2 0
18 7 3 0
18 7 4 0
18 8 0 0
18 8 1 0
18 8 2 0
18 8 3 0
18 8 4 0
18 9 0 0
18 9 1 0
18 9 2 0
18 9 3 0
18 9 4 0
18 10 0 0
18 10 1 0
18 10 2 0
18 10 3 0
18 10 4 0
18 11 0 0
18 11 1 0
18 11 2 0
18 11 3 0
18 11 4 0
18 12 0 0
18 12 1 0
18 12 2 0
18 12 3 0
18 12 4 0
18 13 0 0
18 13 1 0
18 13 2 0
18 13 3 0
18 13 4 0
18 14 0 0
18 14 1 0
18 14 2 0
18 14 3 0
18 14 4 0
18 15 0 4492
18 15 1 4492
18 15 2 0
18 15 3 0
18 15 4 0
18 16 0 0
18 16 1 0
18 16 2 0
18 16 3 0
18 16 4 0
18 17 0 0
18 17 1 0
18 17 2 0
18 17 3 0
18 17 4 0
18 19 0 0
18 19 1 0
18 19 2 0
18 19 3 0
18 19 4 0
19 0 0 4752
19 0 1 4752
19 0 2 4752
19 0 3 0
19 0 4 0
19 1 0 4958
19 1 1 4958
19 1 2 0
19 1 3 0
19 1 4 0
19 2 0 0
19 2 1 0
19 2 2 0
19 2 3 0
19 2 4 0
19 3 0 4937
19 3 1 4937
19 3 2 4937
19 3 3 0
19 3 4 0
19 4 0 4567
19 4 1 4567
19 4 2 0
19 4 3 0
19 4 4 0
19 5 0 0
19 5 1 0
19 5 2 0
19 5 3 0
19 5 4 0
19 6 0 0
19 6 1 0
19 6 2 0
19 6 3 0
19 6 4 0
19 7 0 4088
19 7 1 4088
19 7 2 0
19 7 3 0
19 7 4 0
19 8 0 0
19 8 1 0
19 8 2 0
19 8 3 0
19 8 4 0
19 9 0 0
19 9 1 0
19 9 2 0
19 9 3 0
19 9 4 0
19 10 0 0
19 10 1 0
19 10 2 0
19 10 3 0
19 10 4 0
19 11 0 4476
19 11 1 4476
19 11 2 0
19 11 3 0
19 11 4 0
19 12 0 0
19 12 1 0
19 12 2 0
19 12 3 0
19 12 4 0
19 13 0 0
19 13 1 0
19 13 2 0
19 13 3 0
19 13 4 0
19 14 0 0
19 14 1 0
19 14 2 0
19 14 3 0
19 14 4 0
19 15 0 4294
19 15 1 4294
19 15 2 4294
19 15 3 0
19 15 4 0
19 16 0 0
19 16 1 0
19 16 2 0
19 16 3 0
19 16 4 0
19 17 0 0
19 17 1 0
19 17 2 0
19 17 3 0
19 17 4 0
19 18 0 0
19 18 1 0
19 18 2 0
19 18 3 0
19 18 4 0

