30 4 24 416

   0  906  684  710  566  898  912  679  901  788  662  729  617  772  581  921  584  766  650  614  683  819  564  654  883  837  802  731  856  668 
 906    0  763  839  609  815  775  818  807  870  828  696  597  660  746  870  699  844  568  639  731  805  572  774  720  757  799  808  775  820 
 684  763    0  873  572  697  583  777  874  761  859  581  897  582  633  637  572  582  593  916  631  919  629  620  830  757  722  802  861  776 
 710  839  873    0  872  899  595  566  776  594  565  636  650  770  596  825  580  650  839  605  577  857  759  825  583  773  856  797  847  732 
 566  609  572  872    0  839  755  880  635  751  657  920  770  676  646  814  643  571  622  775  626  581  657  793  646  663  717  924  887  609 
 898  815  697  899  839    0  662  801  764  902  606  638  569  902  707  605  684  769  873  593  564  719  765  692  608  747  731  797  574  726 
 912  775  583  595  755  662    0  578  755  925  631  628  574  841  733  893  646  715  830  694  753  823  682  908  920  731  794  694  568  831 
 679  818  777  566  880  801  578    0  602  883  707  815  643  744  859  618  721  905  891  645  609  797  670  818  748  896  736  670  732  644 
 901  807  874  776  635  764  755  602    0  569  755  890  860  867  880  630  884  619  848  835  847  752  815  629  674  883  586  781  587  645 
 788  870  761  594  751  902  925  883  569    0  857  913  766  823  895  641  726  760  785  621  900  709  813  773  897  866  827  579  650  561 
 662  828  859  565  657  606  631  707  755  857    0  657  670  867  575  848  626  661  831  917  597  876  682  577  574  829  790  662  924  854 
 729  696  581  636  920  638  628  815  890  913  657    0  844  859  907  562  634  797  889  618  778  691  815  588  617  703  778  625  780  847 
 617  597  897  650  770  569  574  643  860  766  670  844    0  847  706  604  564  703  710  893  824  802  621  894  791  851  800  916  856  872 
 772  660  582  770  676  902  841  744  867  823  867  859  847    0  641  787  754  591  872  738  865  752  788  685  891  572  897  623  648  801 
 581  746  633  596  646  707  733  859  880  895  575  907  706  641    0  784  665  925  741  701  924  838  634  638  762  677  886  762  920  800 
 921  870  637  825  814  605  893  618  630  641  848  562  604  787  784    0  772  804  867  866  755  566  792  700  882  786  701  790  777  831 
 584  699  572  580  643  684  646  721  884  726  626  634  564  754  665  772    0  735  621  911  833  734  918  881  828  803  606  756  871  642 
 766  844  582  650  571  769  715  905  619  760  661  797  703  591  925  804  735    0  748  758  566  762  776  679  583  664  776  845  749  581 
 650  568  593  839  622  873  830  891  848  785  831  889  710  872  741  867  621  748    0  814  728  874  697  895  757  720  873  619  794  712 
 614  639  916  605  775  593  694  645  835  621  917  618  893  738  701  866  911  758  814    0  621  805  717  591  832  800  891  810  770  729 
 683  731  631  577  626  564  753  609  847  900  597  778  824  865  924  755  833  566  728  621    0  672  663  835  614  852  842  693  842  846 
 819  805  919  857  581  719  823  797  752  709  876  691  802  752  838  566  734  762  874  805  672    0  841  757  731  731  734  694  584  875 
 564  572  629  759  657  765  682  670  815  813  682  815  621  788  634  792  918  776  697  717  663  841    0  752  809  818  565  823  757  568 
 654  774  620  825  793  692  908  818  629  773  577  588  894  685  638  700  881  679  895  591  835  757  752    0  630  797  650  688  733  907 
 883  720  830  583  646  608  920  748  674  897  574  617  791  891  762  882  828  583  757  832  614  731  809  630    0  896  749  885  711  655 
 837  757  757  773  663  747  731  896  883  866  829  703  851  572  677  786  803  664  720  800  852  731  818  797  896    0  889  843  685  880 
 802  799  722  856  717  731  794  736  586  827  790  778  800  897  886  701  606  776  873  891  842  734  565  650  749  889    0  827  803  729 
 731  808  802  797  924  797  694  670  781  579  662  625  916  623  762  790  756  845  619  810  693  694  823  688  885  843  827    0  781  824 
 856  775  861  847  887  574  568  732  587  650  924  780  856  648  920  777  871  749  794  770  842  584  757  733  711  685  803  781    0  890 
 668  820  776  732  609  726  831  644  645  561  854  847  872  801  800  831  642  581  712  729  846  875  568  907  655  880  729  824  890    0 

   0  877 1144  710  784  683 1152 1066 1197  751  800  788 1123  812  785  701  952 1116  744 1039  699  909  719  626  726  793 1014  784 1169  794 
 877    0  652  906 1086  832  967  949  936  877  764 1152  877 1017 1163 1155 1130 1136  690 1006  713  831  917  787  866 1141  733  632  616 1171 
1144  652    0  778 1041 1169  956  960  928 1109  604  815  612  618  630  623  785  714  747  765  821 1132 1159  950  684  982  731 1074  764 1047 
 710  906  778    0 1065 1054  623 1071  643  756  749  909 1058 1080 1087  755  856  856 1098 1140 1198  888 1094  763  992  960 1150  737  927  894 
 784 1086 1041 1065    0  693 1069  860  866  875 1013  808 1134 1162 1039  997 1030 1115 1016 1031  648  757 1050  696 1169  795 1072  951  848  617 
 683  832 1169 1054  693    0  613  961  635 1100  730  888 1042  943 1023 1192  747  712  826  848  726  907  777  950 1045  679  606  640 1150  986 
1152  967  956  623 1069  613    0  751  652  779  810 1054  724 1064  792 1190  996  658  856  648  666 1127  898  686 1035  771  806  816 1177 1174 
1066  949  960 1071  860  961  751    0 1071  940  669  711  642  866 1173  797 1170 1100  612  742  785  818 1156  942 1094 1127  772 1179  887  923 
1197  936  928  643  866  635  652 1071    0  863 1183  804  926 1117  905  771  689  963 1144  881 1143  826  737  771  843 1055 1187 1177 1100  684 
 751  877 1109  756  875 1100  779  940  863    0  826  933  935 1146  817  869  680 1073 1064  802  736  997 1002  751  970  925  979  846 1020  954 
 800  764  604  749 1013  730  810  669 1183  826    0 1153  973 1082 1139  831 1114  794  841  907  715 1063 1197  659  894 1066  886  783  789  817 
 788 1152  815  909  808  888 1054  711  804  933 1153    0 1152  866 1092 1076  907 1021  980  727 1081 1048  957 1160 1098  870  939  618  686  905 
1123  877  612 1058 1134 1042  724  642  926  935  973 1152    0  805  899  941  728 1189 1125  635  698  616 1167  656  975  850 1151 1084 1053  787 
 812 1017  618 1080 1162  943 1064  866 1117 1146 1082  866  805    0 1055  892  834  715 1131 1199  742 1078 1012  806  900 1097  607 1140 1042 1119 
 785 1163  630 1087 1039 1023  792 1173  905  817 1139 1092  899 1055    0  745 1171 1182 1130  614 1023  973  649  803  828  687  834 1092  878 1065 
 701 1155  623  755  997 1192 1190  797  771  869  831 1076  941  892  745    0  690  995  970  991 1110  849  878  804 1157 1088  782 1001  745 1128 
 952 1130  785  856 1030  747  996 1170  689  680 1114  907  728  834 1171  690    0 1130  666  951  758  894  698  736  853  998 1114  679 1090  947 
1116 1136  714  856 1115  712  658 1100  963 1073  794 1021 1189  715 1182  995 1130    0  745 1045 1100  760  857  740 1166  994 1147  809 1087 1141 
 744  690  747 1098 1016  826  856  612 1144 1064  841  980 1125 1131 1130  970  666  745    0  979  878  621  616  688  854 1192 1021  864  659  768 
1039 1006  765 1140 1031  848  648  742  881  802  907  727  635 1199  614  991  951 1045  979    0 1022  809  964  787  934  665  963  951  936 1132 
 699  713  821 1198  648  726  666  785 1143  736  715 1081  698  742 1023 1110  758 1100  878 1022    0  716  828  921  872  876  644  874  741  991 
 909  831 1132  888  757  907 1127  818  826  997 1063 1048  616 1078  973  849  894  760  621  809  716    0  728  824  871  814  969 1191  725  719 
 719  917 1159 1094 1050  777  898 1156  737 1002 1197  957 1167 1012  649  878  698  857  616  964  828  728    0  809  798 1121  963  872 1070  948 
 626  787  950  763  696  950  686  942  771  751  659 1160  656  806  803  804  736  740  688  787  921  824  809    0 1122  782  851  861 1185 1117 
 726  866  684  992 1169 1045 1035 1094  843  970  894 1098  975  900  828 1157  853 1166  854  934  872  871  798 1122    0 1122  984  720  668  878 
 793 1141  982  960  795  679  771 1127 1055  925 1066  870  850 1097  687 1088  998  994 1192  665  876  814 1121  782 1122    0  839  748  835  902 
1014  733  731 1150 1072  606  806  772 1187  979  886  939 1151  607  834  782 1114 1147 1021  963  644  969  963  851  984  839    0 1056  609  623 
 784  632 1074  737  951  640  816 1179 1177  846  783  618 1084 1140 1092 1001  679  809  864  951  874 1191  872  861  720  748 1056    0  790  941 
1169  616  764  927  848 1150 1177  887 1100 1020  789  686 1053 1042  878  745 1090 1087  659  936  741  725 1070 1185  668  835  609  790    0  644 
 794 1171 1047  894  617  986 1174  923  684  954  817  905  787 1119 1065 1128  947 1141  768 1132  991  719  948 1117  878  902  623  941  644    0 

0 215 1068
1 354 769
2 479 848
3 538 845
4 543 917
5 483 727
6 542 957
7 253 752
8 310 896
9 424 938
10 224 1022
11 503 852
12 348 969
13 590 1038
14 201 1062
15 254 746
16 655 834
17 684 1054
18 350 948
19 231 1027
20 317 967
21 658 752
22 204 723
23 519 844
24 543 800
25 354 838
26 508 923
27 674 709
28 613 862
29 691 742

0 16 10511 12510 2336 
0 10 25935 28375 2648 
0 18 27663 29738 2600 
0 11 32294 34043 2187 
0 14 9097 12001 1162 
0 20 15679 18349 2049 
0 4 26122 27744 2264 
0 25 25949 28542 2511 
0 4 4790 6569 2264 
0 7 32964 36801 1358 
0 28 33740 36662 2568 
0 12 28127 31170 2468 
0 28 18139 21739 3424 
0 9 14884 17775 2364 
0 11 30147 32132 2187 
0 11 25535 27489 2187 
0 16 26932 30587 1168 
0 5 16676 19332 1796 
1 17 19332 22615 1688 
1 8 27917 29845 2421 
1 17 29691 33564 3376 
1 15 13411 16645 1740 
1 6 33257 36370 3100 
1 6 6811 10272 2325 
1 14 1470 4865 2238 
1 17 8156 10530 2532 
1 10 4639 7015 3312 
1 14 33719 36382 2984 
1 29 32155 35820 1640 
2 28 16100 18774 1722 
2 4 20253 23042 1716 
2 19 5628 8550 2748 
2 5 31847 35880 1394 
2 6 4774 6829 1749 
2 0 26704 31245 2736 
2 9 18433 22114 2283 
2 16 17212 18876 2288 
2 14 4843 6940 1899 
2 24 26949 28522 1660 
2 22 6807 11106 2516 
2 25 9564 12176 2271 
2 17 1214 3713 1746 
2 9 10200 13648 1522 
3 9 7760 10194 2376 
3 19 33863 36200 1210 
3 27 30545 32276 1594 
3 6 25642 27897 1785 
3 23 3771 6182 3300 
3 15 3414 6350 1650 
3 12 21414 25307 2600 
3 22 34412 38416 2277 
3 6 20325 22113 1785 
3 18 15654 19826 1678 
3 28 15938 18496 3388 
3 29 18820 21296 1464 
3 5 33261 36096 3596 
3 7 3520 6368 1132 
3 12 34522 37061 1300 
3 21 30216 33634 2571 
3 1 22375 25872 3356 
3 27 32618 35418 2391 
4 7 2249 5422 3520 
4 11 29148 31870 2760 
4 22 19908 22218 2628 
4 2 14749 18090 1716 
4 10 17770 19887 1971 
4 9 9439 12160 2253 
4 2 30431 34189 1144 
4 13 4707 9343 1352 
4 25 3876 5553 2652 
4 23 9601 11167 2379 
4 6 22211 25546 2265 
4 18 15878 19616 2488 
4 18 15768 19080 1866 
4 28 1017 4044 2661 
4 25 29596 31432 2652 
4 19 32343 34518 2325 
4 0 16858 18676 2264 
4 3 3430 5762 1744 
5 9 5925 9390 1804 
5 22 1427 4340 2295 
5 15 51 4437 1210 
5 25 368 2160 2988 
5 28 34488 37351 2296 
5 8 12971 14660 2292 
5 9 4138 7372 1804 
5 6 35888 37641 1324 
5 4 4039 5425 3356 
5 17 4296 5776 1538 
6 13 8640 11193 3364 
6 9 26215 28723 1850 
6 4 33442 36306 1510 
6 1 2424 5383 3100 
6 7 25914 27708 1156 
6 11 21072 24075 1256 
6 5 36280 37604 1324 
6 22 29003 30843 2046 
6 3 27570 29121 1190 
6 5 17484 19666 1324 
6 21 34229 36663 3292 
6 28 20080 24658 2272 
6 23 33656 35617 3632 
6 20 8426 10450 2259 
6 28 23349 25973 1704 
7 11 6737 9140 1630 
7 11 2210 4350 3260 
7 3 35727 38672 1132 
7 10 33270 35497 2828 
7 12 23470 25171 1929 
7 9 16037 19693 2649 
7 12 33081 34795 1929 
7 9 5294 7305 1766 
7 23 19095 22665 1636 
7 0 26117 28611 2037 
8 12 6839 9154 2580 
8 29 33137 34949 2580 
8 1 5150 7714 2421 
8 24 23403 26336 2022 
8 6 29244 30834 3020 
8 0 4859 7695 3604 
8 14 10563 13133 3520 
8 25 22255 24860 3532 
8 23 19394 21976 1258 
8 5 5708 7816 2292 
8 17 3321 5401 2476 
8 23 28150 29745 1887 
8 20 20886 23423 1694 
8 6 3896 5571 1510 
8 16 906 2793 3536 
8 27 20437 23155 1562 
8 22 1817 3902 1630 
8 21 30316 33355 3008 
8 27 30678 34868 2343 
9 11 35975 39287 1826 
9 27 185 3289 1737 
9 0 20062 22014 3152 
9 21 9125 12504 1418 
9 7 31353 34079 1766 
9 0 1818 3860 1576 
9 17 13078 15867 1520 
9 17 32426 36610 3040 
9 15 35523 38468 1282 
9 26 8830 10905 2481 
9 28 4763 7058 1950 
9 27 15325 18514 2316 
9 7 2268 5887 3532 
9 27 27138 30369 1158 
9 0 10790 12870 1576 
9 24 3496 6920 1794 
9 8 22701 25997 1138 
9 13 26155 30143 3292 
10 16 30678 33864 1252 
10 25 31402 33555 2487 
10 21 27915 30211 1752 
10 8 20831 25503 2265 
10 20 15479 18331 2388 
10 22 2788 7157 2046 
10 22 225 3971 1364 
10 18 28003 31039 3324 
10 4 23660 25696 1971 
10 5 5964 8570 2424 
10 6 35224 37095 2524 
10 2 29779 31174 3436 
10 0 20597 23365 1986 
10 22 30889 34922 2728 
10 27 27246 30284 1324 
10 23 7001 8997 1731 
10 11 18908 22170 2628 
10 19 19737 21777 2751 
10 20 10824 12504 1791 
11 25 8225 11122 1406 
11 1 3907 6614 1392 
11 27 4505 6834 1875 
11 20 17837 21717 2334 
11 6 21072 24866 1256 
11 17 30786 34328 1594 
11 1 13059 16676 2784 
11 14 31337 35508 1814 
12 13 4848 6812 1694 
12 15 18200 21898 1208 
12 19 21873 24387 2679 
12 19 3695 5727 1786 
12 22 18643 22949 1242 
12 6 1647 4275 1148 
12 29 30731 32619 2616 
12 6 20934 23373 1722 
12 13 35498 38074 3388 
13 2 6067 7760 1746 
13 4 7366 10991 1352 
13 12 2804 4575 2541 
13 4 17926 20923 2028 
13 9 20201 24097 2469 
13 16 744 3371 2262 
13 11 13268 15415 1718 
13 7 22496 25189 1488 
13 2 32751 34160 1164 
13 26 10273 12616 3588 
13 22 23378 26140 2364 
13 18 5404 8107 3488 
13 25 30648 33741 1716 
13 16 27500 30727 3016 
14 13 9114 11308 1923 
14 13 33221 36006 2564 
14 8 26551 28469 3520 
14 3 5366 8279 2384 
14 13 25822 29757 1923 
14 4 13108 15196 1938 
14 17 14572 17869 1850 
14 25 33744 36409 1354 
14 29 21943 25798 1600 
14 25 25851 27891 2708 
14 24 21942 24690 3048 
15 12 13405 15785 2416 
15 12 20749 23289 1208 
15 26 34087 36237 2804 
15 0 16893 19430 2763 
15 11 4738 8482 1686 
15 12 35995 39100 1812 
15 25 56 3994 1572 
15 25 28416 31190 3144 
16 25 15321 18315 3212 
16 6 17311 20199 1938 
16 29 20244 22990 1926 
16 20 16897 19610 3332 
16 28 14144 18264 1742 
16 10 30294 34070 1878 
16 15 29980 32671 2316 
16 2 22247 25073 1144 
16 25 5906 8480 3212 
16 25 20829 23463 1606 
16 14 5515 9754 1330 
16 14 6311 9987 1330 
16 10 4682 7890 1252 
17 3 21313 24368 1950 
17 1 33000 35987 3376 
17 28 31955 34748 1498 
17 27 5359 8457 3380 
17 12 29464 33839 2812 
17 19 7755 10649 2274 
17 6 3336 5671 1430 
17 4 19548 23350 2284 
17 8 17664 20504 1238 
17 2 1438 3380 2328 
17 11 25721 28161 3188 
17 14 8422 13067 2775 
18 24 16960 18770 3028 
18 12 31280 34666 2130 
18 10 10538 13397 2493 
18 10 9788 11503 1662 
18 29 21630 23941 2136 
18 17 21245 22995 2992 
18 3 19030 23158 2517 
18 16 10676 13313 2484 
18 17 23002 25348 1496 
18 24 13694 15410 2271 
18 16 1174 2998 1863 
18 20 15700 18623 2184 
18 24 48 2738 1514 
18 13 14151 16888 3488 
18 8 28486 31220 3392 
18 26 35347 39063 1746 
18 22 1969 3533 2788 
18 3 29161 31741 3356 
18 29 6760 8426 2848 
18 29 30119 31977 2848 
18 10 27453 29471 3324 
18 21 26365 28625 1748 
18 10 7736 9855 2493 
19 21 4893 6729 3220 
19 16 35098 38597 1822 
19 28 6720 8872 2310 
19 14 31763 33869 2103 
19 21 16356 18338 3220 
19 20 17600 21483 1863 
19 20 241 2847 1863 
19 9 13745 16503 1242 
19 21 35813 38377 3220 
19 28 28817 31447 2310 
19 20 25935 29777 1863 
19 28 31748 34574 1540 
20 5 33105 34811 1128 
20 21 5107 7605 2016 
20 8 25868 29457 2541 
20 13 8565 11458 1730 
20 29 14211 17659 3384 
20 14 19749 22163 1848 
20 8 10469 13509 3388 
20 19 28065 32122 1242 
20 9 10697 12448 3600 
20 17 18507 20817 2264 
20 2 18517 20889 1262 
20 28 410 3314 2526 
21 17 16946 18800 1524 
21 3 28619 31389 1714 
21 28 19344 20815 1168 
21 11 22164 24270 1382 
21 25 26938 28956 2924 
21 25 15406 17953 1462 
21 15 5267 7712 1132 
21 14 5241 8909 1676 
21 15 13053 15336 1132 
21 7 7027 9153 2391 
21 13 26447 30112 2256 
21 22 22829 25588 3364 
21 0 21197 24187 1638 
21 2 34181 36716 3676 
21 22 18682 21128 2523 
21 9 8121 10164 1418 
21 18 29233 30891 1748 
21 0 36422 39721 1638 
22 10 4228 7064 2728 
22 8 8565 10746 2445 
22 3 29206 31634 2277 
22 5 23122 25950 1530 
22 19 17269 20912 2868 
22 9 21317 23361 3252 
22 14 29858 31220 1268 
22 25 35356 37687 2454 
22 11 31455 34842 1630 
22 26 17810 19899 1130 
22 29 15506 18719 1136 
23 28 33545 37218 2932 
23 16 122 2594 1762 
23 8 16781 18323 2516 
23 5 8770 12532 2768 
23 17 28992 30494 2037 
23 20 18178 20029 3340 
23 9 35185 38098 1546 
23 9 34161 35993 3092 
23 17 35252 37679 1358 
23 4 31943 34330 3172 
23 29 3442 7317 2721 
23 10 21 2162 1154 
23 19 36151 39157 1773 
23 4 35777 38352 2379 
23 29 26834 29179 3628 
23 10 22409 24003 1154 
23 1 18922 20684 3096 
23 1 6887 8893 1548 
23 5 34875 36803 1384 
23 5 22351 25904 1384 
23 21 4734 6728 2271 
24 18 7436 9477 1514 
24 27 28331 30923 1770 
24 6 22317 26053 1840 
24 20 6241 8159 2456 
24 17 9675 13884 2332 
24 9 23615 27242 2691 
24 20 15332 18532 1228 
24 25 34235 37129 1792 
24 18 2455 5392 1514 
24 12 29332 31584 3164 
24 23 23470 25915 2520 
24 6 3878 7759 1840 
24 7 26224 28499 1496 
25 13 25765 27980 1716 
25 16 8319 10774 1606 
25 24 19718 23476 1792 
25 2 386 3489 3028 
25 18 5897 9163 2160 
25 8 14855 18315 3532 
25 16 16363 18997 3212 
25 27 8504 11024 2529 
25 20 35704 38892 1704 
25 4 31422 33234 1326 
25 17 21666 23832 1328 
25 10 4337 8334 1658 
25 17 27606 30498 1992 
25 21 4 1876 1462 
25 27 2446 4704 2529 
25 24 18293 21445 1792 
26 24 19368 22329 1498 
26 3 19361 23087 2568 
26 21 6042 8464 2936 
26 29 31173 33291 2187 
26 11 9686 13057 2334 
26 3 31058 34324 3424 
26 17 13935 18121 3104 
26 0 12873 15691 1604 
27 8 13067 16962 2343 
27 17 20709 23669 3380 
27 5 10717 12822 2391 
27 0 22763 25883 1462 
27 9 33157 35136 1158 
27 2 22279 25501 2406 
27 18 16114 19233 1857 
27 12 19791 24061 2748 
27 7 31323 35579 2680 
28 25 6377 8773 2055 
28 3 13255 15943 2541 
28 13 2626 5679 1944 
28 20 26354 28717 1684 
28 25 33126 36399 1370 
28 11 29463 31205 3120 
28 8 23414 26065 2348 
28 3 9947 11810 3388 
28 22 3729 6692 3028 
28 22 31535 35804 3028 
28 15 27883 30661 1554 
28 8 18131 21321 2348 
28 23 12906 17527 1466 
28 26 7331 9687 1606 
29 26 33850 35195 2187 
29 13 15915 20323 2403 
29 23 256 3997 1814 
29 17 30808 33306 1162 
29 24 15405 17187 1310 
29 28 15479 17192 1780 
29 5 35489 38634 2178 
29 1 34661 38689 3280 
29 11 10230 13225 1694 
29 6 21250 23821 1662 
29 6 14788 18662 2493 
29 6 31225 35075 3324 
29 25 27070 28982 3520 
29 17 34850 37964 1162 

0 1 0 0
0 1 1 0
0 1 2 0
0 1 3 0
0 1 4 0
0 2 0 4358
0 2 1 4358
0 2 2 0
0 2 3 0
0 2 4 0
0 3 0 0
0 3 1 0
0 3 2 0
0 3 3 0
0 3 4 0
0 4 0 0
0 4 1 0
0 4 2 0
0 4 3 0
0 4 4 0
0 5 0 0
0 5 1 0
0 5 2 0
0 5 3 0
0 5 4 0
0 6 0 3489
0 6 1 3489
0 6 2 3489
0 6 3 0
0 6 4 0
0 7 0 4583
0 7 1 4583
0 7 2 0
0 7 3 0
0 7 4 0
0 8 0 0
0 8 1 0
0 8 2 0
0 8 3 0
0 8 4 0
0 9 0 0
0 9 1 0
0 9 2 0
0 9 3 0
0 9 4 0
0 10 0 0
0 10 1 0
0 10 2 0
0 10 3 0
0 10 4 0
0 11 0 0
0 11 1 0
0 11 2 0
0 11 3 0
0 11 4 0
0 12 0 0
0 12 1 0
0 12 2 0
0 12 3 0
0 12 4 0
0 13 0 0
0 13 1 0
0 13 2 0
0 13 3 0
0 13 4 0
0 14 0 4586
0 14 1 4586
0 14 2 0
0 14 3 0
0 14 4 0
0 15 0 0
0 15 1 0
0 15 2 0
0 15 3 0
0 15 4 0
0 16 0 0
0 16 1 0
0 16 2 0
0 16 3 0
0 16 4 0
0 17 0 0
0 17 1 0
0 17 2 0
0 17 3 0
0 17 4 0
0 18 0 0
0 18 1 0
0 18 2 0
0 18 3 0
0 18 4 0
0 19 0 0
0 19 1 0
0 19 2 0
0 19 3 0
0 19 4 0
0 20 0 0
0 20 1 0
0 20 2 0
0 20 3 0
0 20 4 0
0 21 0 4457
0 21 1 4457
0 21 2 0
0 21 3 0
0 21 4 0
0 22 0 0
0 22 1 0
0 22 2 0
0 22 3 0
0 22 4 0
0 23 0 0
0 23 1 0
0 23 2 0
0 23 3 0
0 23 4 0
0 24 0 4453
0 24 1 4453
0 24 2 0
0 24 3 0
0 24 4 0
0 25 0 0
0 25 1 0
0 25 2 0
0 25 3 0
0 25 4 0
0 26 0 0
0 26 1 0
0 26 2 0
0 26 3 0
0 26 4 0
0 27 0 0
0 27 1 0
0 27 2 0
0 27 3 0
0 27 4 0
0 28 0 4787
0 28 1 4787
0 28 2 0
0 28 3 0
0 28 4 0
0 29 0 0
0 29 1 0
0 29 2 0
0 29 3 0
0 29 4 0
1 0 0 0
1 0 1 0
1 0 2 0
1 0 3 0
1 0 4 0
1 2 0 0
1 2 1 0
1 2 2 0
1 2 3 0
1 2 4 0
1 3 0 0
1 3 1 0
1 3 2 0
1 3 3 0
1 3 4 0
1 4 0 0
1 4 1 0
1 4 2 0
1 4 3 0
1 4 4 0
1 5 0 0
1 5 1 0
1 5 2 0
1 5 3 0
1 5 4 0
1 6 0 0
1 6 1 0
1 6 2 0
1 6 3 0
1 6 4 0
1 7 0 4945
1 7 1 4945
1 7 2 0
1 7 3 0
1 7 4 0
1 8 0 0
1 8 1 0
1 8 2 0
1 8 3 0
1 8 4 0
1 9 0 0
1 9 1 0
1 9 2 0
1 9 3 0
1 9 4 0
1 10 0 0
1 10 1 0
1 10 2 0
1 10 3 0
1 10 4 0
1 11 0 0
1 11 1 0
1 11 2 0
1 11 3 0
1 11 4 0
1 12 0 0
1 12 1 0
1 12 2 0
1 12 3 0
1 12 4 0
1 13 0 0
1 13 1 0
1 13 2 0
1 13 3 0
1 13 4 0
1 14 0 4790
1 14 1 4790
1 14 2 4790
1 14 3 0
1 14 4 0
1 15 0 0
1 15 1 0
1 15 2 0
1 15 3 0
1 15 4 0
1 16 0 4658
1 16 1 4658
1 16 2 0
1 16 3 0
1 16 4 0
1 17 0 0
1 17 1 0
1 17 2 0
1 17 3 0
1 17 4 0
1 18 0 0
1 18 1 0
1 18 2 0
1 18 3 0
1 18 4 0
1 19 0 4973
1 19 1 4973
1 19 2 4973
1 19 3 0
1 19 4 0
1 20 0 4235
1 20 1 4235
1 20 2 0
1 20 3 0
1 20 4 0
1 21 0 0
1 21 1 0
1 21 2 0
1 21 3 0
1 21 4 0
1 22 0 0
1 22 1 0
1 22 2 0
1 22 3 0
1 22 4 0
1 23 0 0
1 23 1 0
1 23 2 0
1 23 3 0
1 23 4 0
1 24 0 4002
1 24 1 4002
1 24 2 4002
1 24 3 0
1 24 4 0
1 25 0 0
1 25 1 0
1 25 2 0
1 25 3 0
1 25 4 0
1 26 0 0
1 26 1 0
1 26 2 0
1 26 3 0
1 26 4 0
1 27 0 0
1 27 1 0
1 27 2 0
1 27 3 0
1 27 4 0
1 28 0 0
1 28 1 0
1 28 2 0
1 28 3 0
1 28 4 0
1 29 0 0
1 29 1 0
1 29 2 0
1 29 3 0
1 29 4 0
2 0 0 4358
2 0 1 4358
2 0 2 0
2 0 3 0
2 0 4 0
2 1 0 0
2 1 1 0
2 1 2 0
2 1 3 0
2 1 4 0
2 3 0 4324
2 3 1 4324
2 3 2 4324
2 3 3 0
2 3 4 0
2 4 0 0
2 4 1 0
2 4 2 0
2 4 3 0
2 4 4 0
2 5 0 4663
2 5 1 4663
2 5 2 0
2 5 3 0
2 5 4 0
2 6 0 0
2 6 1 0
2 6 2 0
2 6 3 0
2 6 4 0
2 7 0 4413
2 7 1 4413
2 7 2 0
2 7 3 0
2 7 4 0
2 8 0 0
2 8 1 0
2 8 2 0
2 8 3 0
2 8 4 0
2 9 0 4720
2 9 1 4720
2 9 2 0
2 9 3 0
2 9 4 0
2 10 0 4387
2 10 1 4387
2 10 2 0
2 10 3 0
2 10 4 0
2 11 0 4520
2 11 1 4520
2 11 2 4520
2 11 3 0
2 11 4 0
2 12 0 4751
2 12 1 4751
2 12 2 4751
2 12 3 0
2 12 4 0
2 13 0 4186
2 13 1 4186
2 13 2 0
2 13 3 0
2 13 4 0
2 14 0 0
2 14 1 0
2 14 2 0
2 14 3 0
2 14 4 0
2 15 0 4576
2 15 1 4576
2 15 2 4576
2 15 3 0
2 15 4 0
2 16 0 4889
2 16 1 4889
2 16 2 0
2 16 3 0
2 16 4 0
2 17 0 0
2 17 1 0
2 17 2 0
2 17 3 0
2 17 4 0
2 18 0 0
2 18 1 0
2 18 2 0
2 18 3 0
2 18 4 0
2 19 0 0
2 19 1 0
2 19 2 0
2 19 3 0
2 19 4 0
2 20 0 4100
2 20 1 4100
2 20 2 4100
2 20 3 0
2 20 4 0
2 21 0 0
2 21 1 0
2 21 2 0
2 21 3 0
2 21 4 0
2 22 0 4196
2 22 1 4196
2 22 2 4196
2 22 3 0
2 22 4 0
2 23 0 0
2 23 1 0
2 23 2 0
2 23 3 0
2 23 4 0
2 24 0 0
2 24 1 0
2 24 2 0
2 24 3 0
2 24 4 0
2 25 0 0
2 25 1 0
2 25 2 0
2 25 3 0
2 25 4 0
2 26 0 4575
2 26 1 4575
2 26 2 0
2 26 3 0
2 26 4 0
2 27 0 4818
2 27 1 4818
2 27 2 4818
2 27 3 0
2 27 4 0
2 28 0 0
2 28 1 0
2 28 2 0
2 28 3 0
2 28 4 0
2 29 0 0
2 29 1 0
2 29 2 0
2 29 3 0
2 29 4 0
3 0 0 0
3 0 1 0
3 0 2 0
3 0 3 0
3 0 4 0
3 1 0 0
3 1 1 0
3 1 2 0
3 1 3 0
3 1 4 0
3 2 0 4324
3 2 1 4324
3 2 2 4324
3 2 3 0
3 2 4 0
3 4 0 0
3 4 1 0
3 4 2 0
3 4 3 0
3 4 4 0
3 5 0 4948
3 5 1 4948
3 5 2 0
3 5 3 0
3 5 4 0
3 6 0 0
3 6 1 0
3 6 2 0
3 6 3 0
3 6 4 0
3 7 0 4826
3 7 1 4826
3 7 2 4826
3 7 3 0
3 7 4 0
3 8 0 0
3 8 1 0
3 8 2 0
3 8 3 0
3 8 4 0
3 9 0 0
3 9 1 0
3 9 2 0
3 9 3 0
3 9 4 0
3 10 0 0
3 10 1 0
3 10 2 0
3 10 3 0
3 10 4 0
3 11 0 4915
3 11 1 4915
3 11 2 0
3 11 3 0
3 11 4 0
3 12 0 4757
3 12 1 4757
3 12 2 4757
3 12 3 0
3 12 4 0
3 13 0 0
3 13 1 0
3 13 2 0
3 13 3 0
3 13 4 0
3 14 0 4042
3 14 1 4042
3 14 2 4042
3 14 3 0
3 14 4 0
3 15 0 0
3 15 1 0
3 15 2 0
3 15 3 0
3 15 4 0
3 16 0 0
3 16 1 0
3 16 2 0
3 16 3 0
3 16 4 0
3 17 0 0
3 17 1 0
3 17 2 0
3 17 3 0
3 17 4 0
3 18 0 4736
3 18 1 4736
3 18 2 0
3 18 3 0
3 18 4 0
3 19 0 4351
3 19 1 4351
3 19 2 4351
3 19 3 0
3 19 4 0
3 20 0 0
3 20 1 0
3 20 2 0
3 20 3 0
3 20 4 0
3 21 0 0
3 21 1 0
3 21 2 0
3 21 3 0
3 21 4 0
3 22 0 0
3 22 1 0
3 22 2 0
3 22 3 0
3 22 4 0
3 23 0 0
3 23 1 0
3 23 2 0
3 23 3 0
3 23 4 0
3 24 0 4722
3 24 1 4722
3 24 2 0
3 24 3 0
3 24 4 0
3 25 0 0
3 25 1 0
3 25 2 0
3 25 3 0
3 25 4 0
3 26 0 4882
3 26 1 4882
3 26 2 4882
3 26 3 0
3 26 4 0
3 27 0 4557
3 27 1 4557
3 27 2 4557
3 27 3 0
3 27 4 0
3 28 0 0
3 28 1 0
3 28 2 0
3 28 3 0
3 28 4 0
3 29 0 4998
3 29 1 4998
3 29 2 0
3 29 3 0
3 29 4 0
4 0 0 0
4 0 1 0
4 0 2 0
4 0 3 0
4 0 4 0
4 1 0 0
4 1 1 0
4 1 2 0
4 1 3 0
4 1 4 0
4 2 0 0
4 2 1 0
4 2 2 0
4 2 3 0
4 2 4 0
4 3 0 0
4 3 1 0
4 3 2 0
4 3 3 0
4 3 4 0
4 5 0 0
4 5 1 0
4 5 2 0
4 5 3 0
4 5 4 0
4 6 0 0
4 6 1 0
4 6 2 0
4 6 3 0
4 6 4 0
4 7 0 0
4 7 1 0
4 7 2 0
4 7 3 0
4 7 4 0
4 8 0 0
4 8 1 0
4 8 2 0
4 8 3 0
4 8 4 0
4 9 0 0
4 9 1 0
4 9 2 0
4 9 3 0
4 9 4 0
4 10 0 0
4 10 1 0
4 10 2 0
4 10 3 0
4 10 4 0
4 11 0 3225
4 11 1 3225
4 11 2 3225
4 11 3 0
4 11 4 0
4 12 0 0
4 12 1 0
4 12 2 0
4 12 3 0
4 12 4 0
4 13 0 0
4 13 1 0
4 13 2 0
4 13 3 0
4 13 4 0
4 14 0 0
4 14 1 0
4 14 2 0
4 14 3 0
4 14 4 0
4 15 0 0
4 15 1 0
4 15 2 0
4 15 3 0
4 15 4 0
4 16 0 0
4 16 1 0
4 16 2 0
4 16 3 0
4 16 4 0
4 17 0 0
4 17 1 0
4 17 2 0
4 17 3 0
4 17 4 0
4 18 0 4027
4 18 1 4027
4 18 2 0
4 18 3 0
4 18 4 0
4 19 0 4279
4 19 1 4279
4 19 2 0
4 19 3 0
4 19 4 0
4 20 0 4088
4 20 1 4088
4 20 2 4088
4 20 3 0
4 20 4 0
4 21 0 0
4 21 1 0
4 21 2 0
4 21 3 0
4 21 4 0
4 22 0 4455
4 22 1 4455
4 22 2 0
4 22 3 0
4 22 4 0
4 23 0 0
4 23 1 0
4 23 2 0
4 23 3 0
4 23 4 0
4 24 0 0
4 24 1 0
4 24 2 0
4 24 3 0
4 24 4 0
4 25 0 4974
4 25 1 4974
4 25 2 0
4 25 3 0
4 25 4 0
4 26 0 0
4 26 1 0
4 26 2 0
4 26 3 0
4 26 4 0
4 27 0 0
4 27 1 0
4 27 2 0
4 27 3 0
4 27 4 0
4 28 0 0
4 28 1 0
4 28 2 0
4 28 3 0
4 28 4 0
4 29 0 0
4 29 1 0
4 29 2 0
4 29 3 0
4 29 4 0
5 0 0 0
5 0 1 0
5 0 2 0
5 0 3 0
5 0 4 0
5 1 0 0
5 1 1 0
5 1 2 0
5 1 3 0
5 1 4 0
5 2 0 4663
5 2 1 4663
5 2 2 0
5 2 3 0
5 2 4 0
5 3 0 4948
5 3 1 4948
5 3 2 0
5 3 3 0
5 3 4 0
5 4 0 0
5 4 1 0
5 4 2 0
5 4 3 0
5 4 4 0
5 6 0 0
5 6 1 0
5 6 2 0
5 6 3 0
5 6 4 0
5 7 0 4609
5 7 1 4609
5 7 2 0
5 7 3 0
5 7 4 0
5 8 0 0
5 8 1 0
5 8 2 0
5 8 3 0
5 8 4 0
5 9 0 0
5 9 1 0
5 9 2 0
5 9 3 0
5 9 4 0
5 10 0 0
5 10 1 0
5 10 2 0
5 10 3 0
5 10 4 0
5 11 0 4807
5 11 1 4807
5 11 2 0
5 11 3 0
5 11 4 0
5 12 0 0
5 12 1 0
5 12 2 0
5 12 3 0
5 12 4 0
5 13 0 0
5 13 1 0
5 13 2 0
5 13 3 0
5 13 4 0
5 14 0 0
5 14 1 0
5 14 2 0
5 14 3 0
5 14 4 0
5 15 0 0
5 15 1 0
5 15 2 0
5 15 3 0
5 15 4 0
5 16 0 4007
5 16 1 4007
5 16 2 0
5 16 3 0
5 16 4 0
5 17 0 0
5 17 1 0
5 17 2 0
5 17 3 0
5 17 4 0
5 18 0 0
5 18 1 0
5 18 2 0
5 18 3 0
5 18 4 0
5 19 0 0
5 19 1 0
5 19 2 0
5 19 3 0
5 19 4 0
5 20 0 4297
5 20 1 4297
5 20 2 0
5 20 3 0
5 20 4 0
5 21 0 4522
5 21 1 4522
5 21 2 0
5 21 3 0
5 21 4 0
5 22 0 0
5 22 1 0
5 22 2 0
5 22 3 0
5 22 4 0
5 23 0 0
5 23 1 0
5 23 2 0
5 23 3 0
5 23 4 0
5 24 0 0
5 24 1 0
5 24 2 0
5 24 3 0
5 24 4 0
5 25 0 0
5 25 1 0
5 25 2 0
5 25 3 0
5 25 4 0
5 26 0 0
5 26 1 0
5 26 2 0
5 26 3 0
5 26 4 0
5 27 0 0
5 27 1 0
5 27 2 0
5 27 3 0
5 27 4 0
5 28 0 0
5 28 1 0
5 28 2 0
5 28 3 0
5 28 4 0
5 29 0 0
5 29 1 0
5 29 2 0
5 29 3 0
5 29 4 0
6 0 0 3489
6 0 1 3489
6 0 2 3489
6 0 3 0
6 0 4 0
6 1 0 0
6 1 1 0
6 1 2 0
6 1 3 0
6 1 4 0
6 2 0 0
6 2 1 0
6 2 2 0
6 2 3 0
6 2 4 0
6 3 0 0
6 3 1 0
6 3 2 0
6 3 3 0
6 3 4 0
6 4 0 0
6 4 1 0
6 4 2 0
6 4 3 0
6 4 4 0
6 5 0 0
6 5 1 0
6 5 2 0
6 5 3 0
6 5 4 0
6 7 0 0
6 7 1 0
6 7 2 0
6 7 3 0
6 7 4 0
6 8 0 4302
6 8 1 4302
6 8 2 0
6 8 3 0
6 8 4 0
6 9 0 3781
6 9 1 3781
6 9 2 3781
6 9 3 0
6 9 4 0
6 10 0 0
6 10 1 0
6 10 2 0
6 10 3 0
6 10 4 0
6 11 0 0
6 11 1 0
6 11 2 0
6 11 3 0
6 11 4 0
6 12 0 0
6 12 1 0
6 12 2 0
6 12 3 0
6 12 4 0
6 13 0 0
6 13 1 0
6 13 2 0
6 13 3 0
6 13 4 0
6 14 0 0
6 14 1 0
6 14 2 0
6 14 3 0
6 14 4 0
6 15 0 4258
6 15 1 4258
6 15 2 4258
6 15 3 0
6 15 4 0
6 16 0 0
6 16 1 0
6 16 2 0
6 16 3 0
6 16 4 0
6 17 0 4460
6 17 1 4460
6 17 2 0
6 17 3 0
6 17 4 0
6 18 0 4022
6 18 1 4022
6 18 2 4022
6 18 3 0
6 18 4 0
6 19 0 0
6 19 1 0
6 19 2 0
6 19 3 0
6 19 4 0
6 20 0 0
6 20 1 0
6 20 2 0
6 20 3 0
6 20 4 0
6 21 0 0
6 21 1 0
6 21 2 0
6 21 3 0
6 21 4 0
6 22 0 0
6 22 1 0
6 22 2 0
6 22 3 0
6 22 4 0
6 23 0 3453
6 23 1 3453
6 23 2 0
6 23 3 0
6 23 4 0
6 24 0 0
6 24 1 0
6 24 2 0
6 24 3 0
6 24 4 0
6 25 0 0
6 25 1 0
6 25 2 0
6 25 3 0
6 25 4 0
6 26 0 4242
6 26 1 4242
6 26 2 0
6 26 3 0
6 26 4 0
6 27 0 0
6 27 1 0
6 27 2 0
6 27 3 0
6 27 4 0
6 28 0 0
6 28 1 0
6 28 2 0
6 28 3 0
6 28 4 0
6 29 0 4136
6 29 1 4136
6 29 2 0
6 29 3 0
6 29 4 0
7 0 0 4583
7 0 1 4583
7 0 2 0
7 0 3 0
7 0 4 0
7 1 0 4945
7 1 1 4945
7 1 2 0
7 1 3 0
7 1 4 0
7 2 0 4413
7 2 1 4413
7 2 2 0
7 2 3 0
7 2 4 0
7 3 0 4826
7 3 1 4826
7 3 2 4826
7 3 3 0
7 3 4 0
7 4 0 0
7 4 1 0
7 4 2 0
7 4 3 0
7 4 4 0
7 5 0 4609
7 5 1 4609
7 5 2 0
7 5 3 0
7 5 4 0
7 6 0 0
7 6 1 0
7 6 2 0
7 6 3 0
7 6 4 0
7 8 0 0
7 8 1 0
7 8 2 0
7 8 3 0
7 8 4 0
7 9 0 0
7 9 1 0
7 9 2 0
7 9 3 0
7 9 4 0
7 10 0 0
7 10 1 0
7 10 2 0
7 10 3 0
7 10 4 0
7 11 0 4456
7 11 1 4456
7 11 2 4456
7 11 3 0
7 11 4 0
7 12 0 0
7 12 1 0
7 12 2 0
7 12 3 0
7 12 4 0
7 13 0 0
7 13 1 0
7 13 2 0
7 13 3 0
7 13 4 0
7 14 0 4562
7 14 1 4562
7 14 2 4562
7 14 3 0
7 14 4 0
7 15 0 4876
7 15 1 4876
7 15 2 0
7 15 3 0
7 15 4 0
7 16 0 0
7 16 1 0
7 16 2 0
7 16 3 0
7 16 4 0
7 17 0 3603
7 17 1 3603
7 17 2 3603
7 17 3 0
7 17 4 0
7 18 0 0
7 18 1 0
7 18 2 0
7 18 3 0
7 18 4 0
7 19 0 0
7 19 1 0
7 19 2 0
7 19 3 0
7 19 4 0
7 20 0 4291
7 20 1 4291
7 20 2 0
7 20 3 0
7 20 4 0
7 21 0 4178
7 21 1 4178
7 21 2 4178
7 21 3 0
7 21 4 0
7 22 0 4486
7 22 1 4486
7 22 2 0
7 22 3 0
7 22 4 0
7 23 0 0
7 23 1 0
7 23 2 0
7 23 3 0
7 23 4 0
7 24 0 0
7 24 1 0
7 24 2 0
7 24 3 0
7 24 4 0
7 25 0 4728
7 25 1 4728
7 25 2 4728
7 25 3 0
7 25 4 0
7 26 0 0
7 26 1 0
7 26 2 0
7 26 3 0
7 26 4 0
7 27 0 0
7 27 1 0
7 27 2 0
7 27 3 0
7 27 4 0
7 28 0 0
7 28 1 0
7 28 2 0
7 28 3 0
7 28 4 0
7 29 0 0
7 29 1 0
7 29 2 0
7 29 3 0
7 29 4 0
8 0 0 0
8 0 1 0
8 0 2 0
8 0 3 0
8 0 4 0
8 1 0 0
8 1 1 0
8 1 2 0
8 1 3 0
8 1 4 0
8 2 0 0
8 2 1 0
8 2 2 0
8 2 3 0
8 2 4 0
8 3 0 0
8 3 1 0
8 3 2 0
8 3 3 0
8 3 4 0
8 4 0 0
8 4 1 0
8 4 2 0
8 4 3 0
8 4 4 0
8 5 0 0
8 5 1 0
8 5 2 0
8 5 3 0
8 5 4 0
8 6 0 4302
8 6 1 4302
8 6 2 0
8 6 3 0
8 6 4 0
8 7 0 0
8 7 1 0
8 7 2 0
8 7 3 0
8 7 4 0
8 9 0 0
8 9 1 0
8 9 2 0
8 9 3 0
8 9 4 0
8 10 0 0
8 10 1 0
8 10 2 0
8 10 3 0
8 10 4 0
8 11 0 0
8 11 1 0
8 11 2 0
8 11 3 0
8 11 4 0
8 12 0 4739
8 12 1 4739
8 12 2 0
8 12 3 0
8 12 4 0
8 13 0 0
8 13 1 0
8 13 2 0
8 13 3 0
8 13 4 0
8 14 0 0
8 14 1 0
8 14 2 0
8 14 3 0
8 14 4 0
8 15 0 0
8 15 1 0
8 15 2 0
8 15 3 0
8 15 4 0
8 16 0 0
8 16 1 0
8 16 2 0
8 16 3 0
8 16 4 0
8 17 0 0
8 17 1 0
8 17 2 0
8 17 3 0
8 17 4 0
8 18 0 4285
8 18 1 4285
8 18 2 4285
8 18 3 0
8 18 4 0
8 19 0 4256
8 19 1 4256
8 19 2 0
8 19 3 0
8 19 4 0
8 20 0 4026
8 20 1 4026
8 20 2 0
8 20 3 0
8 20 4 0
8 21 0 0
8 21 1 0
8 21 2 0
8 21 3 0
8 21 4 0
8 22 0 4136
8 22 1 4136
8 22 2 0
8 22 3 0
8 22 4 0
8 23 0 0
8 23 1 0
8 23 2 0
8 23 3 0
8 23 4 0
8 24 0 0
8 24 1 0
8 24 2 0
8 24 3 0
8 24 4 0
8 25 0 0
8 25 1 0
8 25 2 0
8 25 3 0
8 25 4 0
8 26 0 0
8 26 1 0
8 26 2 0
8 26 3 0
8 26 4 0
8 27 0 0
8 27 1 0
8 27 2 0
8 27 3 0
8 27 4 0
8 28 0 0
8 28 1 0
8 28 2 0
8 28 3 0
8 28 4 0
8 29 0 4770
8 29 1 4770
8 29 2 4770
8 29 3 0
8 29 4 0
9 0 0 0
9 0 1 0
9 0 2 0
9 0 3 0
9 0 4 0
9 1 0 0
9 1 1 0
9 1 2 0
9 1 3 0
9 1 4 0
9 2 0 4720
9 2 1 4720
9 2 2 0
9 2 3 0
9 2 4 0
9 3 0 0
9 3 1 0
9 3 2 0
9 3 3 0
9 3 4 0
9 4 0 0
9 4 1 0
9 4 2 0
9 4 3 0
9 4 4 0
9 5 0 0
9 5 1 0
9 5 2 0
9 5 3 0
9 5 4 0
9 6 0 3781
9 6 1 3781
9 6 2 3781
9 6 3 0
9 6 4 0
9 7 0 0
9 7 1 0
9 7 2 0
9 7 3 0
9 7 4 0
9 8 0 0
9 8 1 0
9 8 2 0
9 8 3 0
9 8 4 0
9 10 0 0
9 10 1 0
9 10 2 0
9 10 3 0
9 10 4 0
9 11 0 0
9 11 1 0
9 11 2 0
9 11 3 0
9 11 4 0
9 12 0 0
9 12 1 0
9 12 2 0
9 12 3 0
9 12 4 0
9 13 0 4980
9 13 1 4980
9 13 2 0
9 13 3 0
9 13 4 0
9 14 0 0
9 14 1 0
9 14 2 0
9 14 3 0
9 14 4 0
9 15 0 0
9 15 1 0
9 15 2 0
9 15 3 0
9 15 4 0
9 16 0 0
9 16 1 0
9 16 2 0
9 16 3 0
9 16 4 0
9 17 0 4083
9 17 1 4083
9 17 2 4083
9 17 3 0
9 17 4 0
9 18 0 0
9 18 1 0
9 18 2 0
9 18 3 0
9 18 4 0
9 19 0 4351
9 19 1 4351
9 19 2 4351
9 19 3 0
9 19 4 0
9 20 0 0
9 20 1 0
9 20 2 0
9 20 3 0
9 20 4 0
9 21 0 0
9 21 1 0
9 21 2 0
9 21 3 0
9 21 4 0
9 22 0 0
9 22 1 0
9 22 2 0
9 22 3 0
9 22 4 0
9 23 0 4291
9 23 1 4291
9 23 2 4291
9 23 3 0
9 23 4 0
9 24 0 0
9 24 1 0
9 24 2 0
9 24 3 0
9 24 4 0
9 25 0 0
9 25 1 0
9 25 2 0
9 25 3 0
9 25 4 0
9 26 0 0
9 26 1 0
9 26 2 0
9 26 3 0
9 26 4 0
9 27 0 4976
9 27 1 4976
9 27 2 4976
9 27 3 0
9 27 4 0
9 28 0 0
9 28 1 0
9 28 2 0
9 28 3 0
9 28 4 0
9 29 0 0
9 29 1 0
9 29 2 0
9 29 3 0
9 29 4 0
10 0 0 0
10 0 1 0
10 0 2 0
10 0 3 0
10 0 4 0
10 1 0 0
10 1 1 0
10 1 2 0
10 1 3 0
10 1 4 0
10 2 0 4387
10 2 1 4387
10 2 2 0
10 2 3 0
10 2 4 0
10 3 0 0
10 3 1 0
10 3 2 0
10 3 3 0
10 3 4 0
10 4 0 0
10 4 1 0
10 4 2 0
10 4 3 0
10 4 4 0
10 5 0 0
10 5 1 0
10 5 2 0
10 5 3 0
10 5 4 0
10 6 0 0
10 6 1 0
10 6 2 0
10 6 3 0
10 6 4 0
10 7 0 0
10 7 1 0
10 7 2 0
10 7 3 0
10 7 4 0
10 8 0 0
10 8 1 0
10 8 2 0
10 8 3 0
10 8 4 0
10 9 0 0
10 9 1 0
10 9 2 0
10 9 3 0
10 9 4 0
10 11 0 0
10 11 1 0
10 11 2 0
10 11 3 0
10 11 4 0
10 12 0 0
10 12 1 0
10 12 2 0
10 12 3 0
10 12 4 0
10 13 0 0
10 13 1 0
10 13 2 0
10 13 3 0
10 13 4 0
10 14 0 0
10 14 1 0
10 14 2 0
10 14 3 0
10 14 4 0
10 15 0 4748
10 15 1 4748
10 15 2 0
10 15 3 0
10 15 4 0
10 16 0 4959
10 16 1 4959
10 16 2 0
10 16 3 0
10 16 4 0
10 17 0 0
10 17 1 0
10 17 2 0
10 17 3 0
10 17 4 0
10 18 0 0
10 18 1 0
10 18 2 0
10 18 3 0
10 18 4 0
10 19 0 0
10 19 1 0
10 19 2 0
10 19 3 0
10 19 4 0
10 20 0 4007
10 20 1 4007
10 20 2 4007
10 20 3 0
10 20 4 0
10 21 0 0
10 21 1 0
10 21 2 0
10 21 3 0
10 21 4 0
10 22 0 0
10 22 1 0
10 22 2 0
10 22 3 0
10 22 4 0
10 23 0 0
10 23 1 0
10 23 2 0
10 23 3 0
10 23 4 0
10 24 0 0
10 24 1 0
10 24 2 0
10 24 3 0
10 24 4 0
10 25 0 0
10 25 1 0
10 25 2 0
10 25 3 0
10 25 4 0
10 26 0 0
10 26 1 0
10 26 2 0
10 26 3 0
10 26 4 0
10 27 0 0
10 27 1 0
10 27 2 0
10 27 3 0
10 27 4 0
10 28 0 3288
10 28 1 3288
10 28 2 0
10 28 3 0
10 28 4 0
10 29 0 4866
10 29 1 4866
10 29 2 0
10 29 3 0
10 29 4 0
11 0 0 0
11 0 1 0
11 0 2 0
11 0 3 0
11 0 4 0
11 1 0 0
11 1 1 0
11 1 2 0
11 1 3 0
11 1 4 0
11 2 0 4520
11 2 1 4520
11 2 2 4520
11 2 3 0
11 2 4 0
11 3 0 4915
11 3 1 4915
11 3 2 0
11 3 3 0
11 3 4 0
11 4 0 3225
11 4 1 3225
11 4 2 3225
11 4 3 0
11 4 4 0
11 5 0 4807
11 5 1 4807
11 5 2 0
11 5 3 0
11 5 4 0
11 6 0 0
11 6 1 0
11 6 2 0
11 6 3 0
11 6 4 0
11 7 0 4456
11 7 1 4456
11 7 2 4456
11 7 3 0
11 7 4 0
11 8 0 0
11 8 1 0
11 8 2 0
11 8 3 0
11 8 4 0
11 9 0 0
11 9 1 0
11 9 2 0
11 9 3 0
11 9 4 0
11 10 0 0
11 10 1 0
11 10 2 0
11 10 3 0
11 10 4 0
11 12 0 4104
11 12 1 4104
11 12 2 4104
11 12 3 0
11 12 4 0
11 13 0 0
11 13 1 0
11 13 2 0
11 13 3 0
11 13 4 0
11 14 0 0
11 14 1 0
11 14 2 0
11 14 3 0
11 14 4 0
11 15 0 4130
11 15 1 4130
11 15 2 0
11 15 3 0
11 15 4 0
11 16 0 4473
11 16 1 4473
11 16 2 4473
11 16 3 0
11 16 4 0
11 17 0 0
11 17 1 0
11 17 2 0
11 17 3 0
11 17 4 0
11 18 0 0
11 18 1 0
11 18 2 0
11 18 3 0
11 18 4 0
11 19 0 0
11 19 1 0
11 19 2 0
11 19 3 0
11 19 4 0
11 20 0 0
11 20 1 0
11 20 2 0
11 20 3 0
11 20 4 0
11 21 0 4707
11 21 1 4707
11 21 2 4707
11 21 3 0
11 21 4 0
11 22 0 0
11 22 1 0
11 22 2 0
11 22 3 0
11 22 4 0
11 23 0 0
11 23 1 0
11 23 2 0
11 23 3 0
11 23 4 0
11 24 0 0
11 24 1 0
11 24 2 0
11 24 3 0
11 24 4 0
11 25 0 4882
11 25 1 4882
11 25 2 0
11 25 3 0
11 25 4 0
11 26 0 4695
11 26 1 4695
11 26 2 0
11 26 3 0
11 26 4 0
11 27 0 0
11 27 1 0
11 27 2 0
11 27 3 0
11 27 4 0
11 28 0 0
11 28 1 0
11 28 2 0
11 28 3 0
11 28 4 0
11 29 0 4353
11 29 1 4353
11 29 2 0
11 29 3 0
11 29 4 0
12 0 0 0
12 0 1 0
12 0 2 0
12 0 3 0
12 0 4 0
12 1 0 0
12 1 1 0
12 1 2 0
12 1 3 0
12 1 4 0
12 2 0 4751
12 2 1 4751
12 2 2 4751
12 2 3 0
12 2 4 0
12 3 0 4757
12 3 1 4757
12 3 2 4757
12 3 3 0
12 3 4 0
12 4 0 0
12 4 1 0
12 4 2 0
12 4 3 0
12 4 4 0
12 5 0 0
12 5 1 0
12 5 2 0
12 5 3 0
12 5 4 0
12 6 0 0
12 6 1 0
12 6 2 0
12 6 3 0
12 6 4 0
12 7 0 0
12 7 1 0
12 7 2 0
12 7 3 0
12 7 4 0
12 8 0 4739
12 8 1 4739
12 8 2 0
12 8 3 0
12 8 4 0
12 9 0 0
12 9 1 0
12 9 2 0
12 9 3 0
12 9 4 0
12 10 0 0
12 10 1 0
12 10 2 0
12 10 3 0
12 10 4 0
12 11 0 4104
12 11 1 4104
12 11 2 4104
12 11 3 0
12 11 4 0
12 13 0 0
12 13 1 0
12 13 2 0
12 13 3 0
12 13 4 0
12 14 0 0
12 14 1 0
12 14 2 0
12 14 3 0
12 14 4 0
12 15 0 0
12 15 1 0
12 15 2 0
12 15 3 0
12 15 4 0
12 16 0 0
12 16 1 0
12 16 2 0
12 16 3 0
12 16 4 0
12 17 0 0
12 17 1 0
12 17 2 0
12 17 3 0
12 17 4 0
12 18 0 0
12 18 1 0
12 18 2 0
12 18 3 0
12 18 4 0
12 19 0 4397
12 19 1 4397
12 19 2 4397
12 19 3 0
12 19 4 0
12 20 0 0
12 20 1 0
12 20 2 0
12 20 3 0
12 20 4 0
12 21 0 4229
12 21 1 4229
12 21 2 4229
12 21 3 0
12 21 4 0
12 22 0 0
12 22 1 0
12 22 2 0
12 22 3 0
12 22 4 0
12 23 0 0
12 23 1 0
12 23 2 0
12 23 3 0
12 23 4 0
12 24 0 0
12 24 1 0
12 24 2 0
12 24 3 0
12 24 4 0
12 25 0 0
12 25 1 0
12 25 2 0
12 25 3 0
12 25 4 0
12 26 0 0
12 26 1 0
12 26 2 0
12 26 3 0
12 26 4 0
12 27 0 3329
12 27 1 3329
12 27 2 0
12 27 3 0
12 27 4 0
12 28 0 0
12 28 1 0
12 28 2 0
12 28 3 0
12 28 4 0
12 29 0 0
12 29 1 0
12 29 2 0
12 29 3 0
12 29 4 0
13 0 0 0
13 0 1 0
13 0 2 0
13 0 3 0
13 0 4 0
13 1 0 0
13 1 1 0
13 1 2 0
13 1 3 0
13 1 4 0
13 2 0 4186
13 2 1 4186
13 2 2 0
13 2 3 0
13 2 4 0
13 3 0 0
13 3 1 0
13 3 2 0
13 3 3 0
13 3 4 0
13 4 0 0
13 4 1 0
13 4 2 0
13 4 3 0
13 4 4 0
13 5 0 0
13 5 1 0
13 5 2 0
13 5 3 0
13 5 4 0
13 6 0 0
13 6 1 0
13 6 2 0
13 6 3 0
13 6 4 0
13 7 0 0
13 7 1 0
13 7 2 0
13 7 3 0
13 7 4 0
13 8 0 0
13 8 1 0
13 8 2 0
13 8 3 0
13 8 4 0
13 9 0 4980
13 9 1 4980
13 9 2 0
13 9 3 0
13 9 4 0
13 10 0 0
13 10 1 0
13 10 2 0
13 10 3 0
13 10 4 0
13 11 0 0
13 11 1 0
13 11 2 0
13 11 3 0
13 11 4 0
13 12 0 0
13 12 1 0
13 12 2 0
13 12 3 0
13 12 4 0
13 14 0 0
13 14 1 0
13 14 2 0
13 14 3 0
13 14 4 0
13 15 0 4142
13 15 1 4142
13 15 2 4142
13 15 3 0
13 15 4 0
13 16 0 0
13 16 1 0
13 16 2 0
13 16 3 0
13 16 4 0
13 17 0 4665
13 17 1 4665
13 17 2 0
13 17 3 0
13 17 4 0
13 18 0 0
13 18 1 0
13 18 2 0
13 18 3 0
13 18 4 0
13 19 0 0
13 19 1 0
13 19 2 0
13 19 3 0
13 19 4 0
13 20 0 0
13 20 1 0
13 20 2 0
13 20 3 0
13 20 4 0
13 21 0 0
13 21 1 0
13 21 2 0
13 21 3 0
13 21 4 0
13 22 0 0
13 22 1 0
13 22 2 0
13 22 3 0
13 22 4 0
13 23 0 0
13 23 1 0
13 23 2 0
13 23 3 0
13 23 4 0
13 24 0 0
13 24 1 0
13 24 2 0
13 24 3 0
13 24 4 0
13 25 0 0
13 25 1 0
13 25 2 0
13 25 3 0
13 25 4 0
13 26 0 4586
13 26 1 4586
13 26 2 4586
13 26 3 0
13 26 4 0
13 27 0 0
13 27 1 0
13 27 2 0
13 27 3 0
13 27 4 0
13 28 0 4288
13 28 1 4288
13 28 2 4288
13 28 3 0
13 28 4 0
13 29 0 0
13 29 1 0
13 29 2 0
13 29 3 0
13 29 4 0
14 0 0 4586
14 0 1 4586
14 0 2 0
14 0 3 0
14 0 4 0
14 1 0 4790
14 1 1 4790
14 1 2 4790
14 1 3 0
14 1 4 0
14 2 0 0
14 2 1 0
14 2 2 0
14 2 3 0
14 2 4 0
14 3 0 4042
14 3 1 4042
14 3 2 4042
14 3 3 0
14 3 4 0
14 4 0 0
14 4 1 0
14 4 2 0
14 4 3 0
14 4 4 0
14 5 0 0
14 5 1 0
14 5 2 0
14 5 3 0
14 5 4 0
14 6 0 0
14 6 1 0
14 6 2 0
14 6 3 0
14 6 4 0
14 7 0 4562
14 7 1 4562
14 7 2 4562
14 7 3 0
14 7 4 0
14 8 0 0
14 8 1 0
14 8 2 0
14 8 3 0
14 8 4 0
14 9 0 0
14 9 1 0
14 9 2 0
14 9 3 0
14 9 4 0
14 10 0 0
14 10 1 0
14 10 2 0
14 10 3 0
14 10 4 0
14 11 0 0
14 11 1 0
14 11 2 0
14 11 3 0
14 11 4 0
14 12 0 0
14 12 1 0
14 12 2 0
14 12 3 0
14 12 4 0
14 13 0 0
14 13 1 0
14 13 2 0
14 13 3 0
14 13 4 0
14 15 0 0
14 15 1 0
14 15 2 0
14 15 3 0
14 15 4 0
14 16 0 4333
14 16 1 4333
14 16 2 0
14 16 3 0
14 16 4 0
14 17 0 0
14 17 1 0
14 17 2 0
14 17 3 0
14 17 4 0
14 18 0 4379
14 18 1 4379
14 18 2 4379
14 18 3 0
14 18 4 0
14 19 0 0
14 19 1 0
14 19 2 0
14 19 3 0
14 19 4 0
14 20 0 3778
14 20 1 3778
14 20 2 0
14 20 3 0
14 20 4 0
14 21 0 0
14 21 1 0
14 21 2 0
14 21 3 0
14 21 4 0
14 22 0 4331
14 22 1 4331
14 22 2 4331
14 22 3 0
14 22 4 0
14 23 0 4533
14 23 1 4533
14 23 2 0
14 23 3 0
14 23 4 0
14 24 0 0
14 24 1 0
14 24 2 0
14 24 3 0
14 24 4 0
14 25 0 4375
14 25 1 4375
14 25 2 4375
14 25 3 0
14 25 4 0
14 26 0 4674
14 26 1 4674
14 26 2 0
14 26 3 0
14 26 4 0
14 27 0 4067
14 27 1 4067
14 27 2 4067
14 27 3 0
14 27 4 0
14 28 0 3082
14 28 1 3082
14 28 2 0
14 28 3 0
14 28 4 0
14 29 0 0
14 29 1 0
14 29 2 0
14 29 3 0
14 29 4 0
15 0 0 0
15 0 1 0
15 0 2 0
15 0 3 0
15 0 4 0
15 1 0 0
15 1 1 0
15 1 2 0
15 1 3 0
15 1 4 0
15 2 0 4576
15 2 1 4576
15 2 2 4576
15 2 3 0
15 2 4 0
15 3 0 0
15 3 1 0
15 3 2 0
15 3 3 0
15 3 4 0
15 4 0 0
15 4 1 0
15 4 2 0
15 4 3 0
15 4 4 0
15 5 0 0
15 5 1 0
15 5 2 0
15 5 3 0
15 5 4 0
15 6 0 4258
15 6 1 4258
15 6 2 4258
15 6 3 0
15 6 4 0
15 7 0 4876
15 7 1 4876
15 7 2 0
15 7 3 0
15 7 4 0
15 8 0 0
15 8 1 0
15 8 2 0
15 8 3 0
15 8 4 0
15 9 0 0
15 9 1 0
15 9 2 0
15 9 3 0
15 9 4 0
15 10 0 4748
15 10 1 4748
15 10 2 0
15 10 3 0
15 10 4 0
15 11 0 4130
15 11 1 4130
15 11 2 0
