40 4 24 631

   0  848  683  581  569  590  784  712  560  801  826  679  926  770  811  835  869  614  739  775  703  863  828  902  732  817  614  870  882  791  739  911  784  588  799  561  909  793  844  849 
 848    0  683  903  738  856  748  767  617  714  715  745  693  829  900  736  755  672  851  843  705  919  905  885  611  568  690  734  753  748  581  840  624  887  888  625  620  699  633  708 
 683  683    0  918  597  913  776  749  806  710  635  750  848  641  601  699  819  814  862  697  892  801  677  809  571  782  874  593  794  809  710  875  851  663  786  570  675  904  826  828 
 581  903  918    0  841  684  709  694  808  569  799  841  894  591  734  708  563  630  893  760  873  731  892  880  771  645  889  806  742  773  572  609  686  903  835  649  908  859  695  862 
 569  738  597  841    0  578  881  661  645  887  915  576  644  590  730  843  612  603  606  741  699  724  584  613  922  742  865  697  576  708  907  779  714  662  767  918  613  732  763  755 
 590  856  913  684  578    0  621  641  855  785  742  745  591  861  633  749  704  643  656  581  645  570  635  745  852  590  880  785  636  723  585  643  895  868  696  762  700  897  811  782 
 784  748  776  709  881  621    0  855  769  900  875  584  633  885  879  919  776  912  606  678  698  772  742  873  740  806  879  796  606  718  705  750  833  788  602  589  885  732  880  800 
 712  767  749  694  661  641  855    0  734  836  741  649  669  643  714  894  591  921  666  628  657  748  567  662  752  607  866  666  664  888  908  902  636  647  679  631  760  639  606  852 
 560  617  806  808  645  855  769  734    0  575  871  757  924  775  811  652  762  860  691  647  687  714  712  672  807  868  723  648  719  592  661  676  730  894  897  918  803  653  630  571 
 801  714  710  569  887  785  900  836  575    0  608  618  619  674  592  585  616  875  618  632  886  877  672  650  659  775  914  656  679  719  684  748  917  897  624  662  616  739  811  673 
 826  715  635  799  915  742  875  741  871  608    0  699  645  575  672  825  738  818  710  911  879  674  642  728  710  703  801  741  639  814  586  866  813  852  633  806  619  674  782  694 
 679  745  750  841  576  745  584  649  757  618  699    0  633  822  704  896  694  589  711  687  796  865  641  926  733  636  637  887  568  729  910  642  810  772  661  915  787  719  568  792 
 926  693  848  894  644  591  633  669  924  619  645  633    0  669  775  901  789  589  884  715  694  790  610  612  848  823  826  693  890  604  694  843  903  895  688  704  623  568  753  842 
 770  829  641  591  590  861  885  643  775  674  575  822  669    0  802  835  661  648  868  818  837  831  851  615  562  765  618  631  819  682  825  865  888  844  561  760  738  868  661  585 
 811  900  601  734  730  633  879  714  811  592  672  704  775  802    0  876  832  841  660  737  625  633  754  725  688  608  886  837  811  908  794  776  786  826  802  783  918  581  886  699 
 835  736  699  708  843  749  919  894  652  585  825  896  901  835  876    0  638  642  626  728  901  911  910  841  775  880  568  771  880  859  622  898  744  847  584  663  878  651  811  858 
 869  755  819  563  612  704  776  591  762  616  738  694  789  661  832  638    0  853  850  679  873  594  632  767  738  753  630  825  741  618  650  753  591  779  638  869  918  751  646  592 
 614  672  814  630  603  643  912  921  860  875  818  589  589  648  841  642  853    0  732  594  746  717  896  712  794  845  864  600  695  574  895  668  895  566  578  696  710  722  817  802 
 739  851  862  893  606  656  606  666  691  618  710  711  884  868  660  626  850  732    0  736  854  755  655  646  563  623  704  710  892  663  891  721  724  772  840  610  728  785  798  681 
 775  843  697  760  741  581  678  628  647  632  911  687  715  818  737  728  679  594  736    0  848  566  851  733  730  780  741  592  667  644  727  851  818  689  614  648  795  871  688  641 
 703  705  892  873  699  645  698  657  687  886  879  796  694  837  625  901  873  746  854  848    0  825  692  746  671  613  695  798  816  574  918  577  712  756  771  858  906  837  790  884 
 863  919  801  731  724  570  772  748  714  877  674  865  790  831  633  911  594  717  755  566  825    0  671  748  868  667  703  591  892  799  811  661  560  765  894  713  865  671  596  758 
 828  905  677  892  584  635  742  567  712  672  642  641  610  851  754  910  632  896  655  851  692  671    0  872  814  901  784  864  775  692  912  837  626  886  904  777  736  612  783  892 
 902  885  809  880  613  745  873  662  672  650  728  926  612  615  725  841  767  712  646  733  746  748  872    0  750  711  868  908  702  674  771  809  743  695  795  899  737  608  581  581 
 732  611  571  771  922  852  740  752  807  659  710  733  848  562  688  775  738  794  563  730  671  868  814  750    0  654  901  729  739  748  738  875  735  568  647  603  741  620  653  691 
 817  568  782  645  742  590  806  607  868  775  703  636  823  765  608  880  753  845  623  780  613  667  901  711  654    0  920  797  797  693  584  639  877  682  704  804  768  752  815  789 
 614  690  874  889  865  880  879  866  723  914  801  637  826  618  886  568  630  864  704  741  695  703  784  868  901  920    0  816  655  586  875  781  641  592  721  600  620  766  689  716 
 870  734  593  806  697  785  796  666  648  656  741  887  693  631  837  771  825  600  710  592  798  591  864  908  729  797  816    0  676  830  742  724  754  752  899  700  858  805  802  595 
 882  753  794  742  576  636  606  664  719  679  639  568  890  819  811  880  741  695  892  667  816  892  775  702  739  797  655  676    0  628  866  565  706  920  780  656  808  707  771  839 
 791  748  809  773  708  723  718  888  592  719  814  729  604  682  908  859  618  574  663  644  574  799  692  674  748  693  586  830  628    0  686  617  673  590  713  691  614  790  703  734 
 739  581  710  572  907  585  705  908  661  684  586  910  694  825  794  622  650  895  891  727  918  811  912  771  738  584  875  742  866  686    0  654  657  860  775  672  788  713  657  659 
 911  840  875  609  779  643  750  902  676  748  866  642  843  865  776  898  753  668  721  851  577  661  837  809  875  639  781  724  565  617  654    0  736  894  577  833  905  608  602  792 
 784  624  851  686  714  895  833  636  730  917  813  810  903  888  786  744  591  895  724  818  712  560  626  743  735  877  641  754  706  673  657  736    0  618  647  565  878  702  686  721 
 588  887  663  903  662  868  788  647  894  897  852  772  895  844  826  847  779  566  772  689  756  765  886  695  568  682  592  752  920  590  860  894  618    0  748  807  569  635  662  736 
 799  888  786  835  767  696  602  679  897  624  633  661  688  561  802  584  638  578  840  614  771  894  904  795  647  704  721  899  780  713  775  577  647  748    0  612  774  808  898  835 
 561  625  570  649  918  762  589  631  918  662  806  915  704  760  783  663  869  696  610  648  858  713  777  899  603  804  600  700  656  691  672  833  565  807  612    0  607  772  728  788 
 909  620  675  908  613  700  885  760  803  616  619  787  623  738  918  878  918  710  728  795  906  865  736  737  741  768  620  858  808  614  788  905  878  569  774  607    0  560  746  649 
 793  699  904  859  732  897  732  639  653  739  674  719  568  868  581  651  751  722  785  871  837  671  612  608  620  752  766  805  707  790  713  608  702  635  808  772  560    0  792  909 
 844  633  826  695  763  811  880  606  630  811  782  568  753  661  886  811  646  817  798  688  790  596  783  581  653  815  689  802  771  703  657  602  686  662  898  728  746  792    0  574 
 849  708  828  862  755  782  800  852  571  673  694  792  842  585  699  858  592  802  681  641  884  758  892  581  691  789  716  595  839  734  659  792  721  736  835  788  649  909  574    0 

   0  879  720  829 1085  931 1159 1156 1171 1178  913 1072 1078 1190  914  756  642 1154  804  675 1033 1067 1138  809  742  607  801  713 1033 1178  892  977 1191  904  913  857  996  735  767 1104 
 879    0 1173  992  995 1190 1008 1135  941  706  669  605 1132  883 1148  781  921 1144 1077  631 1112 1166  814  823 1010  937  835  690  909  832  677 1012  972  797  653 1026  735  796 1131  984 
 720 1173    0  929 1104 1059 1151 1014  856 1126 1019  696  942 1028  824  810 1052 1122  642 1084  834 1085 1198 1098 1139  791  962 1179  907 1033 1082 1113 1198 1168  754  632 1004  766  840  624 
 829  992  929    0  828  986 1164  917 1075 1122  922 1099 1060 1165  651 1129  969 1049 1196  776  632 1024  751  747  968 1035  799 1153  630  752  774  930  777  622  933 1128  940  948 1197  787 
1085  995 1104  828    0  652  705 1100 1174  894  663 1178 1142 1133 1135 1095  605  764  952  805  843  602  651  602 1165  923  892  769  621  834 1186  991  825  663 1143 1127 1006 1014  707  800 
 931 1190 1059  986  652    0  995  821  739  772  783  604  881  860  730  828  953  974  782  752  808 1069 1019  753  684 1066  858 1126  657  784  842  631  704  957  995 1159  874  850  632 1039 
1159 1008 1151 1164  705  995    0  890  960  894  869 1041  637 1141  655 1002  816  747  878  987  819  983  611  651  838  942 1041  887  835  898  784  741  690  811  780  708  976 1151 1052  838 
1156 1135 1014  917 1100  821  890    0  603 1069 1044  981 1017  737  635  965  804  929 1189  714  766 1146 1158  602 1035 1096  683  791  882  874 1020 1074  670  748  859  673  826 1063  926  767 
1171  941  856 1075 1174  739  960  603    0  673  616  994  945  939  931 1062  905 1124 1125 1040  785  753  817  635 1124  828  868  821 1105  874  762 1144  809  922 1081  640  646 1090  789  658 
1178  706 1126 1122  894  772  894 1069  673    0 1089  944 1151  905  958 1016 1180  965 1090 1068 1171  789  788  804  958  797  912  901  699  799  833  911  948  635  772 1182 1148  970  890  785 
 913  669 1019  922  663  783  869 1044  616 1089    0  604 1067 1188  897  739 1105  806  813  739 1133  757  818 1136 1175  719  757  812  639  693  737 1008  990 1113  624 1068  652  758  612 1153 
1072  605  696 1099 1178  604 1041  981  994  944  604    0  988 1085  626 1147 1102  676  612  637 1074  890  677 1111 1061  888  891 1074  908 1169  686  955 1180 1027  728  966  919  723 1024 1179 
1078 1132  942 1060 1142  881  637 1017  945 1151 1067  988    0 1140 1078 1062  707 1092  665  879  845  875 1142 1111  647  981 1081  772  908  776  836  916 1013  903  707 1052  616  995  613  693 
1190  883 1028 1165 1133  860 1141  737  939  905 1188 1085 1140    0  923  773  917 1189  848 1062  728  828  860  600  627 1052  873  716 1057  695  782 1083  983  866  652 1181  729 1096  648  940 
 914 1148  824  651 1135  730  655  635  931  958  897  626 1078  923    0  664  697  904  683 1039  735  923  882  873  641  665  777  708  867  840  666  809 1124 1102 1177  923  695  773  816 1156 
 756  781  810 1129 1095  828 1002  965 1062 1016  739 1147 1062  773  664    0 1145  714  969  923 1082  829  886 1162  761  976  747 1092  981  961  698 1018  857 1068  656 1017  989 1054 1073 1067 
 642  921 1052  969  605  953  816  804  905 1180 1105 1102  707  917  697 1145    0  651  890  650  816  923  906  905 1003 1088  657 1194 1060  810  922 1014  615  996  987  790  647  985  696 1019 
1154 1144 1122 1049  764  974  747  929 1124  965  806  676 1092 1189  904  714  651    0  935 1092 1063  924  940  684  975 1067 1038  810  900 1097 1010  932 1103  965 1173  930  786 1017  696 1158 
 804 1077  642 1196  952  782  878 1189 1125 1090  813  612  665  848  683  969  890  935    0  818  770 1088  735  940 1183  983 1183  969 1164 1136 1045  732 1189 1165  959  942  870 1007  866  735 
 675  631 1084  776  805  752  987  714 1040 1068  739  637  879 1062 1039  923  650 1092  818    0  751  781  870 1034  672 1157 1033  622 1073 1050  857  703 1153 1057  954  659  766 1173  810  799 
1033 1112  834  632  843  808  819  766  785 1171 1133 1074  845  728  735 1082  816 1063  770  751    0 1195  692 1197  842  997  778 1042  698  822  675  843  730  835  808 1200  867  708 1091 1055 
1067 1166 1085 1024  602 1069  983 1146  753  789  757  890  875  828  923  829  923  924 1088  781 1195    0  999  987  851  807  740  902  872 1010  653 1004  782  955  668  897 1118  955  805  682 
1138  814 1198  751  651 1019  611 1158  817  788  818  677 1142  860  882  886  906  940  735  870  692  999    0  869  759 1114  726 1014  918  730  679 1053 1180  802  957  895 1095 1086  659 1147 
 809  823 1098  747  602  753  651  602  635  804 1136 1111 1111  600  873 1162  905  684  940 1034 1197  987  869    0  963  759 1197  613  701  704  919 1088  875  729 1115  999  795 1059 1171  613 
 742 1010 1139  968 1165  684  838 1035 1124  958 1175 1061  647  627  641  761 1003  975 1183  672  842  851  759  963    0  825  951 1047  636  798 1004  746 1082  694  651  739 1080  806  784 1097 
 607  937  791 1035  923 1066  942 1096  828  797  719  888  981 1052  665  976 1088 1067  983 1157  997  807 1114  759  825    0 1067 1047 1142  615  746  895  678  926 1143 1054 1136  611 1024  776 
 801  835  962  799  892  858 1041  683  868  912  757  891 1081  873  777  747  657 1038 1183 1033  778  740  726 1197  951 1067    0  921 1177 1186  828  751 1166  604 1023 1041 1143  973  825 1148 
 713  690 1179 1153  769 1126  887  791  821  901  812 1074  772  716  708 1092 1194  810  969  622 1042  902 1014  613 1047 1047  921    0  691  739  938  970 1153 1119  752  760  830 1123 1126  889 
1033  909  907  630  621  657  835  882 1105  699  639  908  908 1057  867  981 1060  900 1164 1073  698  872  918  701  636 1142 1177  691    0  800  825 1085 1055  669  752  798  785 1177  650 1191 
1178  832 1033  752  834  784  898  874  874  799  693 1169  776  695  840  961  810 1097 1136 1050  822 1010  730  704  798  615 1186  739  800    0  720  842 1134 1008  752  712  664 1167 1175  940 
 892  677 1082  774 1186  842  784 1020  762  833  737  686  836  782  666  698  922 1010 1045  857  675  653  679  919 1004  746  828  938  825  720    0 1100  853  615 1099 1124  968  868 1199  782 
 977 1012 1113  930  991  631  741 1074 1144  911 1008  955  916 1083  809 1018 1014  932  732  703  843 1004 1053 1088  746  895  751  970 1085  842 1100    0  768 1134 1165 1075  875  888  833  700 
1191  972 1198  777  825  704  690  670  809  948  990 1180 1013  983 1124  857  615 1103 1189 1153  730  782 1180  875 1082  678 1166 1153 1055 1134  853  768    0  625  841  667  897 1186  731 1124 
 904  797 1168  622  663  957  811  748  922  635 1113 1027  903  866 1102 1068  996  965 1165 1057  835  955  802  729  694  926  604 1119  669 1008  615 1134  625    0  657  690  760  629  925  737 
 913  653  754  933 1143  995  780  859 1081  772  624  728  707  652 1177  656  987 1173  959  954  808  668  957 1115  651 1143 1023  752  752  752 1099 1165  841  657    0  794 1076 1055  695  841 
 857 1026  632 1128 1127 1159  708  673  640 1182 1068  966 1052 1181  923 1017  790  930  942  659 1200  897  895  999  739 1054 1041  760  798  712 1124 1075  667  690  794    0 1168  814 1150 1186 
 996  735 1004  940 1006  874  976  826  646 1148  652  919  616  729  695  989  647  786  870  766  867 1118 1095  795 1080 1136 1143  830  785  664  968  875  897  760 1076 1168    0  832  608 1156 
 735  796  766  948 1014  850 1151 1063 1090  970  758  723  995 1096  773 1054  985 1017 1007 1173  708  955 1086 1059  806  611  973 1123 1177 1167  868  888 1186  629 1055  814  832    0 1085 1033 
 767 1131  840 1197  707  632 1052  926  789  890  612 1024  613  648  816 1073  696  696  866  810 1091  805  659 1171  784 1024  825 1126  650 1175 1199  833  731  925  695 1150  608 1085    0  657 
1104  984  624  787  800 1039  838  767  658  785 1153 1179  693  940 1156 1067 1019 1158  735  799 1055  682 1147  613 1097  776 1148  889 1191  940  782  700 1124  737  841 1186 1156 1033  657    0 

0 225 1090
1 645 962
2 244 1047
3 612 1075
4 262 1060
5 380 1066
6 684 720
7 369 1035
8 694 984
9 535 967
10 519 799
11 488 725
12 426 1009
13 643 854
14 682 805
15 291 1077
16 330 953
17 317 704
18 263 1049
19 301 1078
20 659 871
21 317 1056
22 315 1058
23 498 707
24 594 800
25 674 1057
26 348 730
27 316 755
28 207 772
29 299 821
30 498 1017
31 319 1081
32 661 891
33 680 793
34 244 1093
35 487 1014
36 203 985
37 360 732
38 404 1049
39 247 1097

0 5 8545 11449 1180 
0 16 43058 44984 3476 
0 14 6199 8630 3244 
0 27 34275 36627 1740 
0 39 9661 12145 1698 
0 5 34117 37003 2360 
0 26 38136 41155 1228 
0 28 2961 6679 1764 
1 29 10468 12556 1496 
1 39 37301 40036 2124 
1 9 27343 29277 2142 
1 33 22397 25393 2661 
1 27 33286 35638 2936 
1 15 7939 9571 2208 
1 30 23762 26341 2324 
1 31 43275 46381 2520 
2 32 37840 40655 2553 
2 37 22311 24026 2712 
2 16 10718 13116 2457 
2 26 21390 25045 2622 
2 39 31044 32316 3312 
2 32 38031 40522 3404 
2 3 16747 19942 2754 
2 10 38042 41323 1905 
2 18 10848 12273 1724 
2 39 10034 11862 1656 
2 30 37108 39737 2840 
2 10 6298 10109 1270 
2 5 41550 44483 3652 
3 21 15359 18226 2193 
3 33 35313 37707 1806 
3 31 41072 43220 1218 
3 12 10285 13210 3576 
3 34 32293 35969 3340 
3 8 34724 37035 3232 
3 35 41622 44193 2596 
3 11 9972 13279 1682 
3 0 19244 21913 1162 
3 37 36273 38823 2577 
4 18 3118 5678 2424 
4 2 34183 37826 2388 
4 29 40108 42209 2832 
4 37 10901 14926 2196 
4 37 984 4401 2928 
4 37 7112 10448 2196 
4 15 36979 41337 1686 
4 23 28204 29420 2452 
4 30 2315 6632 2721 
4 39 9329 11097 3020 
4 36 8308 11014 1226 
5 3 10876 13498 2736 
5 22 19901 22061 1905 
5 11 3713 5301 2980 
5 16 15546 18852 2816 
5 13 39200 41375 3444 
5 24 1267 3189 2556 
5 8 22738 24955 1710 
5 17 9864 13419 1929 
5 24 23220 25552 3408 
5 32 33966 35627 1790 
5 20 30878 32679 1290 
5 29 7404 9716 2169 
5 7 15559 18219 1282 
5 8 30995 32665 1710 
5 9 17914 20523 3140 
5 16 26375 29548 2816 
5 13 42182 44977 2583 
5 12 41152 44499 2364 
5 3 27601 31397 1368 
5 13 23392 25671 3444 
5 38 10966 12906 3244 
5 31 7418 9329 1929 
5 36 11639 13588 2800 
6 39 7183 9060 2400 
6 33 21105 23010 2364 
6 38 16429 20237 3520 
6 38 2635 5391 3520 
6 34 31995 33578 1806 
6 16 19208 22365 1552 
6 36 17307 21054 1770 
6 32 37129 38992 3332 
6 16 17479 19771 1552 
6 35 36496 38697 1178 
6 11 21624 24413 1752 
6 33 33646 35908 2364 
6 11 1469 4467 1168 
7 25 33553 37136 1821 
7 3 23487 26980 2082 
7 21 18553 22094 2992 
7 20 9839 12282 1314 
7 23 26694 28114 2648 
7 34 36477 39904 2716 
7 22 40607 45030 1134 
7 15 34718 37603 1788 
7 24 43316 47124 1504 
7 37 15372 18008 1278 
7 2 39714 42025 2247 
7 8 25526 27726 1468 
7 23 2253 4161 2648 
7 15 11022 14708 3576 
7 21 7834 11386 2992 
7 1 11309 14135 1534 
7 14 19984 22162 1428 
7 34 30771 33665 2037 
7 29 41718 44261 1776 
7 28 2211 4830 1328 
7 23 20669 22619 1986 
8 9 32171 33523 2300 
8 17 25953 29302 1720 
8 2 15418 18508 2418 
8 17 38789 41655 2580 
8 16 27561 31171 3048 
8 0 30568 34970 2240 
8 13 19452 21517 2325 
8 19 7463 9615 1941 
8 25 19934 22285 1736 
9 12 17633 20061 2476 
9 19 6826 9592 2528 
9 10 37722 40400 1824 
9 22 22373 24863 1344 
9 23 21184 24287 1950 
9 11 5978 8356 1236 
9 16 40651 45241 1848 
9 12 6079 8887 1857 
9 33 10016 12308 3588 
9 12 31625 34456 1238 
9 22 33211 34936 2688 
9 7 39364 41544 2508 
9 23 35357 38484 1950 
9 30 8714 11188 2052 
9 13 9551 13152 2022 
9 38 42244 44059 1622 
9 25 39050 41592 1550 
9 31 12846 15123 2992 
9 20 30941 35601 2658 
9 7 38735 41845 3344 
9 13 18850 22080 2022 
9 39 38215 39926 2019 
9 0 42367 46348 3204 
10 23 42582 47001 2184 
10 36 5479 7167 1857 
10 2 28130 31808 1270 
10 2 3155 5855 2540 
10 4 33393 34951 1830 
10 22 23158 25677 1284 
10 24 7529 10725 2130 
10 39 41942 46231 1388 
10 1 39310 41925 2145 
10 1 7141 9455 2145 
10 35 31190 33977 3224 
10 35 7570 11713 2418 
10 17 30852 32552 2454 
10 32 6995 9509 3252 
10 39 34808 37621 2082 
10 16 25780 29912 2214 
10 24 33913 38072 2130 
10 30 18617 21366 1758 
10 7 16573 19924 1482 
10 17 38269 40549 1636 
10 0 37045 39309 3304 
10 14 5879 8399 1344 
11 33 4314 8288 1544 
11 12 7664 10262 2532 
11 15 37488 40447 1792 
11 5 36888 38935 2235 
11 18 5903 7849 2844 
11 8 30532 32559 3028 
11 7 25008 27980 2596 
11 36 22141 24585 3148 
11 12 7767 10849 2532 
11 34 42957 45184 1322 
11 23 25057 27878 1852 
11 18 9140 11233 2844 
11 39 27530 30241 1584 
11 35 9410 12443 2745 
11 16 41055 43677 1388 
11 5 25913 27598 1490 
11 2 16494 18839 2250 
11 9 43134 46843 1854 
11 24 25426 28460 1466 
11 38 15613 19575 1704 
11 19 30721 32396 2061 
11 28 10031 13445 1704 
12 28 38410 40897 1780 
12 27 15387 17780 2772 
12 24 8252 9707 3392 
12 35 15764 19393 1408 
12 3 16195 19809 1788 
12 18 40712 42048 3536 
12 23 43248 47203 2448 
12 15 39987 43895 3604 
12 23 31386 34774 1224 
12 3 40310 42451 2682 
12 35 1410 4155 1408 
12 32 17804 19941 1806 
12 9 30604 34782 1238 
12 27 40617 42516 2772 
12 8 32863 36057 2772 
12 31 40568 43398 2529 
12 21 30804 32597 3160 
12 27 25567 28516 2079 
12 24 32316 34101 3392 
12 25 3659 6729 1646 
12 30 9985 12075 2776 
12 31 5725 8857 1686 
12 23 8778 11155 2448 
13 25 40970 44494 1530 
13 29 32419 34434 2728 
13 8 42441 45483 1550 
13 12 21475 24575 2007 
13 17 15275 19020 1944 
13 10 4262 8111 2300 
13 8 19987 22738 2325 
13 7 15711 17833 1286 
13 7 3256 5120 1929 
13 37 34045 37322 2604 
13 26 27434 29834 2472 
13 11 38459 42668 2466 
13 3 37133 39789 2364 
13 0 17055 21041 2310 
13 9 34240 37841 1348 
13 34 42895 45366 1683 
13 0 18817 22993 1540 
13 34 40863 43379 1122 
13 3 9315 13439 1773 
13 2 41251 44129 1923 
13 16 21058 23598 1983 
14 28 33170 36022 2433 
14 35 4826 6828 1566 
14 19 21711 25243 2211 
14 37 10768 13813 1162 
14 6 41958 43379 2637 
14 12 6901 9596 2325 
14 34 20531 25180 3208 
14 10 40215 43408 2688 
14 10 2939 6428 1344 
15 27 9233 11984 1542 
15 24 27708 29838 1550 
15 29 1387 4221 2577 
15 35 3906 6265 1326 
15 10 39514 41036 1650 
15 14 17553 18914 1752 
15 2 25180 27375 1398 
15 13 34757 37300 2505 
16 35 9597 11548 3476 
16 37 19399 22738 2253 
16 15 11621 14208 2552 
16 33 36693 40188 1558 
16 26 41169 43632 2520 
16 26 31508 33400 1890 
16 17 19546 21407 1706 
16 9 19574 22618 1848 
16 9 6289 9274 1232 
16 2 33875 36284 2457 
16 31 26991 29160 1506 
16 0 32377 34617 2607 
16 15 20588 24160 1276 
16 6 20303 22139 3104 
16 39 39201 41514 1184 
16 13 12096 15149 1983 
16 19 42998 44915 2037 
16 27 18519 21981 3300 
16 9 11246 13653 2464 
16 32 21634 23811 2364 
16 12 34725 36817 2367 
16 9 40051 42682 1232 
17 2 32817 36699 1628 
17 11 39444 41512 1767 
17 33 41549 44926 2264 
17 30 32271 35533 2685 
17 34 2379 5780 1156 
17 5 38061 41849 1929 
17 13 30408 33428 2592 
17 33 16193 19358 1132 
17 13 5157 9080 1296 
17 32 26929 29940 1790 
17 26 10672 14720 3456 
17 34 42043 45808 1734 
17 39 43319 46515 3208 
17 30 3696 6635 3580 
17 4 8677 11022 1809 
17 37 31152 33918 1444 
17 4 12414 14339 1809 
17 19 4185 7209 2376 
17 14 1435 4165 2523 
17 3 40246 43445 1890 
17 21 20737 22612 2151 
17 2 25831 29881 3256 
17 10 25657 27929 2454 
17 36 10455 13536 2840 
18 12 31564 33678 2652 
18 12 23778 26198 2652 
18 31 19410 21708 1442 
18 33 41414 43883 3088 
18 38 37527 40038 2394 
18 12 21947 23795 2652 
18 4 8950 11072 2424 
18 35 32545 34862 2440 
18 22 15487 16957 2620 
18 6 11876 14720 1212 
18 8 22563 26669 2073 
18 9 3773 6498 1236 
18 24 12611 15603 1689 
18 37 37663 41127 1570 
18 16 36859 40054 3400 
19 2 28108 31360 2788 
19 21 40589 42408 2264 
19 8 8065 12183 1941 
19 31 33005 35381 3404 
19 21 41423 44398 1132 
19 14 26067 29069 2211 
19 0 5451 7361 1550 
19 21 36362 39376 1132 
19 20 8741 10370 1696 
19 0 24191 26702 3100 
19 32 9631 13355 2454 
19 15 33325 35650 2184 
19 14 38351 42475 2948 
19 32 32232 35391 1636 
19 6 488 4307 2034 
19 36 16141 18170 3180 
19 2 330 3376 1394 
19 39 24139 26384 2564 
20 4 39719 41750 2796 
20 28 36756 39115 2448 
20 12 39541 42312 2776 
20 23 35938 40055 2238 
20 16 30514 33149 1746 
20 35 21845 26357 3432 
20 33 20920 24209 3024 
20 35 18182 20606 2574 
20 34 39248 41623 1542 
20 12 34294 36203 2776 
20 33 36348 39596 3024 
20 23 18660 23160 2238 
20 19 21632 23997 3392 
20 34 24871 27141 2313 
20 39 21862 25301 3536 
20 13 35128 37435 3348 
20 24 11670 14625 2684 
20 39 34728 37608 2652 
21 29 20663 24167 3196 
21 20 20523 23940 2475 
21 31 35385 39009 1983 
21 20 22102 24683 2475 
21 39 34818 37382 3032 
21 35 4354 7430 2139 
21 26 8988 11785 1406 
21 28 35793 37946 1784 
21 4 33855 35221 1448 
21 24 12620 14985 2604 
21 10 3430 6193 2022 
21 9 17212 19863 2631 
21 5 38447 40638 2280 
21 3 2869 6176 1462 
21 28 22770 25996 3568 
21 4 5155 7484 2896 
21 24 8038 11263 1736 
21 1 4097 8259 1838 
21 0 36007 38567 2589 
21 1 24697 28393 2757 
22 5 7176 10314 1270 
22 4 40295 42612 2336 
22 1 21407 23726 2715 
22 2 28043 31289 2031 
22 27 39290 41784 1728 
22 2 38928 42881 2031 
22 24 2397 4742 3256 
22 36 26356 29827 1472 
22 3 27187 29672 3568 
22 29 22089 24855 1384 
22 2 6650 10639 1354 
22 5 39142 42362 2540 
22 24 22804 25149 3256 
22 17 35482 38960 1792 
22 3 5725 8308 2676 
23 22 3951 6931 2616 
23 25 23715 25415 1422 
23 3 23533 25288 3520 
23 13 38044 39772 1230 
23 18 1720 4305 1938 
23 13 21236 23066 1845 
23 34 8604 12841 3180 
23 20 27017 30368 2984 
23 38 410 3091 1162 
23 36 8530 11519 1474 
23 34 37832 40106 1590 
23 27 1732 3883 3632 
23 21 19094 22282 1496 
23 32 10868 14350 2972 
23 8 42539 44393 2688 
23 0 522 2957 2706 
23 17 4912 6683 2136 
23 11 4392 7302 2778 
23 18 36095 39056 1292 
23 36 30825 33631 1474 
23 33 39239 41207 2780 
24 17 1257 3684 1588 
24 8 23259 27237 1614 
24 15 10462 13490 1550 
24 39 15209 18214 1382 
24 19 25929 28428 1460 
24 29 26319 28218 2992 
24 33 40816 43418 1704 
24 6 32105 34359 2220 
24 26 42294 44785 2703 
24 14 41512 43409 2752 
24 18 7009 9895 1126 
24 11 6258 9515 2199 
24 34 36687 38262 1294 
24 39 12740 15285 2073 
24 14 8051 10268 2752 
25 32 37061 39542 3508 
25 21 5741 8396 2001 
25 21 43029 44998 1334 
25 22 34634 38700 1802 
25 34 1900 5409 1408 
25 9 21590 23957 1550 
25 2 25607 27932 1564 
25 24 11038 14082 2616 
25 10 7109 8798 2109 
25 2 2572 5490 1564 
25 7 39989 43682 2428 
25 7 18321 20622 2428 
25 26 31571 34323 3680 
25 27 41391 43872 1594 
25 16 37943 40663 2259 
25 37 25617 27278 3008 
26 30 36523 38940 2625 
26 29 2529 6241 1172 
26 0 35831 37737 1842 
26 32 31126 35125 2564 
26 2 25000 28617 1748 
26 20 27068 28911 2780 
26 22 40129 42604 3136 
26 35 30461 34562 1200 
26 22 30532 32180 2352 
26 25 24225 28290 2760 
26 35 17877 20198 1200 
26 17 42982 46345 3456 
27 30 43016 45539 2226 
27 21 17663 20639 1773 
27 19 37721 39798 1776 
27 8 2336 5414 1296 
27 25 15689 18494 1594 
27 32 31685 35662 3016 
27 14 30784 32568 3348 
27 32 17521 20299 3016 
27 32 22121 26410 2262 
27 30 10400 12632 1484 
27 31 2490 6156 1448 
27 36 43166 45290 1716 
27 14 565 2391 1674 
28 26 41320 44191 2620 
28 17 37438 40831 1390 
28 32 40835 43862 1412 
28 30 33197 35795 2598 
28 18 37101 41594 1784 
28 5 42604 45166 1908 
28 4 35665 36956 2304 
28 24 7688 9920 2956 
28 8 39281 42032 1438 
28 5 2348 4299 1908 
28 24 25394 27842 2956 
28 25 22846 26694 1594 
28 17 26405 28781 1390 
28 18 35595 37934 2676 
28 4 25066 27059 2304 
28 10 34083 36223 2556 
29 22 23583 25181 2076 
29 31 8276 9968 1851 
29 11 26855 30397 2916 
29 23 40510 42150 1348 
29 30 30753 33366 2058 
29 19 19239 22074 2576 
29 14 27346 30689 1816 
29 33 35150 37297 1180 
29 19 2963 5546 2576 
29 21 9655 12836 1598 
29 20 24542 26325 1722 
29 31 19255 21317 1234 
29 17 10229 13454 1148 
29 1 596 2434 2244 
29 8 11269 13663 2368 
29 3 7169 9470 3092 
29 34 38434 40404 1426 
29 0 10481 14792 3164 
30 1 37077 39060 1743 
30 7 37307 40265 1816 
30 2 34929 38737 1420 
30 13 20556 23597 3300 
30 10 10173 12384 2344 
30 7 4363 7647 2724 
30 4 7285 11092 2721 
30 18 6056 8992 1782 
30 23 36143 39552 1542 
30 25 37445 40294 1752 
30 0 24618 27963 2956 
30 8 32824 35414 2644 
30 6 8094 10101 2820 
30 35 18999 21404 2016 
30 6 15631 18445 1410 
30 22 11898 13996 1824 
30 7 16478 20190 3632 
30 4 24805 27734 1814 
30 37 8466 11729 2139 
30 34 42312 46576 3100 
30 33 4795 7236 1720 
30 3 38829 41127 1144 
30 13 40114 42702 2475 
31 4 33921 37429 1558 
31 16 30419 33369 3012 
31 1 2378 4493 2520 
31 37 3197 5488 1216 
31 11 36796 40081 2568 
31 9 12361 15777 2244 
31 26 85 2307 2343 
31 32 7963 11019 1472 
31 15 24010 27094 3592 
32 31 1009 2706 2208 
32 19 32847 35798 3272 
32 4 42037 44041 1428 
32 14 4841 7887 3144 
32 37 15521 18497 2808 
32 14 5714 9468 1572 
32 38 27529 29941 2058 
32 20 37908 39820 1424 
32 17 38160 41325 2685 
32 29 34768 38238 2692 
32 30 2760 4977 1971 
32 35 11021 12835 2260 
32 24 30882 34896 1470 
32 20 7432 9789 2136 
32 15 436 3735 2232 
33 7 31899 34674 2588 
33 32 15505 17555 1854 
33 1 1908 4466 3548 
33 25 18768 21323 2728 
33 31 12330 16525 2682 
33 21 41040 43360 1530 
33 24 464 2525 2272 
33 7 39845 41961 1294 
33 17 25400 28845 1698 
33 19 42929 45941 2756 
33 2 17655 21672 2652 
33 13 6230 9607 1688 
33 38 35341 37283 1986 
33 25 7874 9929 2728 
33 5 36729 39150 3472 
33 26 32529 34522 1184 
33 11 24535 27256 1544 
33 14 6929 9970 3304 
33 9 18042 19362 2691 
33 38 27163 29901 2648 
33 9 27041 28876 1794 
33 1 38894 40663 3548 
33 20 34336 37333 2268 
34 21 6973 9451 3576 
34 15 25183 27708 1168 
34 39 32247 35308 2505 
34 4 7386 11146 3068 
34 25 42314 46531 1408 
34 38 18708 20911 2694 
34 25 30588 33765 2112 
34 30 25898 29008 2325 
34 11 2013 4429 2644 
34 15 9159 10995 1752 
34 36 19276 22579 2322 
35 18 27463 30025 1220 
35 4 41327 45158 2754 
35 24 9930 11526 1206 
35 17 10845 12779 2088 
35 29 20776 23538 1382 
35 26 11707 15152 1800 
35 6 315 2757 2356 
35 21 22158 24041 1426 
36 5 11148 13708 2100 
36 24 2807 6317 2964 
36 11 3736 6079 2361 
36 28 17620 20037 1616 
36 27 38214 40388 2574 
36 12 110 2469 1869 
36 5 19635 22903 2800 
36 8 22501 24723 3212 
36 27 9685 11975 2574 
36 7 40913 42581 2280 
36 22 15700 18985 2208 
36 33 2560 5273 1707 
36 17 541 2883 1420 
36 4 33240 36368 2452 
36 26 6002 9796 1240 
36 25 8317 12758 2304 
36 6 4115 6106 1770 
36 22 39976 43151 2208 
37 18 30729 32813 3140 
37 11 20323 23063 2157 
37 35 30468 33317 2316 
37 26 10709 14562 3064 
37 18 16979 19637 1570 
37 39 27113 30005 3636 
37 6 34428 38191 1464 
37 0 27766 29676 3172 
37 0 33840 36552 3172 
38 29 32957 36305 2109 
38 7 5352 8148 1212 
38 4 21422 24136 1526 
38 20 21238 24009 2370 
38 10 17164 18638 3128 
38 17 41957 44191 1634 
38 6 7728 10147 1760 
38 1 4700 7504 1899 
38 39 21987 23852 1148 
38 26 41787 43899 2067 
38 36 31890 33306 2238 
38 39 31553 33300 1148 
38 33 611 2618 2648 
38 22 23470 25717 1566 
38 32 7906 9645 1372 
38 8 27852 30376 1260 
38 18 33722 35454 2394 
38 26 20718 23440 2756 
38 39 36866 38961 2296 
38 32 16521 19379 2744 
39 36 22085 25622 1947 
39 5 38960 42284 3128 
39 21 1081 2656 3032 
39 15 41586 44008 1716 
39 34 11134 13757 1670 
39 15 18284 20812 3432 
39 29 8636 11568 1468 
39 28 35683 38469 1678 

0 1 0 0
0 1 1 0
0 1 2 0
0 1 3 0
0 1 4 0
0 2 0 0
0 2 1 0
0 2 2 0
0 2 3 0
0 2 4 0
0 3 0 0
0 3 1 0
0 3 2 0
0 3 3 0
0 3 4 0
0 4 0 0
0 4 1 0
0 4 2 0
0 4 3 0
0 4 4 0
0 5 0 4519
0 5 1 4519
0 5 2 0
0 5 3 0
0 5 4 0
0 6 0 0
0 6 1 0
0 6 2 0
0 6 3 0
0 6 4 0
0 7 0 0
0 7 1 0
0 7 2 0
0 7 3 0
0 7 4 0
0 8 0 0
0 8 1 0
0 8 2 0
0 8 3 0
0 8 4 0
0 9 0 0
0 9 1 0
0 9 2 0
0 9 3 0
0 9 4 0
0 10 0 0
0 10 1 0
0 10 2 0
0 10 3 0
0 10 4 0
0 11 0 4402
0 11 1 4402
0 11 2 4402
0 11 3 0
0 11 4 0
0 12 0 3822
0 12 1 3822
0 12 2 3822
0 12 3 0
0 12 4 0
0 13 0 0
0 13 1 0
0 13 2 0
0 13 3 0
0 13 4 0
0 14 0 0
0 14 1 0
0 14 2 0
0 14 3 0
0 14 4 0
0 15 0 0
0 15 1 0
0 15 2 0
0 15 3 0
0 15 4 0
0 16 0 0
0 16 1 0
0 16 2 0
0 16 3 0
0 16 4 0
0 17 0 4067
0 17 1 4067
0 17 2 4067
0 17 3 0
0 17 4 0
0 18 0 0
0 18 1 0
0 18 2 0
0 18 3 0
0 18 4 0
0 19 0 0
0 19 1 0
0 19 2 0
0 19 3 0
0 19 4 0
0 20 0 4949
0 20 1 4949
0 20 2 4949
0 20 3 0
0 20 4 0
0 21 0 4636
0 21 1 4636
0 21 2 4636
0 21 3 0
0 21 4 0
0 22 0 0
0 22 1 0
0 22 2 0
0 22 3 0
0 22 4 0
0 23 0 0
0 23 1 0
0 23 2 0
0 23 3 0
0 23 4 0
0 24 0 4626
0 24 1 4626
0 24 2 0
0 24 3 0
0 24 4 0
0 25 0 0
0 25 1 0
0 25 2 0
0 25 3 0
0 25 4 0
0 26 0 0
0 26 1 0
0 26 2 0
0 26 3 0
0 26 4 0
0 27 0 0
0 27 1 0
0 27 2 0
0 27 3 0
0 27 4 0
0 28 0 4030
0 28 1 4030
0 28 2 4030
0 28 3 0
0 28 4 0
0 29 0 0
0 29 1 0
0 29 2 0
0 29 3 0
0 29 4 0
0 30 0 4125
0 30 1 4125
0 30 2 0
0 30 3 0
0 30 4 0
0 31 0 0
0 31 1 0
0 31 2 0
0 31 3 0
0 31 4 0
0 32 0 0
0 32 1 0
0 32 2 0
0 32 3 0
0 32 4 0
0 33 0 0
0 33 1 0
0 33 2 0
0 33 3 0
0 33 4 0
0 34 0 0
0 34 1 0
0 34 2 0
0 34 3 0
0 34 4 0
0 35 0 4594
0 35 1 4594
0 35 2 0
0 35 3 0
0 35 4 0
0 36 0 3702
0 36 1 3702
0 36 2 3702
0 36 3 0
0 36 4 0
0 37 0 4960
0 37 1 4960
0 37 2 0
0 37 3 0
0 37 4 0
0 38 0 0
0 38 1 0
0 38 2 0
0 38 3 0
0 38 4 0
0 39 0 0
0 39 1 0
0 39 2 0
0 39 3 0
0 39 4 0
1 0 0 0
1 0 1 0
1 0 2 0
1 0 3 0
1 0 4 0
1 2 0 0
1 2 1 0
1 2 2 0
1 2 3 0
1 2 4 0
1 3 0 0
1 3 1 0
1 3 2 0
1 3 3 0
1 3 4 0
1 4 0 4000
1 4 1 4000
1 4 2 4000
1 4 3 0
1 4 4 0
1 5 0 0
1 5 1 0
1 5 2 0
1 5 3 0
1 5 4 0
1 6 0 0
1 6 1 0
1 6 2 0
1 6 3 0
1 6 4 0
1 7 0 4310
1 7 1 4310
1 7 2 4310
1 7 3 0
1 7 4 0
1 8 0 4276
1 8 1 4276
1 8 2 0
1 8 3 0
1 8 4 0
1 9 0 0
1 9 1 0
1 9 2 0
1 9 3 0
1 9 4 0
1 10 0 4595
1 10 1 4595
1 10 2 4595
1 10 3 0
1 10 4 0
1 11 0 0
1 11 1 0
1 11 2 0
1 11 3 0
1 11 4 0
1 12 0 0
1 12 1 0
1 12 2 0
1 12 3 0
1 12 4 0
1 13 0 0
1 13 1 0
1 13 2 0
1 13 3 0
1 13 4 0
1 14 0 0
1 14 1 0
1 14 2 0
1 14 3 0
1 14 4 0
1 15 0 0
1 15 1 0
1 15 2 0
1 15 3 0
1 15 4 0
1 16 0 0
1 16 1 0
1 16 2 0
1 16 3 0
1 16 4 0
1 17 0 0
1 17 1 0
1 17 2 0
1 17 3 0
1 17 4 0
1 18 0 0
1 18 1 0
1 18 2 0
1 18 3 0
1 18 4 0
1 19 0 0
1 19 1 0
1 19 2 0
1 19 3 0
1 19 4 0
1 20 0 0
1 20 1 0
1 20 2 0
1 20 3 0
1 20 4 0
1 21 0 3976
1 21 1 3976
1 21 2 3976
1 21 3 0
1 21 4 0
1 22 0 0
1 22 1 0
1 22 2 0
1 22 3 0
1 22 4 0
1 23 0 0
1 23 1 0
1 23 2 0
1 23 3 0
1 23 4 0
1 24 0 4555
1 24 1 4555
1 24 2 0
1 24 3 0
1 24 4 0
1 25 0 0
1 25 1 0
1 25 2 0
1 25 3 0
1 25 4 0
1 26 0 4607
1 26 1 4607
1 26 2 0
1 26 3 0
1 26 4 0
1 27 0 0
1 27 1 0
1 27 2 0
1 27 3 0
1 27 4 0
1 28 0 4334
1 28 1 4334
1 28 2 4334
1 28 3 0
1 28 4 0
1 29 0 0
1 29 1 0
1 29 2 0
1 29 3 0
1 29 4 0
1 30 0 0
1 30 1 0
1 30 2 0
1 30 3 0
1 30 4 0
1 31 0 0
1 31 1 0
1 31 2 0
1 31 3 0
1 31 4 0
1 32 0 0
1 32 1 0
1 32 2 0
1 32 3 0
1 32 4 0
1 33 0 0
1 33 1 0
1 33 2 0
1 33 3 0
1 33 4 0
1 34 0 0
1 34 1 0
1 34 2 0
1 34 3 0
1 34 4 0
1 35 0 4473
1 35 1 4473
1 35 2 0
1 35 3 0
1 35 4 0
1 36 0 0
1 36 1 0
1 36 2 0
1 36 3 0
1 36 4 0
1 37 0 0
1 37 1 0
1 37 2 0
1 37 3 0
1 37 4 0
1 38 0 4906
1 38 1 4906
1 38 2 4906
1 38 3 0
1 38 4 0
1 39 0 0
1 39 1 0
1 39 2 0
1 39 3 0
1 39 4 0
2 0 0 0
2 0 1 0
2 0 2 0
2 0 3 0
2 0 4 0
2 1 0 0
2 1 1 0
2 1 2 0
2 1 3 0
2 1 4 0
2 3 0 3214
2 3 1 3214
2 3 2 3214
2 3 3 0
2 3 4 0
2 4 0 0
2 4 1 0
2 4 2 0
2 4 3 0
2 4 4 0
2 5 0 0
2 5 1 0
2 5 2 0
2 5 3 0
2 5 4 0
2 6 0 0
2 6 1 0
2 6 2 0
2 6 3 0
2 6 4 0
2 7 0 4188
2 7 1 4188
2 7 2 4188
2 7 3 0
2 7 4 0
2 8 0 0
2 8 1 0
2 8 2 0
2 8 3 0
2 8 4 0
2 9 0 0
2 9 1 0
2 9 2 0
2 9 3 0
2 9 4 0
2 10 0 0
2 10 1 0
2 10 2 0
2 10 3 0
2 10 4 0
2 11 0 0
2 11 1 0
2 11 2 0
2 11 3 0
2 11 4 0
2 12 0 4053
2 12 1 4053
2 12 2 4053
2 12 3 0
2 12 4 0
2 13 0 0
2 13 1 0
2 13 2 0
2 13 3 0
2 13 4 0
2 14 0 0
2 14 1 0
2 14 2 0
2 14 3 0
2 14 4 0
2 15 0 0
2 15 1 0
2 15 2 0
2 15 3 0
2 15 4 0
2 16 0 0
2 16 1 0
2 16 2 0
2 16 3 0
2 16 4 0
2 17 0 0
2 17 1 0
2 17 2 0
2 17 3 0
2 17 4 0
2 18 0 0
2 18 1 0
2 18 2 0
2 18 3 0
2 18 4 0
2 19 0 0
2 19 1 0
2 19 2 0
2 19 3 0
2 19 4 0
2 20 0 0
2 20 1 0
2 20 2 0
2 20 3 0
2 20 4 0
2 21 0 0
2 21 1 0
2 21 2 0
2 21 3 0
2 21 4 0
2 22 0 0
2 22 1 0
2 22 2 0
2 22 3 0
2 22 4 0
2 23 0 0
2 23 1 0
2 23 2 0
2 23 3 0
2 23 4 0
2 24 0 4678
2 24 1 4678
2 24 2 0
2 24 3 0
2 24 4 0
2 25 0 0
2 25 1 0
2 25 2 0
2 25 3 0
2 25 4 0
2 26 0 0
2 26 1 0
2 26 2 0
2 26 3 0
2 26 4 0
2 27 0 4544
2 27 1 4544
2 27 2 0
2 27 3 0
2 27 4 0
2 28 0 0
2 28 1 0
2 28 2 0
2 28 3 0
2 28 4 0
2 29 0 0
2 29 1 0
2 29 2 0
2 29 3 0
2 29 4 0
2 30 0 4309
2 30 1 4309
2 30 2 0
2 30 3 0
2 30 4 0
2 31 0 0
2 31 1 0
2 31 2 0
2 31 3 0
2 31 4 0
2 32 0 4768
2 32 1 4768
2 32 2 0
2 32 3 0
2 32 4 0
2 33 0 0
2 33 1 0
2 33 2 0
2 33 3 0
2 33 4 0
2 34 0 4372
2 34 1 4372
2 34 2 0
2 34 3 0
2 34 4 0
2 35 0 0
2 35 1 0
2 35 2 0
2 35 3 0
2 35 4 0
2 36 0 4042
2 36 1 4042
2 36 2 0
2 36 3 0
2 36 4 0
2 37 0 0
2 37 1 0
2 37 2 0
2 37 3 0
2 37 4 0
2 38 0 0
2 38 1 0
2 38 2 0
2 38 3 0
2 38 4 0
2 39 0 0
2 39 1 0
2 39 2 0
2 39 3 0
2 39 4 0
3 0 0 0
3 0 1 0
3 0 2 0
3 0 3 0
3 0 4 0
3 1 0 0
3 1 1 0
3 1 2 0
3 1 3 0
3 1 4 0
3 2 0 3214
3 2 1 3214
3 2 2 3214
3 2 3 0
3 2 4 0
3 4 0 0
3 4 1 0
3 4 2 0
3 4 3 0
3 4 4 0
3 5 0 4085
3 5 1 4085
3 5 2 4085
3 5 3 0
3 5 4 0
3 6 0 0
3 6 1 0
3 6 2 0
3 6 3 0
3 6 4 0
3 7 0 0
3 7 1 0
3 7 2 0
3 7 3 0
3 7 4 0
3 8 0 4921
3 8 1 4921
3 8 2 4921
3 8 3 0
3 8 4 0
3 9 0 0
3 9 1 0
3 9 2 0
3 9 3 0
3 9 4 0
3 10 0 4962
3 10 1 4962
3 10 2 0
3 10 3 0
3 10 4 0
3 11 0 0
3 11 1 0
3 11 2 0
3 11 3 0
3 11 4 0
3 12 0 0
3 12 1 0
3 12 2 0
3 12 3 0
3 12 4 0
3 13 0 0
3 13 1 0
3 13 2 0
3 13 3 0
3 13 4 0
3 14 0 0
3 14 1 0
3 14 2 0
3 14 3 0
3 14 4 0
3 15 0 4814
3 15 1 4814
3 15 2 0
3 15 3 0
3 15 4 0
3 16 0 4286
3 16 1 4286
3 16 2 4286
3 16 3 0
3 16 4 0
3 17 0 4357
3 17 1 4357
3 17 2 4357
3 17 3 0
3 17 4 0
3 18 0 4526
3 18 1 4526
3 18 2 0
3 18 3 0
3 18 4 0
3 19 0 0
3 19 1 0
3 19 2 0
3 19 3 0
3 19 4 0
3 20 0 0
3 20 1 0
3 20 2 0
3 20 3 0
3 20 4 0
3 21 0 0
3 21 1 0
3 21 2 0
3 21 3 0
3 21 4 0
3 22 0 4383
3 22 1 4383
3 22 2 4383
3 22 3 0
3 22 4 0
3 23 0 0
3 23 1 0
3 23 2 0
3 23 3 0
3 23 4 0
3 24 0 0
3 24 1 0
3 24 2 0
3 24 3 0
3 24 4 0
3 25 0 0
3 25 1 0
3 25 2 0
3 25 3 0
3 25 4 0
3 26 0 0
3 26 1 0
3 26 2 0
3 26 3 0
3 26 4 0
3 27 0 0
3 27 1 0
3 27 2 0
3 27 3 0
3 27 4 0
3 28 0 4983
3 28 1 4983
3 28 2 4983
3 28 3 0
3 28 4 0
3 29 0 0
3 29 1 0
3 29 2 0
3 29 3 0
3 29 4 0
3 30 0 0
3 30 1 0
3 30 2 0
3 30 3 0
3 30 4 0
3 31 0 4621
3 31 1 4621
3 31 2 4621
3 31 3 0
3 31 4 0
3 32 0 4946
3 32 1 4946
3 32 2 0
3 32 3 0
3 32 4 0
3 33 0 3679
3 33 1 3679
3 33 2 3679
3 33 3 0
3 33 4 0
3 34 0 0
3 34 1 0
3 34 2 0
3 34 3 0
3 34 4 0
3 35 0 0
3 35 1 0
3 35 2 0
3 35 3 0
3 35 4 0
3 36 0 0
3 36 1 0
3 36 2 0
3 36 3 0
3 36 4 0
3 37 0 4453
3 37 1 4453
3 37 2 4453
3 37 3 0
3 37 4 0
3 38 0 4353
3 38 1 4353
3 38 2 0
3 38 3 0
3 38 4 0
3 39 0 4195
3 39 1 4195
3 39 2 0
3 39 3 0
3 39 4 0
4 0 0 0
4 0 1 0
4 0 2 0
4 0 3 0
4 0 4 0
4 1 0 4000
4 1 1 4000
4 1 2 4000
4 1 3 0
4 1 4 0
4 2 0 0
4 2 1 0
4 2 2 0
4 2 3 0
4 2 4 0
4 3 0 0
4 3 1 0
4 3 2 0
4 3 3 0
4 3 4 0
4 5 0 0
4 5 1 0
4 5 2 0
4 5 3 0
4 5 4 0
4 6 0 0
4 6 1 0
4 6 2 0
4 6 3 0
4 6 4 0
4 7 0 0
4 7 1 0
4 7 2 0
4 7 3 0
4 7 4 0
4 8 0 0
4 8 1 0
4 8 2 0
4 8 3 0
4 8 4 0
4 9 0 0
4 9 1 0
4 9 2 0
4 9 3 0
4 9 4 0
4 10 0 0
4 10 1 0
4 10 2 0
4 10 3 0
4 10 4 0
4 11 0 0
4 11 1 0
4 11 2 0
4 11 3 0
4 11 4 0
4 12 0 0
4 12 1 0
4 12 2 0
4 12 3 0
4 12 4 0
4 13 0 4502
4 13 1 4502
4 13 2 4502
4 13 3 0
4 13 4 0
4 14 0 0
4 14 1 0
4 14 2 0
4 14 3 0
4 14 4 0
4 15 0 0
4 15 1 0
4 15 2 0
4 15 3 0
4 15 4 0
4 16 0 0
4 16 1 0
4 16 2 0
4 16 3 0
4 16 4 0
4 17 0 0
4 17 1 0
4 17 2 0
4 17 3 0
4 17 4 0
4 18 0 0
4 18 1 0
4 18 2 0
4 18 3 0
4 18 4 0
4 19 0 0
4 19 1 0
4 19 2 0
4 19 3 0
4 19 4 0
4 20 0 0
4 20 1 0
4 20 2 0
4 20 3 0
4 20 4 0
4 21 0 0
4 21 1 0
4 21 2 0
4 21 3 0
4 21 4 0
4 22 0 0
4 22 1 0
4 22 2 0
4 22 3 0
4 22 4 0
4 23 0 0
4 23 1 0
4 23 2 0
4 23 3 0
4 23 4 0
4 24 0 0
4 24 1 0
4 24 2 0
4 24 3 0
4 24 4 0
4 25 0 0
4 25 1 0
4 25 2 0
4 25 3 0
4 25 4 0
4 26 0 0
4 26 1 0
4 26 2 0
4 26 3 0
4 26 4 0
4 27 0 0
4 27 1 0
4 27 2 0
4 27 3 0
4 27 4 0
4 28 0 0
4 28 1 0
4 28 2 0
4 28 3 0
4 28 4 0
4 29 0 4382
4 29 1 4382
4 29 2 4382
4 29 3 0
4 29 4 0
4 30 0 3608
4 30 1 3608
4 30 2 0
4 30 3 0
4 30 4 0
4 31 0 0
4 31 1 0
4 31 2 0
4 31 3 0
4 31 4 0
4 32 0 0
4 32 1 0
4 32 2 0
4 32 3 0
4 32 4 0
4 33 0 0
4 33 1 0
4 33 2 0
4 33 3 0
4 33 4 0
4 34 0 0
4 34 1 0
4 34 2 0
4 34 3 0
4 34 4 0
4 35 0 0
4 35 1 0
4 35 2 0
4 35 3 0
4 35 4 0
4 36 0 0
4 36 1 0
4 36 2 0
4 36 3 0
4 36 4 0
4 37 0 0
4 37 1 0
4 37 2 0
4 37 3 0
4 37 4 0
4 38 0 0
4 38 1 0
4 38 2 0
4 38 3 0
