50 4 24 827

   0  598  705  887  611  613  907  646  726  914  851  882  756  836  820  918  913  814  692  586  821  610  839  567  714  879  801  615  579  655  642  791  659  840  890  910  586  759  786  823  879  825  813  748  665  670  891  889  850  701 
 598    0  879  596  800  741  816  914  896  919  827  772  900  592  900  607  638  872  776  800  803  915  788  701  825  641  850  913  902  729  793  686  744  790  823  839  691  728  675  593  699  915  913  643  764  702  864  834  634  826 
 705  879    0  711  575  855  796  832  799  689  573  765  711  586  631  588  915  833  800  638  874  568  886  796  833  640  901  714  811  587  805  564  874  778  745  579  909  721  739  817  909  596  791  847  611  588  766  638  665  824 
 887  596  711    0  626  659  867  787  888  600  717  655  765  885  680  908  762  745  811  722  844  692  881  717  804  784  767  765  642  655  684  645  622  708  755  892  908  599  591  733  867  692  848  781  886  834  837  664  632  560 
 611  800  575  626    0  890  692  776  635  801  867  568  805  847  891  589  910  773  674  672  810  749  736  679  651  580  648  633  719  679  891  762  920  637  699  620  720  674  697  733  842  695  636  910  884  735  713  795  613  796 
 613  741  855  659  890    0  665  748  777  684  625  818  754  925  640  768  621  869  749  854  775  618  673  605  708  621  900  922  758  719  879  650  744  905  858  651  869  911  631  671  584  702  824  755  697  907  627  900  847  717 
 907  816  796  867  692  665    0  587  742  724  767  792  769  726  874  567  778  623  902  631  852  824  632  900  613  904  624  761  827  659  844  598  613  595  830  811  855  882  729  629  654  729  839  760  863  695  636  691  643  842 
 646  914  832  787  776  748  587    0  828  631  576  810  868  616  886  896  827  795  699  573  574  777  688  724  816  629  605  616  677  785  725  606  877  562  889  675  630  842  714  674  737  588  863  740  889  829  854  663  873  652 
 726  896  799  888  635  777  742  828    0  599  718  618  880  818  584  751  851  687  598  914  796  634  755  744  730  681  812  639  796  839  699  584  601  855  892  706  728  755  610  766  900  719  628  810  573  754  891  606  851  683 
 914  919  689  600  801  684  724  631  599    0  576  796  561  651  639  854  822  740  869  866  692  825  666  822  735  574  900  909  603  681  887  911  924  877  817  778  570  573  584  847  917  583  698  784  600  904  834  757  625  721 
 851  827  573  717  867  625  767  576  718  576    0  747  833  872  602  748  885  923  607  641  675  579  638  656  687  809  823  889  622  896  840  759  922  885  680  832  814  801  749  766  609  735  840  906  800  730  583  765  810  855 
 882  772  765  655  568  818  792  810  618  796  747    0  587  602  650  827  905  870  709  823  614  849  812  734  615  583  567  613  837  565  826  677  920  764  802  564  729  687  659  705  885  646  716  766  814  836  589  783  574  654 
 756  900  711  765  805  754  769  868  880  561  833  587    0  677  571  711  737  613  832  700  698  648  662  798  727  602  580  750  587  919  697  581  566  883  757  903  905  906  808  898  587  618  872  793  612  842  569  781  783  654 
 836  592  586  885  847  925  726  616  818  651  872  602  677    0  836  604  653  855  724  876  868  767  589  689  894  621  745  634  581  581  685  623  808  609  840  857  762  600  726  734  881  591  572  739  887  781  595  846  581  796 
 820  900  631  680  891  640  874  886  584  639  602  650  571  836    0  720  687  837  845  678  884  883  700  866  640  649  701  651  888  729  656  848  747  781  874  710  894  717  651  615  593  877  787  581  650  574  637  803  888  621 
 918  607  588  908  589  768  567  896  751  854  748  827  711  604  720    0  728  761  661  758  769  922  917  563  671  810  875  788  753  785  826  675  887  604  788  851  884  652  605  616  574  633  772  728  567  886  915  873  836  905 
 913  638  915  762  910  621  778  827  851  822  885  905  737  653  687  728    0  619  784  730  798  618  727  811  789  825  799  895  731  761  718  719  605  735  714  867  918  865  630  725  690  886  888  595  587  668  861  802  754  687 
 814  872  833  745  773  869  623  795  687  740  923  870  613  855  837  761  619    0  706  777  767  772  741  763  734  732  740  580  735  732  750  870  797  751  685  676  884  771  903  568  792  729  644  654  752  924  573  892  574  813 
 692  776  800  811  674  749  902  699  598  869  607  709  832  724  845  661  784  706    0  807  658  862  824  605  693  840  919  652  646  711  910  903  687  635  869  630  571  619  706  666  638  710  581  642  809  728  772  604  847  732 
 586  800  638  722  672  854  631  573  914  866  641  823  700  876  678  758  730  777  807    0  642  693  780  716  679  775  561  718  885  583  805  803  823  875  622  926  924  789  893  896  674  864  684  630  629  910  837  618  862  643 
 821  803  874  844  810  775  852  574  796  692  675  614  698  868  884  769  798  767  658  642    0  884  595  568  817  632  772  650  587  641  815  879  799  638  650  827  868  707  695  821  834  859  777  564  588  877  891  603  641  702 
 610  915  568  692  749  618  824  777  634  825  579  849  648  767  883  922  618  772  862  693  884    0  807  888  883  853  624  583  646  834  758  567  722  634  679  637  735  699  755  585  702  663  846  846  759  656  658  565  746  919 
 839  788  886  881  736  673  632  688  755  666  638  812  662  589  700  917  727  741  824  780  595  807    0  622  565  665  604  654  693  768  815  647  848  860  826  634  720  742  871  853  647  830  889  591  745  647  578  759  881  723 
 567  701  796  717  679  605  900  724  744  822  656  734  798  689  866  563  811  763  605  716  568  888  622    0  708  639  648  759  722  781  589  875  825  639  683  821  677  592  649  889  707  696  812  767  792  615  573  851  874  598 
 714  825  833  804  651  708  613  816  730  735  687  615  727  894  640  671  789  734  693  679  817  883  565  708    0  737  749  648  911  925  895  682  740  615  662  829  589  817  858  730  687  569  816  765  645  754  643  760  633  584 
 879  641  640  784  580  621  904  629  681  574  809  583  602  621  649  810  825  732  840  775  632  853  665  639  737    0  849  731  599  772  887  766  867  924  770  598  566  838  560  586  791  673  835  577  839  672  837  655  797  840 
 801  850  901  767  648  900  624  605  812  900  823  567  580  745  701  875  799  740  919  561  772  624  604  648  749  849    0  875  570  828  688  773  666  573  712  861  658  809  624  878  707  571  661  561  783  872  596  584  667  746 
 615  913  714  765  633  922  761  616  639  909  889  613  750  634  651  788  895  580  652  718  650  583  654  759  648  731  875    0  812  752  882  848  640  731  650  676  662  630  736  898  777  631  712  666  760  766  753  823  830  772 
 579  902  811  642  719  758  827  677  796  603  622  837  587  581  888  753  731  735  646  885  587  646  693  722  911  599  570  812    0  760  632  708  743  669  823  613  583  570  689  849  916  560  663  750  623  585  574  657  900  600 
 655  729  587  655  679  719  659  785  839  681  896  565  919  581  729  785  761  732  711  583  641  834  768  781  925  772  828  752  760    0  867  785  831  897  665  750  664  882  631  747  840  808  682  605  657  721  717  737  914  858 
 642  793  805  684  891  879  844  725  699  887  840  826  697  685  656  826  718  750  910  805  815  758  815  589  895  887  688  882  632  867    0  671  856  763  738  642  679  762  563  921  808  654  809  848  753  740  830  657  640  745 
 791  686  564  645  762  650  598  606  584  911  759  677  581  623  848  675  719  870  903  803  879  567  647  875  682  766  773  848  708  785  671    0  810  799  792  888  761  637  828  626  723  586  625  687  761  710  627  867  708  926 
 659  744  874  622  920  744  613  877  601  924  922  920  566  808  747  887  605  797  687  823  799  722  848  825  740  867  666  640  743  831  856  810    0  801  828  562  911  926  831  913  897  789  675  775  751  747  600  827  627  768 
 840  790  778  708  637  905  595  562  855  877  885  764  883  609  781  604  735  751  635  875  638  634  860  639  615  924  573  731  669  897  763  799  801    0  785  818  697  684  689  879  668  785  589  583  849  840  784  656  657  663 
 890  823  745  755  699  858  830  889  892  817  680  802  757  840  874  788  714  685  869  622  650  679  826  683  662  770  712  650  823  665  738  792  828  785    0  562  901  858  657  730  620  646  912  807  921  763  744  749  699  670 
 910  839  579  892  620  651  811  675  706  778  832  564  903  857  710  851  867  676  630  926  827  637  634  821  829  598  861  676  613  750  642  888  562  818  562    0  810  669  631  874  574  660  925  774  639  899  867  574  848  684 
 586  691  909  908  720  869  855  630  728  570  814  729  905  762  894  884  918  884  571  924  868  735  720  677  589  566  658  662  583  664  679  761  911  697  901  810    0  876  752  721  708  773  784  628  783  844  717  681  839  855 
 759  728  721  599  674  911  882  842  755  573  801  687  906  600  717  652  865  771  619  789  707  699  742  592  817  838  809  630  570  882  762  637  926  684  858  669  876    0  636  818  749  824  795  855  634  612  728  621  805  807 
 786  675  739  591  697  631  729  714  610  584  749  659  808  726  651  605  630  903  706  893  695  755  871  649  858  560  624  736  689  631  563  828  831  689  657  631  752  636    0  607  778  696  665  858  832  718  663  711  607  605 
 823  593  817  733  733  671  629  674  766  847  766  705  898  734  615  616  725  568  666  896  821  585  853  889  730  586  878  898  849  747  921  626  913  879  730  874  721  818  607    0  866  576  777  726  773  836  617  800  610  648 
 879  699  909  867  842  584  654  737  900  917  609  885  587  881  593  574  690  792  638  674  834  702  647  707  687  791  707  777  916  840  808  723  897  668  620  574  708  749  778  866    0  829  716  764  812  856  886  626  837  626 
 825  915  596  692  695  702  729  588  719  583  735  646  618  591  877  633  886  729  710  864  859  663  830  696  569  673  571  631  560  808  654  586  789  785  646  660  773  824  696  576  829    0  641  734  651  811  591  888  602  595 
 813  913  791  848  636  824  839  863  628  698  840  716  872  572  787  772  888  644  581  684  777  846  889  812  816  835  661  712  663  682  809  625  675  589  912  925  784  795  665  777  716  641    0  862  630  709  751  595  796  717 
 748  643  847  781  910  755  760  740  810  784  906  766  793  739  581  728  595  654  642  630  564  846  591  767  765  577  561  666  750  605  848  687  775  583  807  774  628  855  858  726  764  734  862    0  870  692  643  621  833  569 
 665  764  611  886  884  697  863  889  573  600  800  814  612  887  650  567  587  752  809  629  588  759  745  792  645  839  783  760  623  657  753  761  751  849  921  639  783  634  832  773  812  651  630  870    0  773  572  733  905  920 
 670  702  588  834  735  907  695  829  754  904  730  836  842  781  574  886  668  924  728  910  877  656  647  615  754  672  872  766  585  721  740  710  747  840  763  899  844  612  718  836  856  811  709  692  773    0  790  833  646  564 
 891  864  766  837  713  627  636  854  891  834  583  589  569  595  637  915  861  573  772  837  891  658  578  573  643  837  596  753  574  717  830  627  600  784  744  867  717  728  663  617  886  591  751  643  572  790    0  909  795  659 
 889  834  638  664  795  900  691  663  606  757  765  783  781  846  803  873  802  892  604  618  603  565  759  851  760  655  584  823  657  737  657  867  827  656  749  574  681  621  711  800  626  888  595  621  733  833  909    0  813  757 
 850  634  665  632  613  847  643  873  851  625  810  574  783  581  888  836  754  574  847  862  641  746  881  874  633  797  667  830  900  914  640  708  627  657  699  848  839  805  607  610  837  602  796  833  905  646  795  813    0  624 
 701  826  824  560  796  717  842  652  683  721  855  654  654  796  621  905  687  813  732  643  702  919  723  598  584  840  746  772  600  858  745  926  768  663  670  684  855  807  605  648  626  595  717  569  920  564  659  757  624    0 

   0 1009  601 1082  964  976 1177  635 1124  996  881  981 1170  751  771  889 1104 1159 1054  874  810  656  718 1098  828  945  634 1095  725  970  995  875 1190 1109 1037  972  829 1081  892  686  873  952  682  642 1099  779  885 1139  799  949 
1009    0 1053 1096 1126  709  876 1135  887  890  690  654  715  871  776 1061 1067  762 1062 1075 1102  620  819  662 1030  841  876  816 1125 1149 1009  974 1019 1077 1158  625 1194 1032 1003  667 1098 1009  829 1103 1073  921  720  701  802  992 
 601 1053    0  673 1123 1169  613  971  847 1196  694  784  863 1062  886  865 1086  664 1010  965  948  775  867  802  885  612  849  726 1026  969  902  970  979  835  890  606 1093  931 1189 1079  650  757  723 1063 1018  665 1106  700 1029  796 
1082 1096  673    0  660 1146 1106  799  918  896  667  771  999 1106 1054 1003  884  732 1077  732  873  843 1154  778  671  828 1110 1179  694  992 1109 1092 1170 1056  761  718  981  968  963  801  736  630 1098 1158  976  714  838 1088  698  679 
 964 1126 1123  660    0  840  734  656 1136 1176  957  989 1055  640  733 1129 1160  922  984  727  649  645  691  991  721  600  882  758 1159  896  796  819 1097 1188  683  723 1150  778 1099  993  797  881  771 1116  802  719  715  614 1116  779 
 976  709 1169 1146  840    0  960  939  867 1105  682  808 1117  977  719  847  901  724  846  668  641 1021  705 1102  975  944  951  705 1052  607  872  887  865  827  974  898 1066 1192  662 1190  958  827 1068  961  889  841 1078 1150  939  995 
1177  876  613 1106  734  960    0 1020 1159  852 1015 1013  746  738 1113  951  860  857  883  935 1076 1103 1135 1087  876 1093 1175 1111 1148 1039  729 1012  648  994  700  807  951 1112 1011 1105  678  963 1152  782  998 1001  891  626 1189  769 
 635 1135  971  799  656  939 1020    0  656  840  965  781  676  992 1117  787  848  865 1110  917  878  953 1051 1011  712 1099  733  972 1050 1189 1061  605  774  904 1105 1105 1148  722  690 1189  951  638 1039  606 1002  984 1142 1048 1124  716 
1124  887  847  918 1136  867 1159  656    0  793  981 1144 1086  789  654  912  893  980  603 1194 1144 1003  748  959  953  629  655  725  857  635  802  606 1183  889  949  698  774  626 1111 1128  799  776  943 1174  736 1039  633 1033  869  995 
 996  890 1196  896 1176 1105  852  840  793    0  691 1014 1176  873  694  889  681  932 1013  674  977  907  885 1088 1152  735  697 1181  773  630  633  752 1136 1114  834  703  785 1046 1194 1005  653  997  674  719  617  907 1055  905  979  683 
 881  690  694  667  957  682 1015  965  981  691    0  854  905  786  710  652 1100 1175 1081  754  930  778  827  868  763 1033  921  926 1046  960 1121  603  715  726  601 1173  660  674 1154 1065  685 1086  979 1184 1160  633 1151  711  799  905 
 981  654  784  771  989  808 1013  781 1144 1014  854    0  653 1141  916  661 1096 1144  947 1199  821  894  604  718  818 1154  846  831  621  666  939 1109  673  666  722  780  801  610  901  911 1145 1150  846 1112 1179  915  996  962 1159  845 
1170  715  863  999 1055 1117  746  676 1086 1176  905  653    0 1022 1058  893  968 1158 1073  759  755  864 1196  724  934 1145 1100  764 1167  873  615  954  982  623 1169  619  990  949  910  808  943 1094  726  868 1033  637  806  869 1041  687 
 751  871 1062 1106  640  977  738  992  789  873  786 1141 1022    0  710  836  744 1030 1076  831  676  671  784 1082  638  898 1031  755  839  884  973  600 1165  774 1157  692 1130  934 1183 1195 1048  607  841 1137  673  840  732 1065 1077  964 
 771  776  886 1054  733  719 1113 1117  654  694  710  916 1058  710    0 1103  918 1028 1063  944  835  920 1120  896 1033 1101  817  876  752  656 1069  795 1090 1072  619 1176  813  996  735  874  852  631  950  798 1074  619  821  932  931  646 
 889 1061  865 1003 1129  847  951  787  912  889  652  661  893  836 1103    0  980  628  901  643  851 1052 1102 1153  872 1158  897  956 1080  744  772  917  654  824  977  776  786 1104  713 1032  755  610  902 1061  974  969  867 1198  945  707 
1104 1067 1086  884 1160  901  860  848  893  681 1100 1096  968  744  918  980    0 1141  689  907  740  611  931  962  657  748  948  821  947  625 1108  693  861  723  712 1057  702 1126 1058  657  832 1086  650 1129  672  697  672  684  894  625 
1159  762  664  732  922  724  857  865  980  932 1175 1144 1158 1030 1028  628 1141    0 1136 1068  918 1014  666  777  919  724  882  605  923  642  863 1109  604 1016  948 1178 1184  668 1074 1149  940  777 1008  639  849 1014  694 1189  683 1012 
1054 1062 1010 1077  984  846  883 1110  603 1013 1081  947 1073 1076 1063  901  689 1136    0  994  788  602 1068 1168 1010  894 1162 1116  939  706  817  843  846  903  889 1165  999  921  972  791  695  796 1135  602  905 1017  636  697  849  791 
 874 1075  965  732  727  668  935  917 1194  674  754 1199  759  831  944  643  907 1068  994    0  823 1187  654  836  732 1081  615 1042  700  600 1062  815 1141  798 1006 1136 1042 1152  932  602  951  847 1170 1194 1044  725  831  925 1069 1037 
 810 1102  948  873  649  641 1076  878 1144  977  930  821  755  676  835  851  740  918  788  823    0  835  773 1138  683  874 1065 1194 1173 1068  975  874  852  772 1059 1056  746  739  752  817 1120 1006  804 1058  912  617 1170  774  661 1058 
 656  620  775  843  645 1021 1103  953 1003  907  778  894  864  671  920 1052  611 1014  602 1187  835    0 1066  839  818  606  860 1074  965  698 1194  945  936  901  667  974 1096  689  871  890  997 1012 1047  939 1104 1184 1100  805  610  749 
 718  819  867 1154  691  705 1135 1051  748  885  827  604 1196  784 1120 1102  931  666 1068  654  773 1066    0  716  722  774  696  649 1160  614  884  983  821  906  802 1070  882 1069 1114 1021  755  637 1053 1060  654  610 1103  644 1086  672 
1098  662  802  778  991 1102 1087 1011  959 1088  868  718  724 1082  896 1153  962  777 1168  836 1138  839  716    0  762  981  667 1088  705 1046  865 1195  852  911  897  976  706  884  747  743  618  711  694  706  735  895  991 1086 1174  836 
 828 1030  885  671  721  975  876  712  953 1152  763  818  934  638 1033  872  657  919 1010  732  683  818  722  762    0  728  715  695  611 1063  992 1084  709  806 1013  863 1067 1051  701  791  860  999  920  976  612 1064 1110  684  627 1013 
 945  841  612  828  600  944 1093 1099  629  735 1033 1154 1145  898 1101 1158  748  724  894 1081  874  606  774  981  728    0 1106  943  993 1175 1079 1157 1096 1145  616  737  601 1174  675  710 1065  779  887  828  879  965 1184 1198 1166  900 
 634  876  849 1110  882  951 1175  733  655  697  921  846 1100 1031  817  897  948  882 1162  615 1065  860  696  667  715 1106    0  956 1170 1145  936  975  901  638  664 1048  918  864  614  956 1067  849 1078  800  750  885  986 1134  852  883 
1095  816  726 1179  758  705 1111  972  725 1181  926  831  764  755  876  956  821  605 1116 1042 1194 1074  649 1088  695  943  956    0 1059  798  843  677  764 1067  889  667 1000  944  882 1156  883  903  787 1079  877 1119  818  699 1200 1141 
 725 1125 1026  694 1159 1052 1148 1050  857  773 1046  621 1167  839  752 1080  947  923  939  700 1173  965 1160  705  611  993 1170 1059    0 1190  794 1185 1130  660 1174 1085  939 1137  745  965  892  668  677 1046  684  730 1036 1068  724  971 
 970 1149  969  992  896  607 1039 1189  635  630  960  666  873  884  656  744  625  642  706  600 1068  698  614 1046 1063 1175 1145  798 1190    0  824 1009  734  679  919  786  944  892  761 1063  963  855  629  977  822  771  940 1063  831  839 
 995 1009  902 1109  796  872  729 1061  802  633 1121  939  615  973 1069  772 1108  863  817 1062  975 1194  884  865  992 1079  936  843  794  824    0 1117  966  641 1039  848 1102  791  920  883 1188 1005  871  686  968  675  878  608  755 1043 
 875  974  970 1092  819  887 1012  605  606  752  603 1109  954  600  795  917  693 1109  843  815  874  945  983 1195 1084 1157  975  677 1185 1009 1117    0 1163  729  915 1118 1129 1141 1134 1160  847  897  926  801  682 1151  978  983  693  606 
1190 1019  979 1170 1097  865  648  774 1183 1136  715  673  982 1165 1090  654  861  604  846 1141  852  936  821  852  709 1096  901  764 1130  734  966 1163    0  952 1080  988 1109 1151  954 1019 1063 1146 1074  700  717  858 1026  831  641  711 
1109 1077  835 1056 1188  827  994  904  889 1114  726  666  623  774 1072  824  723 1016  903  798  772  901  906  911  806 1145  638 1067  660  679  641  729  952    0 1181  606  941  848 1029 1084  919  865  687  980 1088  631 1061  808  610 1084 
1037 1158  890  761  683  974  700 1105  949  834  601  722 1169 1157  619  977  712  948  889 1006 1059  667  802  897 1013  616  664  889 1174  919 1039  915 1080 1181    0 1063  972  987  776  952  715 1065  621  921  625  869 1140  714 1014 1177 
 972  625  606  718  723  898  807 1105  698  703 1173  780  619  692 1176  776 1057 1178 1165 1136 1056  974 1070  976  863  737 1048  667 1085  786  848 1118  988  606 1063    0 1188 1176 1106 1191 1138 1070 1141  894  648  698 1120 1082  726 1144 
 829 1194 1093  981 1150 1066  951 1148  774  785  660  801  990 1130  813  786  702 1184  999 1042  746 1096  882  706 1067  601  918 1000  939  944 1102 1129 1109  941  972 1188    0  874  648  654  937  895  903 1081 1013 1176 1072 1029 1093  723 
1081 1032  931  968  778 1192 1112  722  626 1046  674  610  949  934  996 1104 1126  668  921 1152  739  689 1069  884 1051 1174  864  944 1137  892  791 1141 1151  848  987 1176  874    0 1151  810  878  777  687 1093  637 1090  904  931  676  738 
 892 1003 1189  963 1099  662 1011  690 1111 1194 1154  901  910 1183  735  713 1058 1074  972  932  752  871 1114  747  701  675  614  882  745  761  920 1134  954 1029  776 1106  648 1151    0 1096 1062  890 1023 1177  630  932  786  609  775  774 
 686  667 1079  801  993 1190 1105 1189 1128 1005 1065  911  808 1195  874 1032  657 1149  791  602  817  890 1021  743  791  710  956 1156  965 1063  883 1160 1019 1084  952 1191  654  810 1096    0  687  846  678  818  968  623  845 1115  738  673 
 873 1098  650  736  797  958  678  951  799  653  685 1145  943 1048  852  755  832  940  695  951 1120  997  755  618  860 1065 1067  883  892  963 1188  847 1063  919  715 1138  937  878 1062  687    0  823  697 1105  830 1188  721 1070  729  668 
 952 1009  757  630  881  827  963  638  776  997 1086 1150 1094  607  631  610 1086  777  796  847 1006 1012  637  711  999  779  849  903  668  855 1005  897 1146  865 1065 1070  895  777  890  846  823    0 1044  601  928  671  856  804  728 1166 
 682  829  723 1098  771 1068 1152 1039  943  674  979  846  726  841  950  902  650 1008 1135 1170  804 1047 1053  694  920  887 1078  787  677  629  871  926 1074  687  621 1141  903  687 1023  678  697 1044    0  625  790  683 1199 1041 1099  691 
 642 1103 1063 1158 1116  961  782  606 1174  719 1184 1112  868 1137  798 1061 1129  639  602 1194 1058  939 1060  706  976  828  800 1079 1046  977  686  801  700  980  921  894 1081 1093 1177  818 1105  601  625    0  921  970 1176  790 1126  620 
1099 1073 1018  976  802  889  998 1002  736  617 1160 1179 1033  673 1074  974  672  849  905 1044  912 1104  654  735  612  879  750  877  684  822  968  682  717 1088  625  648 1013  637  630  968  830  928  790  921    0  921 1098  726  843  930 
 779  921  665  714  719  841 1001  984 1039  907  633  915  637  840  619  969  697 1014 1017  725  617 1184  610  895 1064  965  885 1119  730  771  675 1151  858  631  869  698 1176 1090  932  623 1188  671  683  970  921    0  642 1157  920  861 
 885  720 1106  838  715 1078  891 1142  633 1055 1151  996  806  732  821  867  672  694  636  831 1170 1100 1103  991 1110 1184  986  818 1036  940  878  978 1026 1061 1140 1120 1072  904  786  845  721  856 1199 1176 1098  642    0  683  760  925 
1139  701  700 1088  614 1150  626 1048 1033  905  711  962  869 1065  932 1198  684 1189  697  925  774  805  644 1086  684 1198 1134  699 1068 1063  608  983  831  808  714 1082 1029  931  609 1115 1070  804 1041  790  726 1157  683    0  945  725 
 799  802 1029  698 1116  939 1189 1124  869  979  799 1159 1041 1077  931  945  894  683  849 1069  661  610 1086 1174  627 1166  852 1200  724  831  755  693  641  610 1014  726 1093  676  775  738  729  728 1099 1126  843  920  760  945    0  912 
 949  992  796  679  779  995  769  716  995  683  905  845  687  964  646  707  625 1012  791 1037 1058  749  672  836 1013  900  883 1141  971  839 1043  606  711 1084 1177 1144  723  738  774  673  668 1166  691  620  930  861  925  725  912    0 

0 566 751
1 572 726
2 263 896
3 590 1083
4 670 1096
5 213 724
6 209 844
7 657 813
8 221 968
9 321 943
10 423 914
11 531 934
12 478 881
13 419 967
14 203 801
15 555 1009
16 661 1051
17 551 1089
18 532 759
19 581 957
20 374 774
21 578 710
22 389 918
23 563 828
24 617 728
25 244 1026
26 497 844
27 564 804
28 654 782
29 367 1028
30 400 942
31 565 769
32 370 1065
33 628 808
34 429 937
35 276 957
36 233 1036
37 307 928
38 496 770
39 551 902
40 438 772
41 412 884
42 313 1003
43 686 812
44 377 769
45 460 938
46 331 712
47 522 1009
48 538 1064
49 285 921

0 35 45283 48869 3640 
0 19 31291 33362 1172 
0 37 41801 43984 2277 
0 44 12128 15600 2660 
0 17 21925 24289 2442 
0 27 9462 12823 2460 
0 40 57579 60433 3516 
0 46 30945 33051 1782 
0 13 43986 46404 2508 
0 13 30801 32701 2508 
0 27 56537 59405 1845 
0 40 57051 59390 2637 
0 43 7936 10304 2992 
0 24 25862 29124 1428 
0 38 35541 37592 2358 
0 29 49157 52299 2620 
0 29 8168 10942 1965 
0 48 20620 22505 2550 
0 43 33711 35508 1496 
0 44 9327 12920 1330 
1 34 54528 58870 1646 
1 34 21101 25663 3292 
1 48 26461 29324 1902 
1 44 41471 45355 1528 
1 15 29917 33641 1821 
1 42 46257 48420 1826 
1 14 12312 15082 3600 
1 12 15126 17178 1800 
1 26 46507 49476 3400 
1 25 49781 51841 1282 
1 35 9576 11944 2517 
1 32 22712 25341 2976 
1 29 55341 59776 1458 
1 45 53581 57108 2808 
1 13 33923 37346 1776 
1 32 14742 18777 1488 
1 39 31340 32854 2372 
1 31 25882 27927 2744 
1 30 25085 28909 3172 
1 2 27697 30340 1758 
1 19 33894 37301 3200 
1 31 41545 44720 2744 
1 11 15550 17603 1544 
2 38 12160 15703 1478 
2 43 3097 6222 3388 
2 38 26348 29142 2217 
2 29 42614 45365 1174 
2 48 14837 18922 2660 
2 6 545 2249 3184 
2 14 47958 49889 2524 
2 38 33959 38429 2956 
2 23 48164 50545 1592 
2 36 42882 46598 1818 
2 39 50611 54484 1634 
2 13 48927 52824 1758 
2 48 53808 55968 1330 
2 10 15921 18336 1146 
2 22 47086 50545 1772 
2 48 12833 15611 2660 
2 46 33533 36839 2298 
2 32 27551 30204 3496 
2 42 3059 5632 1582 
2 1 41757 44168 2637 
2 44 47049 49166 2444 
2 41 8705 10870 1192 
2 30 45153 47859 1610 
2 8 42134 45394 2397 
3 0 28142 31658 3548 
3 5 30108 34474 1977 
3 49 6831 9227 1680 
3 43 2718 6759 2343 
3 49 9611 12286 1680 
3 40 24491 26654 2601 
3 35 24469 26177 3568 
3 34 15598 17614 3020 
3 45 32603 35280 3336 
3 44 29866 33008 2658 
4 2 25962 29555 2300 
4 21 17014 19019 2247 
4 2 36962 40993 1725 
4 7 44992 46474 1552 
4 38 7335 11423 1394 
4 6 16505 18207 2768 
4 15 15686 19219 1178 
4 12 11490 14813 3220 
4 29 1350 3652 2037 
4 28 45012 47538 2157 
4 45 55509 58090 1470 
4 44 20414 22394 1768 
4 15 9330 11926 1178 
4 42 32143 34201 1908 
4 43 44688 47556 3640 
4 2 55236 58470 1150 
5 16 5307 7604 1863 
5 13 29323 31658 1850 
5 49 26317 30088 2151 
5 15 34888 37259 1536 
5 40 31351 34397 1168 
5 33 1335 3096 3620 
5 43 52951 55651 2265 
5 44 31934 34423 1394 
5 46 53690 57581 1254 
5 40 9023 12069 1752 
5 18 9539 12550 1498 
5 24 26439 28788 1416 
5 18 49044 52072 1498 
5 22 28986 31065 2692 
5 46 35694 37850 2508 
5 10 51595 53190 1250 
5 21 4113 6788 2472 
5 44 42526 45086 2788 
5 34 54748 57777 3432 
5 8 6898 8727 2331 
5 0 11491 13501 2452 
5 29 5191 7230 1438 
6 4 55314 57060 2768 
6 39 8058 10466 2516 
6 7 13918 16723 2348 
6 42 30430 34703 3356 
6 17 12143 14705 2492 
6 49 29976 31529 1684 
6 43 33252 35347 2280 
6 14 4224 8586 2622 
6 49 21868 23444 3368 
6 46 27639 30891 2544 
6 25 43707 47751 3616 
6 2 57150 59215 1592 
6 45 45396 47528 1390 
6 5 49926 52210 2660 
6 43 3697 5276 3040 
6 3 5362 8845 1734 
7 29 17250 20840 2355 
7 27 2773 6476 1848 
7 32 6932 8735 3508 
7 40 7068 10101 2211 
7 1 49174 52215 2742 
7 26 7843 10349 2420 
7 21 40723 43029 1554 
7 13 49260 52732 1232 
7 49 26504 28694 1956 
8 2 4151 7022 3196 
8 31 46972 49129 2336 
8 4 46666 49926 1270 
8 12 14889 19102 3520 
8 25 10320 12376 2043 
8 18 47265 49080 1196 
8 37 1794 3966 2265 
8 11 54121 58365 1236 
8 30 45823 48204 1398 
8 44 35807 38736 1146 
8 25 45473 46944 2724 
8 17 45368 48739 2061 
8 39 57256 61271 3064 
9 25 24478 26991 2296 
9 13 47893 49979 2604 
9 33 47424 50242 3508 
9 18 56906 59387 3476 
9 12 28650 32342 1122 
9 44 50388 51856 1200 
9 49 10280 12936 2884 
9 38 51819 54863 1752 
9 18 47895 51359 2607 
9 34 25032 27875 3268 
9 48 837 4390 1250 
9 36 42160 44978 1140 
9 7 30787 32651 1262 
9 37 23471 27519 2292 
9 8 33619 36640 1198 
9 34 55726 58378 3268 
9 1 52541 55914 1838 
9 24 28026 30871 2940 
9 10 55914 58208 1728 
9 17 10025 11916 2960 
9 45 26153 29218 1808 
9 15 3061 5621 2562 
10 44 28863 33421 3200 
10 1 13322 15488 3308 
10 37 49570 52117 2403 
10 3 7325 8839 1434 
10 0 45451 47600 3404 
10 23 55610 57589 1312 
10 21 1224 4234 1158 
10 43 14102 18293 1812 
10 5 42466 44900 1250 
10 15 29964 31880 2244 
10 39 41923 45629 1532 
10 2 12025 14551 1146 
11 8 42835 46175 1236 
11 14 43135 46231 2600 
11 29 35908 38112 2260 
11 42 50967 54021 1432 
11 18 24321 26679 2836 
11 30 35572 39093 3304 
11 29 28424 31034 2260 
11 15 34499 36019 2481 
11 2 14225 17070 3060 
11 26 40901 43870 2268 
11 7 42638 44981 2430 
11 38 30976 33597 2636 
11 16 43909 47054 2715 
11 10 52607 55698 2241 
11 28 57372 59595 3348 
11 31 50341 52714 1354 
11 37 24095 26077 2061 
11 42 30857 33894 2148 
12 32 33844 37614 2264 
12 21 16263 19295 1944 
12 32 44289 46400 1698 
12 49 12180 14117 2616 
12 46 32863 34910 2276 
12 30 32844 34313 2091 
12 18 27540 30415 2496 
12 17 11144 13564 1839 
12 26 27083 29998 1740 
12 13 23028 25797 2031 
12 37 55272 57359 1812 
12 2 29895 33312 1422 
12 36 10888 13620 2715 
12 16 45597 49072 2211 
12 4 14711 18625 2415 
12 39 10718 13085 3592 
12 15 553 2446 2133 
12 9 45551 49749 2244 
12 8 13655 16283 3520 
12 41 55046 57770 1854 
12 41 23034 26742 1236 
12 45 14126 15412 2526 
12 36 48414 50700 2715 
13 30 51037 54578 2740 
13 23 31830 34264 1378 
13 3 40736 44839 1770 
13 47 13569 16423 3384 
13 20 44260 46639 3472 
13 1 56169 59339 1776 
13 42 9173 11956 2288 
13 35 55219 57523 2571 
13 35 33157 35772 1714 
13 46 22190 24239 1190 
13 24 36215 38205 1788 
13 7 50081 53880 1232 
13 36 50420 53968 3048 
13 5 2332 5175 2775 
13 20 15115 17731 3472 
13 6 30946 32650 1452 
13 4 35163 36903 1694 
13 23 14059 17997 1378 
13 7 32026 35537 1232 
13 10 56424 58420 2616 
13 7 23525 26798 1848 
13 17 1634 5475 1710 
13 1 43050 44913 1776 
14 10 22267 23999 1204 
14 47 36155 39202 3212 
14 41 44148 45447 2631 
14 16 1413 4616 2061 
14 24 41892 44805 2560 
14 38 54435 56500 1953 
14 35 665 5180 2130 
14 5 8616 10427 1280 
15 19 9309 11045 2274 
15 47 273 4334 2619 
15 2 47919 50055 2352 
15 19 25705 28013 3032 
15 45 9213 12778 1772 
15 2 26280 28710 2352 
15 42 5443 7292 1544 
15 29 30821 32814 2355 
15 16 21006 23230 2184 
15 43 15723 18057 1456 
15 16 28716 32459 2184 
15 41 34642 35959 1266 
15 46 8426 11217 3660 
15 11 21288 23647 3308 
15 12 3477 5307 2133 
15 48 47924 50381 2508 
16 31 27840 30535 2157 
16 26 31664 35010 2397 
16 39 3294 5862 1450 
16 6 10250 13621 2334 
16 31 22357 24020 2157 
16 29 35130 37192 1522 
16 7 32852 34988 3308 
16 19 21796 24616 2920 
17 18 57770 60201 2118 
17 18 43985 46609 1412 
17 26 44553 47869 2220 
17 30 24757 27682 2250 
17 13 52537 55173 1710 
17 21 21445 23523 3088 
17 46 53087 54974 1719 
17 0 36134 38533 3256 
17 16 9122 13480 2476 
17 0 34567 37545 1628 
17 2 34064 36421 3332 
17 22 43334 45511 1482 
17 0 30539 33459 1628 
17 1 46868 49474 1744 
17 9 51695 54929 1480 
18 24 25361 29007 2772 
18 2 42737 46615 3200 
18 46 51469 53128 2316 
18 19 36350 39809 2421 
18 46 37034 38636 2316 
18 46 43553 45174 1544 
18 35 13338 17986 1260 
18 8 25712 27949 1196 
19 22 15789 17711 2340 
19 30 8553 11505 3220 
19 11 36824 41392 1646 
19 33 52873 55370 3500 
19 30 14099 18293 2415 
19 23 29245 31025 2864 
19 1 5342 9244 2400 
19 41 9881 12997 1728 
19 16 54743 57454 2190 
19 13 2525 4527 1752 
19 7 20717 23550 1719 
19 33 44653 47446 2625 
19 38 8662 10600 1786 
19 4 14244 17079 1344 
19 45 23092 25687 2730 
19 6 43727 46625 1262 
20 2 12246 15990 1748 
20 18 9311 11202 1974 
20 39 3485 5184 2463 
20 4 20643 22693 1620 
20 45 49667 51900 1754 
20 21 47694 50942 2652 
20 15 57098 59846 3076 
20 34 2612 4878 1950 
20 48 52996 54516 2564 
20 40 4921 7575 3336 
21 3 53879 55817 2768 
21 29 7528 9573 1668 
21 30 43259 46829 2274 
21 34 33169 35630 1358 
21 23 24044 27358 1776 
21 6 14086 18277 3296 
21 22 11778 15572 3228 
21 30 54377 56800 2274 
21 47 2484 5559 2260 
21 15 37074 41029 1844 
21 47 8082 10247 1130 
21 2 28539 30228 1136 
21 37 37063 38826 2796 
21 14 13264 16226 3532 
21 20 46281 49520 1768 
21 39 6414 9671 2340 
21 5 24097 27701 1854 
21 1 42675 44262 1830 
21 20 55278 58300 1768 
21 33 30241 33610 1902 
22 12 21351 26075 1986 
22 33 28197 30362 1720 
22 14 3445 6099 2100 
22 13 40857 43671 1178 
22 0 12130 14729 3356 
22 24 56634 58142 1130 
22 23 6202 8507 2488 
22 41 7756 9393 3320 
22 16 11316 13429 2181 
22 42 22975 26502 2667 
22 6 13146 17436 2528 
22 37 3712 6202 1484 
22 20 53025 56024 2380 
22 30 11227 13198 3260 
22 44 55186 56938 2235 
23 9 53214 56684 1644 
23 27 4064 7882 1518 
23 42 49055 51275 2436 
23 4 20610 23216 2037 
23 37 5839 8172 2368 
23 10 30911 34087 2624 
23 32 2195 5287 2475 
23 4 44702 46713 2037 
23 45 16432 19833 1230 
23 31 23996 27461 1750 
23 37 50957 54431 1184 
23 19 37588 40873 2864 
23 18 16953 20795 1210 
23 15 35235 37598 2252 
23 17 20619 23128 3052 
23 35 34512 36590 1642 
23 12 26668 29440 1596 
23 34 22109 25302 2732 
24 8 34166 36186 2920 
24 22 5876 8424 2260 
24 28 7294 8949 3644 
24 4 28046 30266 1302 
24 14 6875 9777 1920 
24 2 46223 49055 3332 
24 43 14822 18228 3060 
24 25 24462 27031 1474 
24 42 27410 29434 1632 
24 5 10595 13422 1416 
24 5 24762 28203 1416 
24 8 25399 28076 1460 
24 48 32948 34979 1266 
24 3 29806 32275 1608 
24 35 5416 8816 1658 
25 36 57531 59532 1132 
25 31 47796 50538 2298 
25 43 8965 11498 2308 
25 41 20668 23402 2019 
25 15 55158 59639 1620 
25 41 47623 50700 2019 
25 5 1364 3497 2484 
25 1 24539 26986 2564 
25 1 47602 49914 1282 
25 49 14792 17033 3360 
25 13 28481 31731 1242 
25 36 48363 50033 1698 
25 45 43631 45831 2688 
25 34 9441 10944 3080 
25 19 40881 43507 2325 
25 39 2972 5378 1172 
25 6 34301 37131 2712 
25 6 57392 59873 3616 
25 44 11046 13964 1678 
25 26 51184 54634 1698 
25 29 49256 53262 2316 
26 34 47126 49596 1424 
26 14 50565 53571 2103 
26 1 51905 53998 1700 
26 34 12012 13638 1424 
26 33 31572 34021 1146 
26 17 2865 5087 2220 
26 38 33736 36087 2496 
26 9 23650 25887 3600 
26 13 46639 50175 1490 
26 30 47888 50508 2752 
26 2 44841 46870 3604 
26 2 15693 18639 2703 
26 37 41552 43867 3236 
26 3 26082 29800 2301 
26 41 16591 19672 2284 
26 38 6136 7591 2496 
26 31 35294 38657 3092 
27 37 48267 51891 2520 
27 35 26246 27613 1352 
27 12 49109 51072 3000 
27 46 29145 31476 2259 
27 16 31060 32726 2685 
27 31 48296 50834 2544 
27 22 55593 56942 1962 
27 33 9158 13351 2193 
27 19 11259 14364 2154 
27 36 13640 16400 1324 
27 40 12192 15406 3108 
27 1 3901 6038 3652 
27 15 520 3856 3152 
27 0 4473 8338 2460 
27 10 42730 44600 1778 
27 21 51687 55166 1749 
27 26 47986 50462 1750 
28 21 4964 7337 1938 
28 47 57541 59730 2628 
28 4 56922 60201 2876 
28 38 4478 6072 1378 
28 13 56673 58669 1162 
28 0 40809 43129 2316 
28 13 21561 24682 1743 
28 9 1005 3571 1809 
28 7 55597 59534 1354 
28 23 21554 24190 2166 
29 48 31991 33694 3656 
29 49 48226 50206 1716 
29 20 42984 46583 1923 
29 22 31231 33054 3072 
29 45 7174 9764 1442 
29 38 37350 39610 1262 
29 39 36799 39371 2988 
29 21 12584 14405 1668 
29 44 3929 5663 1314 
29 38 6375 8536 2524 
29 49 56590 58905 3432 
29 4 48564 50562 2037 
29 23 25476 27808 2343 
29 46 46910 50256 1434 
29 21 3824 5422 2502 
29 43 2142 5717 2420 
29 20 4831 8440 1282 
29 28 1894 4952 3040 
29 23 352 2496 2343 
29 15 53718 55451 2355 
29 19 1040 2540 1166 
29 3 37353 40388 2620 
29 24 27632 29949 3700 
30 16 374 2900 1436 
30 47 6079 8213 2628 
30 35 34593 36653 1284 
30 3 23313 26784 1368 
30 32 28205 31421 3424 
30 31 44849 48803 1342 
30 28 30947 33988 1896 
30 15 14664 16771 3304 
30 15 20468 22776 2478 
30 2 31070 33334 3220 
30 38 44313 46364 1689 
30 7 34219 37455 2900 
30 38 53063 56733 1689 
30 11 8185 10354 1652 
30 5 27195 29087 1758 
30 20 30212 32288 1630 
30 43 3453 6183 2544 
30 1 57494 59824 2379 
30 39 41999 45018 2763 
31 43 36621 38783 2061 
31 10 10904 12893 3036 
31 27 13010 15325 1696 
31 36 27131 29389 1522 
31 11 29737 33596 2031 
31 10 52964 55128 3036 
31 1 21284 24176 2744 
31 5 52453 55318 1950 
31 9 26274 28650 2733 
31 45 30964 33899 1420 
31 34 27133 30216 1584 
31 25 10281 13185 1532 
31 49 49689 51931 2778 
31 23 9772 12508 1750 
31 24 4141 8336 2046 
31 49 55067 57030 1852 
31 34 53073 55058 3168 
31 29 24448 26879 2355 
31 26 6095 9195 1546 
31 0 21204 23706 1582 
32 20 54114 57343 2397 
32 1 25193 29095 2232 
32 25 16408 19202 3468 
32 35 52364 55989 1124 
32 45 12787 15352 2241 
32 30 43055 46706 1712 
32 6 5379 7854 2452 
32 10 205 1727 2766 
32 9 4423 7444 1848 
32 40 13572 17749 2691 
32 47 43112 44956 1654 
32 49 53164 55581 2304 
32 47 36046 39286 3308 
32 15 43363 44873 3548 
32 29 27498 30272 2493 
32 30 49223 51164 2568 
32 41 43319 47616 1578 
32 45 55373 57947 1494 
32 16 6116 8268 1210 
32 6 21557 23734 1226 
32 5 47749 50006 1488 
32 40 23031 26177 3588 
32 24 56683 58767 2960 
33 16 10005 11624 1470 
33 42 54632 56699 2356 
33 41 15948 18819 3140 
33 7 31391 33415 1124 
33 20 24836 27144 1276 
33 49 27139 29610 2652 
33 7 44164 47635 1124 
33 25 9351 11938 3696 
33 24 617 2607 1230 
33 40 22417 25412 1336 
33 0 49861 52944 3360 
33 1 14530 18665 1580 
33 36 16144 18844 2091 
33 18 6814 10109 1270 
33 37 41016 43042 2052 
34 0 31851 34972 2670 
34 18 45463 48441 1738 
34 36 4096 6992 2703 
34 22 23507 25544 1652 
34 36 42900 45504 1802 
34 37 49475 52218 2574 
34 33 46038 50360 2355 
34 45 51351 53549 1526 
34 37 970 4197 2574 
34 30 3032 5400 1476 
34 19 48496 51966 1244 
34 24 10066 12649 2648 
34 0 57847 60532 2670 
35 15 35419 38344 1702 
35 22 55354 59366 1902 
35 13 12944 14694 3428 
35 4 45227 46889 2480 
35 26 5257 8998 2583 
35 5 46976 49364 1302 
35 6 82 2470 2433 
35 21 27184 30359 1911 
35 37 57168 60907 2007 
36 39 47179 49317 2884 
36 1 46303 50577 1382 
36 37 40942 43878 3504 
36 24 40712 44691 1178 
36 23 16048 18730 2031 
36 12 8703 12613 2715 
36 3 5542 8475 2724 
36 2 55739 59302 1818 
36 12 27753 31515 2715 
36 2 281 2587 2727 
37 47 2539 6002 1242 
37 0 44241 47321 2277 
37 9 442 3057 1719 
37 49 24060 25661 2421 
37 0 49162 53399 2277 
37 20 12496 14919 1414 
37 6 2563 5632 3528 
37 47 11446 13354 2484 
37 44 1704 3079 1268 
37 47 8247 11794 1242 
37 13 29444 32909 2400 
37 44 1537 3186 1902 
37 24 44877 47861 2451 
37 12 57170 59732 1812 
37 20 42456 45367 1414 
37 14 26966 29764 2868 
37 27 32921 35677 1260 
37 24 52545 55267 1634 
37 14 24753 27392 2868 
37 30 31925 33752 3048 
37 3 36545 39865 1797 
37 4 27932 30818 2696 
