70 4 24 1059

   0  921  807  807  829  810  842  917  699  831  733  657  608  799  873  651  865  854  896  633  666  852  695  731  792  744  698  898  612  680  832  770  815  821  719  767  908  697  727  637  644  772  844  869  568  687  598  773  865  803  851  627  788  756  564  922  627  770  758  592  621  588  572  568  629  714  642  722  875  836 
 921    0  692  767  816  793  838  790  854  863  639  718  757  727  775  826  749  674  759  819  659  895  916  592  849  771  674  609  762  907  774  666  707  576  600  684  843  869  915  572  871  770  786  866  678  856  879  922  701  683  749  661  655  677  571  614  905  584  719  587  886  768  816  615  786  824  682  809  685  822 
 807  692    0  776  753  796  728  885  856  623  749  880  836  893  577  740  736  713  782  777  605  698  784  659  664  900  672  760  765  700  895  802  874  681  590  729  583  742  878  572  741  707  861  835  826  615  763  627  748  680  680  885  639  651  795  813  628  715  843  575  859  808  925  883  663  609  694  898  907  866 
 807  767  776    0  769  640  622  690  924  674  805  565  636  721  870  893  741  797  601  650  654  872  840  677  782  568  820  885  926  635  736  681  565  860  596  629  874  833  805  613  887  773  758  849  827  659  638  812  868  601  919  730  802  583  817  570  781  765  593  691  789  820  814  757  792  690  592  897  602  794 
 829  816  753  769    0  596  580  707  801  692  779  590  598  688  854  817  887  736  754  661  636  911  665  777  900  824  920  597  893  610  764  926  650  594  742  756  848  657  871  926  613  689  596  730  860  757  664  826  852  786  576  793  729  576  618  711  685  923  785  568  568  777  906  893  819  642  745  708  744  755 
 810  793  796  640  596    0  834  730  723  692  636  882  820  579  901  613  828  672  874  899  769  888  573  588  909  898  749  646  614  601  721  574  831  899  795  650  758  757  671  732  567  880  751  823  800  877  925  746  593  858  902  560  562  661  581  681  920  884  841  648  646  619  860  750  560  921  714  861  750  788 
 842  838  728  622  580  834    0  916  815  873  608  782  728  758  745  897  909  794  569  688  910  858  910  920  855  722  826  870  845  858  579  576  741  849  916  630  658  839  704  699  872  924  831  873  911  862  846  629  689  796  574  669  761  678  703  887  612  872  587  843  810  605  850  762  612  841  639  921  912  575 
 917  790  885  690  707  730  916    0  673  634  597  819  739  894  622  914  840  836  835  777  821  586  633  618  884  577  776  594  836  809  884  923  909  750  852  701  812  696  905  814  908  773  842  896  698  914  612  772  907  571  740  785  707  748  612  648  723  628  920  655  901  803  603  753  593  677  859  886  655  570 
 699  854  856  924  801  723  815  673    0  634  847  727  711  790  733  572  781  618  870  698  684  909  583  854  719  607  843  689  588  625  755  813  641  901  610  833  796  880  831  724  574  655  853  859  739  630  774  821  801  620  650  909  888  855  589  907  888  667  807  877  600  790  879  835  705  648  747  567  854  905 
 831  863  623  674  692  692  873  634  634    0  575  807  724  719  858  770  901  873  810  880  642  687  865  813  645  627  622  694  846  769  777  595  662  699  570  882  628  901  687  823  610  880  710  715  868  768  731  654  732  570  767  726  590  660  591  624  903  594  579  586  648  613  833  925  629  850  920  787  769  860 
 733  639  749  805  779  636  608  597  847  575    0  634  630  625  866  808  698  845  833  710  649  618  824  752  886  864  569  637  915  841  665  649  764  858  716  846  640  846  907  584  562  741  810  586  746  740  564  573  766  899  717  565  833  648  652  902  648  679  690  819  738  860  648  576  910  666  741  585  760  778 
 657  718  880  565  590  882  782  819  727  807  634    0  807  813  868  773  653  593  663  866  889  628  794  792  830  587  916  821  753  701  892  913  916  688  763  743  834  603  829  564  699  870  571  850  916  738  815  873  899  866  604  821  719  626  624  641  784  865  863  728  736  655  741  758  908  589  657  869  735  687 
 608  757  836  636  598  820  728  739  711  724  630  807    0  926  820  739  739  666  872  818  879  584  673  677  673  889  753  829  567  697  657  693  593  580  923  899  777  699  598  890  705  925  579  605  605  577  695  681  699  896  879  791  580  690  630  568  698  632  564  849  579  846  777  810  804  601  608  918  788  612 
 799  727  893  721  688  579  758  894  790  719  625  813  926    0  649  697  755  597  753  916  734  648  907  899  631  639  868  645  784  674  718  924  790  824  587  624  610  874  612  691  751  562  573  847  861  765  696  672  717  846  815  784  698  873  800  599  888  787  852  672  576  675  638  716  850  778  596  848  900  918 
 873  775  577  870  854  901  745  622  733  858  866  868  820  649    0  653  921  736  721  682  692  671  888  775  618  782  799  623  646  616  746  700  698  830  705  698  860  641  907  656  836  730  795  641  862  873  666  750  809  590  811  863  575  812  786  753  841  672  781  682  579  794  672  767  626  919  646  868  625  852 
 651  826  740  893  817  613  897  914  572  770  808  773  739  697  653    0  869  607  850  649  596  840  850  826  716  743  746  829  819  693  887  698  702  800  633  791  747  827  616  728  606  572  899  569  753  685  755  797  660  734  669  672  789  589  589  920  800  562  898  868  677  812  717  667  799  603  633  705  698  909 
 865  749  736  741  887  828  909  840  781  901  698  653  739  755  921  869    0  798  570  840  619  805  717  693  847  894  562  712  692  661  760  874  717  856  826  669  758  780  702  729  774  629  818  578  781  832  665  578  741  911  604  794  821  718  626  703  760  746  787  802  806  703  665  819  705  919  867  880  717  626 
 854  674  713  797  736  672  794  836  618  873  845  593  666  597  736  607  798    0  589  739  567  725  598  766  893  626  922  746  623  804  881  697  874  731  604  859  732  600  565  774  603  653  718  798  623  629  714  652  754  756  735  885  823  643  847  592  907  808  839  718  922  595  902  695  825  814  862  656  880  857 
 896  759  782  601  754  874  569  835  870  810  833  663  872  753  721  850  570  589    0  854  604  858  721  886  611  661  739  906  639  705  685  772  817  616  815  698  879  724  634  671  842  867  620  774  639  819  919  926  788  861  827  594  705  601  728  822  683  607  696  593  623  601  696  859  650  817  895  838  690  866 
 633  819  777  650  661  899  688  777  698  880  710  866  818  916  682  649  840  739  854    0  653  831  729  643  856  892  612  619  874  745  792  872  772  849  674  795  847  861  649  628  692  787  883  724  846  579  757  740  650  770  575  847  659  686  821  767  606  685  824  712  596  900  724  914  801  772  759  657  655  870 
 666  659  605  654  636  769  910  821  684  642  649  889  879  734  692  596  619  567  604  653    0  766  592  664  695  668  613  806  669  721  917  641  870  687  691  587  865  668  722  914  867  823  576  717  923  741  901  775  803  651  812  655  769  920  749  662  703  613  632  858  611  747  901  652  855  782  729  776  578  704 
 852  895  698  872  911  888  858  586  909  687  618  628  584  648  671  840  805  725  858  831  766    0  580  574  868  913  834  907  560  836  706  664  885  797  664  597  793  573  839  691  598  901  872  742  832  670  627  842  734  635  701  913  668  570  641  698  725  738  889  765  655  894  585  656  568  775  920  634  918  913 
 695  916  784  840  665  573  910  633  583  865  824  794  673  907  888  850  717  598  721  729  592  580    0  827  662  874  793  836  703  658  894  671  696  912  830  651  829  820  797  849  832  605  803  815  923  643  636  704  582  638  601  595  587  860  657  902  910  902  568  592  604  624  826  684  861  615  609  925  752  622 
 731  592  659  677  777  588  920  618  854  813  752  792  677  899  775  826  693  766  886  643  664  574  827    0  861  747  792  758  636  674  576  745  775  825  595  754  579  843  570  598  616  901  680  761  894  721  758  848  756  748  628  616  914  917  894  917  650  728  719  673  680  833  581  712  761  827  856  812  662  814 
 792  849  664  782  900  909  855  884  719  645  886  830  673  631  618  716  847  893  611  856  695  868  662  861    0  891  898  807  833  692  819  833  744  886  767  657  856  661  722  924  583  822  926  733  889  654  603  663  700  833  872  774  711  748  894  776  853  741  590  774  880  887  740  886  853  900  710  914  910  583 
 744  771  900  568  824  898  722  577  607  627  864  587  889  639  782  743  894  626  661  892  668  913  874  747  891    0  661  837  603  711  607  570  657  806  722  807  776  684  717  620  912  657  639  604  821  652  811  736  659  693  581  839  911  850  800  860  777  864  610  661  806  823  705  719  576  710  919  884  868  726 
 698  674  672  820  920  749  826  776  843  622  569  916  753  868  799  746  562  922  739  612  613  834  793  792  898  661    0  895  783  674  666  604  638  568  669  707  853  801  905  743  763  825  614  740  715  808  619  616  793  748  827  707  840  628  799  691  845  772  905  744  694  774  757  639  812  614  661  894  705  903 
 898  609  760  885  597  646  870  594  689  694  637  821  829  645  623  829  712  746  906  619  806  907  836  758  807  837  895    0  914  657  907  910  834  866  639  583  805  805  603  918  845  576  851  862  679  872  818  847  573  756  826  906  871  624  667  681  636  733  863  574  747  885  599  575  774  832  844  798  870  755 
 612  762  765  926  893  614  845  836  588  846  915  753  567  784  646  819  692  623  639  874  669  560  703  636  833  603  783  914    0  846  899  614  851  770  608  746  701  586  605  686  745  914  618  588  884  650  795  689  581  792  857  753  600  759  847  623  610  588  643  738  912  724  633  848  764  716  626  621  858  741 
 680  907  700  635  610  601  858  809  625  769  841  701  697  674  616  693  661  804  705  745  721  836  658  674  692  711  674  657  846    0  644  768  787  794  630  810  568  868  863  791  849  897  867  663  627  861  588  865  645  649  897  816  805  562  627  777  911  801  590  876  795  793  663  852  909  662  730  818  687  869 
 832  774  895  736  764  721  579  884  755  777  665  892  657  718  746  887  760  881  685  792  917  706  894  576  819  607  666  907  899  644    0  731  898  640  633  835  684  562  768  802  816  648  906  830  888  619  812  692  819  630  610  714  728  776  694  766  896  561  710  879  743  706  643  810  787  735  602  590  667  922 
 770  666  802  681  926  574  576  923  813  595  649  913  693  924  700  698  874  697  772  872  641  664  671  745  833  570  604  910  614  768  731    0  784  801  661  806  710  621  697  569  635  579  899  730  716  647  869  623  785  626  686  822  707  580  723  644  622  920  795  765  566  602  890  831  762  725  780  886  666  568 
 815  707  874  565  650  831  741  909  641  662  764  916  593  790  698  702  717  874  817  772  870  885  696  775  744  657  638  834  851  787  898  784    0  724  582  682  810  926  764  800  842  586  814  849  642  880  884  571  874  852  651  575  926  667  780  908  780  643  758  836  703  747  711  848  565  833  612  630  589  583 
 821  576  681  860  594  899  849  750  901  699  858  688  580  824  830  800  856  731  616  849  687  797  912  825  886  806  568  866  770  794  640  801  724    0  915  798  771  799  858  695  726  755  569  692  612  865  748  766  731  913  886  855  576  848  775  589  589  643  838  592  570  840  642  805  677  685  790  744  861  650 
 719  600  590  596  742  795  916  852  610  570  716  763  923  587  705  633  826  604  815  674  691  664  830  595  767  722  669  639  608  630  633  661  582  915    0  713  724  780  671  750  925  810  819  672  799  803  662  823  728  610  866  722  723  858  634  726  908  770  728  841  716  832  774  576  881  824  868  625  577  642 
 767  684  729  629  756  650  630  701  833  882  846  743  899  624  698  791  669  859  698  795  587  597  651  754  657  807  707  583  746  810  835  806  682  798  713    0  864  836  758  769  781  865  821  658  652  646  739  678  586  625  705  712  662  779  859  734  753  828  838  692  895  828  606  646  718  765  857  925  925  704 
 908  843  583  874  848  758  658  812  796  628  640  834  777  610  860  747  758  732  879  847  865  793  829  579  856  776  853  805  701  568  684  710  810  771  724  864    0  772  854  668  855  848  689  711  623  781  853  590  904  702  602  804  877  710  623  598  721  879  724  814  581  620  747  784  858  565  867  688  711  915 
 697  869  742  833  657  757  839  696  880  901  846  603  699  874  641  827  780  600  724  861  668  573  820  843  661  684  801  805  586  868  562  621  926  799  780  836  772    0  865  877  776  649  911  806  865  795  804  733  695  750  807  912  588  827  825  902  720  622  911  806  603  679  883  769  764  660  902  598  581  764 
 727  915  878  805  871  671  704  905  831  687  907  829  598  612  907  616  702  565  634  649  722  839  797  570  722  717  905  603  605  863  768  697  764  858  671  758  854  865    0  725  817  841  701  594  833  857  925  579  563  893  848  654  661  585  835  744  683  684  762  596  810  773  689  560  855  683  711  820  925  776 
 637  572  572  613  926  732  699  814  724  823  584  564  890  691  656  728  729  774  671  628  914  691  849  598  924  620  743  918  686  791  802  569  800  695  750  769  668  877  725    0  833  842  848  818  870  779  620  818  682  873  792  850  654  611  812  751  827  586  910  764  706  788  852  604  762  715  603  845  778  822 
 644  871  741  887  613  567  872  908  574  610  562  699  705  751  836  606  774  603  842  692  867  598  832  616  583  912  763  845  745  849  816  635  842  726  925  781  855  776  817  833    0  609  712  794  749  817  766  626  713  812  708  779  770  564  676  631  716  793  924  629  624  828  666  719  702  837  763  899  832  788 
 772  770  707  773  689  880  924  773  655  880  741  870  925  562  730  572  629  653  867  787  823  901  605  901  822  657  825  576  914  897  648  579  586  755  810  865  848  649  841  842  609    0  668  784  783  882  592  888  777  575  774  768  837  781  698  611  572  659  563  897  678  595  834  797  779  637  752  670  852  756 
 844  786  861  758  596  751  831  842  853  710  810  571  579  573  795  899  818  718  620  883  576  872  803  680  926  639  614  851  618  867  906  899  814  569  819  821  689  911  701  848  712  668    0  662  782  829  672  698  884  721  647  672  621  594  823  744  862  585  771  592  828  757  711  575  649  880  711  739  779  672 
 869  866  835  849  730  823  873  896  859  715  586  850  605  847  641  569  578  798  774  724  717  742  815  761  733  604  740  862  588  663  830  730  849  692  672  658  711  806  594  818  794  784  662    0  908  836  919  641  739  919  665  796  891  567  730  751  732  740  593  613  748  874  703  848  902  669  922  660  728  644 
 568  678  826  827  860  800  911  698  739  868  746  916  605  861  862  753  781  623  639  846  923  832  923  894  889  821  715  679  884  627  888  716  642  612  799  652  623  865  833  870  749  783  782  908    0  833  851  622  585  597  673  808  761  695  925  740  897  798  838  565  562  782  868  634  793  768  584  754  913  788 
 687  856  615  659  757  877  862  914  630  768  740  738  577  765  873  685  832  629  819  579  741  670  643  721  654  652  808  872  650  861  619  647  880  865  803  646  781  795  857  779  817  882  829  836  833    0  563  755  791  693  579  782  575  635  846  894  843  633  747  874  659  926  822  592  851  795  917  764  895  788 
 598  879  763  638  664  925  846  612  774  731  564  815  695  696  666  755  665  714  919  757  901  627  636  758  603  811  619  818  795  588  812  869  884  748  662  739  853  804  925  620  766  592  672  919  851  563    0  640  674  570  847  793  882  640  902  913  675  873  776  666  739  829  679  738  760  621  636  874  760  846 
 773  922  627  812  826  746  629  772  821  654  573  873  681  672  750  797  578  652  926  740  775  842  704  848  663  736  616  847  689  865  692  623  571  766  823  678  590  733  579  818  626  888  698  641  622  755  640    0  832  801  739  565  739  748  576  861  831  774  889  648  890  913  660  754  799  867  678  883  596  878 
 865  701  748  868  852  593  689  907  801  732  766  899  699  717  809  660  741  754  788  650  803  734  582  756  700  659  793  573  581  645  819  785  874  731  728  586  904  695  563  682  713  777  884  739  585  791  674  832    0  791  740  664  707  750  814  874  735  599  672  806  688  870  664  705  586  824  725  646  707  620 
 803  683  680  601  786  858  796  571  620  570  899  866  896  846  590  734  911  756  861  770  651  635  638  748  833  693  748  756  792  649  630  626  852  913  610  625  702  750  893  873  812  575  721  919  597  693  570  801  791    0  874  692  630  567  775  675  796  603  898  882  666  718  616  679  761  638  586  668  914  745 
 851  749  680  919  576  902  574  740  650  767  717  604  879  815  811  669  604  735  827  575  812  701  601  628  872  581  827  826  857  897  610  686  651  886  866  705  602  807  848  792  708  774  647  665  673  579  847  739  740  874    0  562  791  773  763  885  767  855  924  627  623  602  602  676  880  802  828  879  745  748 
 627  661  885  730  793  560  669  785  909  726  565  821  791  784  863  672  794  885  594  847  655  913  595  616  774  839  707  906  753  816  714  822  575  855  722  712  804  912  654  850  779  768  672  796  808  782  793  565  664  692  562    0  796  890  786  698  727  686  834  793  602  625  852  912  560  706  648  649  914  703 
 788  655  639  802  729  562  761  707  888  590  833  719  580  698  575  789  821  823  705  659  769  668  587  914  711  911  840  871  600  805  728  707  926  576  723  662  877  588  661  654  770  837  621  891  761  575  882  739  707  630  791  796    0  573  844  564  573  698  607  872  636  609  568  680  695  722  862  692  780  871 
 756  677  651  583  576  661  678  748  855  660  648  626  690  873  812  589  718  643  601  686  920  570  860  917  748  850  628  624  759  562  776  580  667  848  858  779  710  827  585  611  564  781  594  567  695  635  640  748  750  567  773  890  573    0  924  562  789  894  894  748  780  736  664  623  851  885  793  853  590  918 
 564  571  795  817  618  581  703  612  589  591  652  624  630  800  786  589  626  847  728  821  749  641  657  894  894  800  799  667  847  627  694  723  780  775  634  859  623  825  835  812  676  698  823  730  925  846  902  576  814  775  763  786  844  924    0  692  698  757  883  755  560  606  602  918  678  822  655  584  654  858 
 922  614  813  570  711  681  887  648  907  624  902  641  568  599  753  920  703  592  822  767  662  698  902  917  776  860  691  681  623  777  766  644  908  589  726  734  598  902  744  751  631  611  744  751  740  894  913  861  874  675  885  698  564  562  692    0  857  837  603  634  644  567  590  799  884  642  734  563  726  776 
 627  905  628  781  685  920  612  723  888  903  648  784  698  888  841  800  760  907  683  606  703  725  910  650  853  777  845  636  610  911  896  622  780  589  908  753  721  720  683  827  716  572  862  732  897  843  675  831  735  796  767  727  573  789  698  857    0  830  707  705  714  872  560  842  753  766  909  634  812  653 
 770  584  715  765  923  884  872  628  667  594  679  865  632  787  672  562  746  808  607  685  613  738  902  728  741  864  772  733  588  801  561  920  643  643  770  828  879  622  684  586  793  659  585  740  798  633  873  774  599  603  855  686  698  894  757  837  830    0  630  825  819  765  683  824  731  873  848  573  614  826 
 758  719  843  593  785  841  587  920  807  579  690  863  564  852  781  898  787  839  696  824  632  889  568  719  590  610  905  863  643  590  710  795  758  838  728  838  724  911  762  910  924  563  771  593  838  747  776  889  672  898  924  834  607  894  883  603  707  630    0  796  700  756  595  798  668  788  654  901  776  816 
 592  587  575  691  568  648  843  655  877  586  819  728  849  672  682  868  802  718  593  712  858  765  592  673  774  661  744  574  738  876  879  765  836  592  841  692  814  806  596  764  629  897  592  613  565  874  666  648  806  882  627  793  872  748  755  634  705  825  796    0  692  913  576  611  584  876  736  851  863  564 
 621  886  859  789  568  646  810  901  600  648  738  736  579  576  579  677  806  922  623  596  611  655  604  680  880  806  694  747  912  795  743  566  703  570  716  895  581  603  810  706  624  678  828  748  562  659  739  890  688  666  623  602  636  780  560  644  714  819  700  692    0  642  623  877  601  692  706  826  776  561 
 588  768  808  820  777  619  605  803  790  613  860  655  846  675  794  812  703  595  601  900  747  894  624  833  887  823  774  885  724  793  706  602  747  840  832  828  620  679  773  788  828  595  757  874  782  926  829  913  870  718  602  625  609  736  606  567  872  765  756  913  642    0  620  828  628  580  567  601  809  658 
 572  816  925  814  906  860  850  603  879  833  648  741  777  638  672  717  665  902  696  724  901  585  826  581  740  705  757  599  633  663  643  890  711  642  774  606  747  883  689  852  666  834  711  703  868  822  679  660  664  616  602  852  568  664  602  590  560  683  595  576  623  620    0  850  904  915  756  661  614  886 
 568  615  883  757  893  750  762  753  835  925  576  758  810  716  767  667  819  695  859  914  652  656  684  712  886  719  639  575  848  852  810  831  848  805  576  646  784  769  560  604  719  797  575  848  634  592  738  754  705  679  676  912  680  623  918  799  842  824  798  611  877  828  850    0  894  642  711  781  778  809 
 629  786  663  792  819  560  612  593  705  629  910  908  804  850  626  799  705  825  650  801  855  568  861  761  853  576  812  774  764  909  787  762  565  677  881  718  858  764  855  762  702  779  649  902  793  851  760  799  586  761  880  560  695  851  678  884  753  731  668  584  601  628  904  894    0  630  574  741  824  564 
 714  824  609  690  642  921  841  677  648  850  666  589  601  778  919  603  919  814  817  772  782  775  615  827  900  710  614  832  716  662  735  725  833  685  824  765  565  660  683  715  837  637  880  669  768  795  621  867  824  638  802  706  722  885  822  642  766  873  788  876  692  580  915  642  630    0  644  636  874  920 
 642  682  694  592  745  714  639  859  747  920  741  657  608  596  646  633  867  862  895  759  729  920  609  856  710  919  661  844  626  730  602  780  612  790  868  857  867  902  711  603  763  752  711  922  584  917  636  678  725  586  828  648  862  793  655  734  909  848  654  736  706  567  756  711  574  644    0  893  667  735 
 722  809  898  897  708  861  921  886  567  787  585  869  918  848  868  705  880  656  838  657  776  634  925  812  914  884  894  798  621  818  590  886  630  744  625  925  688  598  820  845  899  670  739  660  754  764  874  883  646  668  879  649  692  853  584  563  634  573  901  851  826  601  661  781  741  636  893    0  893  568 
 875  685  907  602  744  750  912  655  854  769  760  735  788  900  625  698  717  880  690  655  578  918  752  662  910  868  705  870  858  687  667  666  589  861  577  925  711  581  925  778  832  852  779  728  913  895  760  596  707  914  745  914  780  590  654  726  812  614  776  863  776  809  614  778  824  874  667  893    0  759 
 836  822  866  794  755  788  575  570  905  860  778  687  612  918  852  909  626  857  866  870  704  913  622  814  583  726  903  755  741  869  922  568  583  650  642  704  915  764  776  822  788  756  672  644  788  788  846  878  620  745  748  703  871  918  858  776  653  826  816  564  561  658  886  809  564  920  735  568  759    0 

   0  923  708  616  979 1081  994 1005  799 1129  889  657  739 1055  699  647  971  752 1156  771 1194  614 1039  668 1002 1135 1150  951  660  823  619 1064  628 1198 1059 1175 1051 1072  898  787  926  975  886  730  805 1150  729 1028  775  824 1056  716 1166  611  804 1019  846 1142 1181 1118 1086  940  687 1008 1075  750 1012  888 1030  769 
 923    0  708  617  773  848 1103  881  718 1065 1052  624 1020  806 1136  975  958 1095 1103 1146  952  983  624  669  771  696 1031  781 1049 1012  645  814 1147  746 1118  857  831  879  742  956  743  720 1086 1031  608  766  965  845  909  821  722  660  784  756  707 1164 1164  727  730 1071  726 1004  791  921  678  890  729  648  767  879 
 708  708    0  912  911  768 1148  824 1111  619 1134  837  963  694  809 1109  635  812  948  668  664 1190  637 1004  714  603 1019  951  998  609 1002 1199  884  653 1065  810 1151 1186  869 1171  905 1022 1178  947  871  834  788  759 1185  709 1172  869  690  647  863  981  928 1009 1107 1068  655  969  744 1124  951  621 1074 1020  673  859 
 616  617  912    0  690  967 1006  675 1102 1013 1164  867  691 1142  652 1097 1085  857  750  756  810  962  821 1131  762  663 1129  833  604  670  787  610  873  737  702  990 1022 1139 1100  927  864  935 1029  893  966  778  911 1200  992 1018  778 1156 1003  698  944  852 1008  903  786  699  960  889  622  934  814  827 1109  882  985  812 
 979  773  911  690    0 1138 1078 1095 1057  990  604 1003  845  809  619  665  923  842 1157  936 1143  934 1027  826  735 1108  682  875 1025  953 1081  980  848  931 1002  788  962 1049 1140  612  702  766  882  738  772  690 1163  809  639 1121 1178  618  841  700  830 1044  719  679  885  812  663 1028  944 1181 1063 1199  833  844  736  715 
1081  848  768  967 1138    0  906 1051  837 1155  683  878 1190 1135  782  657 1016  726  657  863 1054 1039  670 1042 1026  652  690 1152  877  701  793  700 1052  910  994 1136  794 1200  857 1057  780  919  754 1160  922  930 1151  715  915  682 1106 1167  667 1190  787 1135 1066  745  639  644  645  665  675  667 1127  712 1150  674  932 1169 
 994 1103 1148 1006 1078  906    0  651 1096  635 1072  833  864  619  615 1001  932  867  946  629  914  964  967  857 1108 1005  838  607  957 1091  706  725  737  838  760  609 1046  633  700  635  844  657  936  906  727  645  708  670  987  699  985  917  918  823  793  985 1048  877  922  690  641  902  875  855  927 1122 1033  680 1063  603 
1005  881  824  675 1095 1051  651    0  794  933  856  631 1170  918  721  733  793  873  630  652  975 1141  965  665  703  739 1140 1157  808  942  854  909  600  780 1008  690 1043  823  885  921 1200 1158  607  837  738 1005  783  982 1032  900 1144  862  967  743  729 1195  764  665  988  701 1019  723 1122  714 1065  880 1083  762 1014  750 
 799  718 1111 1102 1057  837 1096  794    0  927  829 1047 1014 1054  795 1145  980  684  860  653  730 1165  992 1069  875  710 1026  680 1113  838  923  723 1156  626  883  743 1050  697  673  991  677 1151 1055  931  867  820  807 1001  846 1024  751  664  748  863  886  635  847  984 1199 1024 1006  721  961  688 1181  784  751  776  618  958 
1129 1065  619 1013  990 1155  635  933  927    0 1063  840 1068 1143  812  825  600  717  704 1141  881 1088 1087  825  771  763  859  987 1075  626  639 1171 1158  945 1077  928 1185 1152 1169 1082  836  925  693 1165  832  693 1164  655  761  629  812  732  669  990  731  613  764 1151 1039  782 1048 1026 1010  737  934  741 1033  940  862  860 
 889 1052 1134 1164  604  683 1072  856  829 1063    0  895  932  953 1191  826  877  612  653 1059  956  784 1143  957 1142  954  992  741  922 1013  837 1162  672  736 1033  972 1119 1042  846  772  697 1065 1039 1116  776 1144  877  817 1112  644  611  644  694  768 1083  600  896 1186  693  629  844 1058 1083  805  789 1009  926  985  687  739 
 657  624  837  867 1003  878  833  631 1047  840  895    0  839  708  827  781  620  612  758 1124 1006 1066 1024  865  934  719  937  643 1097 1106 1003  772  757  823  657 1053 1101 1188 1113  814 1183  619 1083  858  657  808  948  731 1139  854  659  675 1099  638 1080  802  671 1167  609 1001 1013  729  810 1147 1161  884  876  692  752 1024 
 739 1020  963  691  845 1190  864 1170 1014 1068  932  839    0  819  862  653  984  637 1124  909  880 1045  653 1011  674  866 1156 1038 1183  707  804 1189  953 1023  982  964  858  997  982 1192  975  819  936 1167  957  735 1194 1107 1046  922  776  993  913  667  847  973  675  804 1010  748  849  615  607 1054 1186 1035 1073 1181  659  840 
1055  806  694 1142  809 1135  619  918 1054 1143  953  708  819    0  662  602  942  673  690 1064  608 1196 1184  881  737 1112  890 1003  740  959  604 1017  859  793 1175  827  994  736  739 1120  882  998  906  709  655  664 1129 1170  970 1177 1121 1062  930  843 1028  944 1162  909 1174  767  973 1087 1005 1080  681 1131 1163  972 1017 1166 
 699 1136  809  652  619  782  615  721  795  812 1191  827  862  662    0 1061  927 1172  617 1096  730  922  905  859  960  640  644  715  909  683 1169  880  950 1047  647  769  754  866  953  921  955  765  865 1178  668 1099 1167 1107  844  753  804 1167  718  806  617  659  925 1049  973  763  998  841 1063  801 1041  918  874 1048  880  742 
 647  975 1109 1097  665  657 1001  733 1145  825  826  781  653  602 1061    0  881  698  981 1163  826  911  642  634  764  605 1100  808  906  711  740  692 1082  960 1018  601 1038  847  878 1074  747  812  645 1015  654  733  814 1078  704 1160  726 1033  621 1032 1041 1028  981  730  636  944  852  896  644 1150  684  634 1105 1014 1180  637 
 971  958  635 1085  923 1016  932  793  980  600  877  620  984  942  927  881    0  716  865 1182  868  934  711  805  751 1161  706  994  718  929  735 1010  786 1192 1096  886 1103  998 1137 1150  604  612 1101  663  605  942  687  803  780 1064  794 1009  828  823 1156  610  601  791  726  911  978  960  656  957 1021 1040 1066  833  961  928 
 752 1095  812  857  842  726  867  873  684  717  612  612  637  673 1172  698  716    0 1046 1083  871 1183  822 1165 1100 1057 1078 1068 1099  689  708 1117 1114  944  806  818  791  708 1194  672 1131  731 1178 1155  850  891  665 1051  995 1146  642  779 1018  824 1035  641 1105  718  607  764  906 1144  868  734  876  642  859  984  974 1048 
1156 1103  948  750 1157  657  946  630  860  704  653  758 1124  690  617  981  865 1046    0  831  912  846  929 1192 1127  699 1119 1031  621  908  794  835  968 1086  788  837  684 1028 1143 1041  693  806  683 1145  967  690  949  711  613  922  840  916 1175  955  953 1105  894 1035  887 1053  618  969  994  706  846 1149 1119  712  908  610 
 771 1146  668  756  936  863  629  652  653 1141 1059 1124  909 1064 1096 1163 1182 1083  831    0 1088  825  753  891  636  936 1002 1090  984  954  967 1069  907  769  828  734  690  747  826  950  972  635  999 1036  665  846 1075 1115 1044  930  745  725  682 1147 1130  716  885  708  676  998  955  979  908 1052  654 1090  862 1169  803  807 
1194  952  664  810 1143 1054  914  975  730  881  956 1006  880  608  730  826  868  871  912 1088    0  902  803  652 1094  937  641  727  672 1095  639  747 1109  940 1007 1146  762  736  842 1019 1083  619 1130  694  829 1055  858 1019  647  600 1087  691  850 1109 1040  765  896  662 1053 1103  826 1188  980 1030  940 1173  993  637 1167  604 
 614  983 1190  962  934 1039  964 1141 1165 1088  784 1066 1045 1196  922  911  934 1183  846  825  902    0 1003  722 1061  916  877 1126 1118 1090  619 1182 1026  965  765 1132 1015 1098 1000 1019 1039  767  727  712  722 1064 1087  652  954  657  758 1062 1169 1120 1024  898  661  639  817  656  685  700  788  992  730  637  988  701 1125  785 
1039  624  637  821 1027  670  967  965  992 1087 1143 1024  653 1184  905  642  711  822  929  753  803 1003    0  967  822  900  839  797  764  710  961  857  817 1178  779  936  639 1058 1131 1108 1005 1022 1031 1124 1182 1081  701 1049  919  767 1071 1010  862 1079  954  773  858  612  829  814 1157  827 1097  907  998  622  711 1177  792 1151 
 668  669 1004 1131  826 1042  857  665 1069  825  957  865 1011  881  859  634  805 1165 1192  891  652  722  967    0  667  944  835  983  782 1014  626  853  711  832  903 1124 1192 1194  880 1009 1194 1171  967  776 1140  891 1099 1161  780  740  971  881  908  754 1054 1191  937  917 1163  765 1093  867  974  976  903  890  898 1084  610  922 
1002  771  714  762  735 1026 1108  703  875  771 1142  934  674  737  960  764  751 1100 1127  636 1094 1061  822  667    0 1132 1128  704  655 1003  948  796  731  601 1143  758 1125  900  959 1048  701  818  889  700  868  665 1061  899  967 1149  620 1140 1122  646  918  873  763  971 1015  832  761  921 1125  732  887 1050  884 1185 1118  990 
1135  696  603  663 1108  652 1005  739  710  763  954  719  866 1112  640  605 1161 1057  699  936  937  916  900  944 1132    0  960  629  754  910  609  810  760 1093  625 1045  931 1136  755  638  627 1104  819  946  879  863  852  736 1023  953  885  789  668 1056 1066  967  754 1151  825  803  927 1125  688  870  616  951 1033  712  623  834 
1150 1031 1019 1129  682  690  838 1140 1026  859  992  937 1156  890  644 1100  706 1078 1119 1002  641  877  839  835 1128  960    0  603  995  715 1187 1108 1133  765 1162  869 1068 1066  826 1162  973  806  892 1169  787  784 1101  967  999  823 1173 1200  778  837  850  750  674  729  917  842 1096  954  765 1085  620  762  907  668  942  893 
 951  781  951  833  875 1152  607 1157  680  987  741  643 1038 1003  715  808  994 1068 1031 1090  727 1126  797  983  704  629  603    0  912  644 1083 1051 1059  724  999 1109  865  751  811  608  651  701  696 1027  899 1114  958 1005  798  689  954  973  644 1068  868 1172 1167  793  681 1195  715 1175  742 1087  743  722 1016  830 1139  611 
 660 1049  998  604 1025  877  957  808 1113 1075  922 1097 1183  740  909  906  718 1099  621  984  672 1118  764  782  655  754  995  912    0  802  980 1159  803  740 1165  620 1187  810 1088  639 1160 1191  836  783  695 1022  974  785 1155 1135  955  982 1178  910  870 1135  717 1147  628 1121  825 1123 1055  896  661 1030  721  784  813 1073 
 823 1012  609  670  953  701 1091  942  838  626 1013 1106  707  959  683  711  929  689  908  954 1095 1090  710 1014 1003  910  715  644  802    0  886 1141  608  887  667  872  620  645  624  602  829  728  702 1016  719  825 1152 1193 1121  766  960 1019  934 1094  797  947  994 1039  741 1031 1195  638 1133 1065  645  623  655  672  764  640 
 619  645 1002  787 1081  793  706  854  923  639  837 1003  804  604 1169  740  735  708  794  967  639  619  961  626  948  609 1187 1083  980  886    0  796  749  639  607  800  765  906 1118  839  707 1199  714  885 1034  664  770 1019  799 1006 1105 1163  728  972  907  687  602 1136 1187 1104 1190  601  845  610  669 1173  931  785 1136  942 
1064  814 1199  610  980  700  725  909  723 1171 1162  772 1189 1017  880  692 1010 1117  835 1069  747 1182  857  853  796  810 1108 1051 1159 1141  796    0  674 1151 1157  784  895 1039 1151  756  945  922 1054 1127  946 1098 1093 1082  702 1062  715  738  998  893 1046  705  892  605  894 1187  948  832  676  782  653 1176  615  652 1194  947 
 628 1147  884  873  848 1052  737  600 1156 1158  672  757  953  859  950 1082  786 1114  968  907 1109 1026  817  711  731  760 1133 1059  803  608  749  674    0  796  644  717 1185  972  869 1173  660  693 1102 1070  984  769  826  832  794 1048  859 1149  970  955  663 1116  971  954 1113  787  794  623  661  872  799  901  804 1098  614  643 
1198  746  653  737  931  910  838  780  626  945  736  823 1023  793 1047  960 1192  944 1086  769  940  965 1178  832  601 1093  765  724  740  887  639 1151  796    0  974 1119  631 1148 1050 1076  629  640  658 1129  728 1133 1031  892  623  899  812  902  668  919  713  965  764 1172  720  974 1186  696  695  858  930  956 1003 1040  679  800 
1059 1118 1065  702 1002  994  760 1008  883 1077 1033  657  982 1175  647 1018 1096  806  788  828 1007  765  779  903 1143  625 1162  999 1165  667  607 1157  644  974    0 1129 1125  994  983 1030 1105 1045  968  741 1051 1104  917  726  980  681 1054  892  904  833  911  998  665  991  654  815  965  807  861 1092 1142 1161  781 1092 1101  920 
1175  857  810  990  788 1136  609  690  743  928  972 1053  964  827  769  601  886  818  837  734 1146 1132  936 1124  758 1045  869 1109  620  872  800  784  717 1119 1129    0  875  646  844  643  606 1183  831 1199  858  721 1116  971  995 1051  999  737  810  801  661  957  952  905  694  626  734 1114  984 1012  723 1164  765  983  743  901 
1051  831 1151 1022  962  794 1046 1043 1050 1185 1119 1101  858  994  754 1038 1103  791  684  690  762 1015  639 1192 1125  931 1068  865 1187  620  765  895 1185  631 1125  875    0  698  942  715  984 1091  827  714  799 1002  672  999  722  922  690  808  946  974 1034  949  914  973  759  842  653  731  770  933  809 1164  775  955  810  994 
1072  879 1186 1139 1049 1200  633  823  697 1152 1042 1188  997  736  866  847  998  708 1028  747  736 1098 1058 1194  900 1136 1066  751  810  645  906 1039  972 1148  994  646  698    0 1019 1123  732  710  753 1023 1016  622 1072 1107  817  716 1181  759  734 1020  631  652  891  721  854  761  779  813 1038  871  847 1073  767 1165  901 1152 
 898  742  869 1100 1140  857  700  885  673 1169  846 1113  982  739  953  878 1137 1194 1143  826  842 1000 1131  880  959  755  826  811 1088  624 1118 1151  869 1050  983  844  942 1019    0  930 1097  622  791 1051  691  794  853  913 1087  890  896  803  718  722 1111  792  711  810 1110 1118  846  786  698 1017  616  793  894  705  626  815 
 787  956 1171  927  612 1057  635  921  991 1082  772  814 1192 1120  921 1074 1150  672 1041  950 1019 1019 1108 1009 1048  638 1162  608  639  602  839  756 1173 1076 1030  643  715 1123  930    0 1146  822 1154  636 1033 1152  629 1073 1010  747  755  675 1149  824  627 1120 1195 1079 1190  742  701 1094  735 1195  776  864  606 1178  852  611 
 926  743  905  864  702  780  844 1200  677  836  697 1183  975  882  955  747  604 1131  693  972 1083 1039 1005 1194  701  627  973  651 1160  829  707  945  660  629 1105  606  984  732 1097 1146    0  859 1075  900  957  963  992  692  705 1033 1038  700  957  882  638  722  907  943  992  600 1199  765  656  914  856  609 1006 1074 1161  746 
 975  720 1022  935  766  919  657 1158 1151  925 1065  619  819  998  765  812  612  731  806  635  619  767 1022 1171  818 1104  806  701 1191  728 1199  922  693  640 1045 1183 1091  710  622  822  859    0  622  679 1038  629 1057  660  746 1129 1093  627 1099  814 1022  997  815  771  822 1061  956  781 1199 1035 1182  792  675  869 1014 1110 
 886 1086 1178 1029  882  754  936  607 1055  693 1039 1083  936  906  865  645 1101 1178  683  999 1130  727 1031  967  889  819  892  696  836  702  714 1054 1102  658  968  831  827  753  791 1154 1075  622    0  735  709  755  961  907  843  961  969  708 1197 1180  836  841  602  675 1171  838  838  829  995  828  741 1127 1000  800  871  602 
