100 4 16 1354

   0 1341 1185 1403 1242 1375 1050 1609 1631 1305 1420 1410 1193 1444 1510 1274 1022 1269 1297 1130  942  904 1716 1019  971 1394 1327 1094 1511 1343 1389 1372 1331  980 1391 1044 1129 1033 1259 1516 1390 1697 1169 1400 1507 1589  931 1256 1564 1677 1152 1598 1131 1120 1428 1331 1611 1612 1403 1621 1435 1075 1066 1729 1575 1179 1426 1547 1098 1489 1084 1086 1078 1610 1743 1338 1447 1431 1491 1101  890 1214 1030 1107 1483 1401 1466 1518 1425 1073 1728 1233 1004 1450 1632 1537 1189 1589 1104 1107 
1341    0 1097 1289 1030 1182  875 1242 1406 1216 1076 1024 1030 1576 1228 1065  919 1067 1151  818  763  814 1098  753  707 1047 1099  883 1262 1105  944 1118 1107  626 1132  777  969  770 1252 1159 1491 1495 1135 1033 1106 1326  845  912 1348 1361 1139 1314  850  647 1121 1039 1532 1469 1067 1234 1420  838  853 1203 1323  988 1234 1411  807 1306  765  877  873 1363 1353  979 1022 1497 1541  796  842  939  827  913 1409 1100  923 1327 1142  713 1400 1039  889 1067 1282 1256  965 1234  691  802 
1185 1097    0 1244 1209 1186  928 1345 1292  958 1214 1123 1060 1527  989  952  888 1022 1085  767  852  658 1243  801  905  987 1027  999 1032 1186 1118 1188  978  873 1181  881  942  730 1173 1176 1327 1259 1238 1086 1274 1484  639 1078 1411 1335  928 1157  833  738 1135 1146 1362 1150 1236 1412 1245  794  806 1384 1353 1002 1032 1405  765 1242  830  929  793 1470 1521 1122 1087 1289 1174  736  694  888  713  862 1245 1152 1010 1325 1539  717 1172 1200  775 1292 1461 1517 1042 1310  716  765 
1403 1289 1244    0 1284 1248  892 1616 1764 1521 1465 1364 1440 1633 1170 1335 1075 1199 1301  847 1098 1144 1409  999  976 1252 1529  981 1206 1315 1284 1436 1462 1003 1253 1145 1161 1162 1421 1322 1692 1599 1368 1324 1709 1529 1111 1476 1403 1589 1413 1562  943  966 1369 1306 1628 1719 1518 1743 1476 1196 1074 1781 1541 1511 1352 1532 1039 1619 1143 1086 1206 1610 1401 1444 1378 1631 1490 1031  905 1187 1014 1259 1733 1290 1460 1576 1449  923 1605 1326 1076 1784 1336 1663 1256 1581  964 1004 
1242 1030 1209 1284    0 1018  922 1332 1221 1156 1199 1108 1177 1200 1144 1243  898 1146 1005  903  901  865 1223  872  838 1064 1041  678 1120  973 1139  899 1176  915 1165  854  905  642  921 1058 1462 1357  977 1212 1361 1251  717 1134 1218 1257 1191 1432  780  843 1092 1106 1443 1282  983 1413 1524  776  877 1377 1267  982 1228 1250  826 1493  774  820  734 1501 1302 1069 1025 1356 1266  875  769  898  883  889 1406 1181 1077 1159 1366  752 1445 1023  724 1344 1472 1181 1146 1510  847  803 
1375 1182 1186 1248 1018    0  850 1369 1215 1104 1099 1038 1155 1447 1076  990  946  971 1165  806  757  775 1420  854  968 1046 1153  744 1165 1215  960  967 1208  944 1193  818  847  909 1036  988 1430 1422 1092 1107 1335 1433  803 1035 1374 1291 1000 1364  884  827  977  970 1398 1337 1174 1113 1509  735  862 1550 1158 1024 1124 1383  740 1304  754  668  920 1336 1299 1003  967 1181 1466  830  749  963  803  773 1558 1152 1063 1405 1312  915 1207 1109  863 1202 1212 1462  993 1577  864  663 
1050  875  928  892  922  850    0  948 1098  888  755  914  791  891  882  867  552  767  757  594  634  644 1112  555  625  841  699  634  712  815  675  962  677  571  749  521  618  517  838  860 1102  986  712  862  948 1150  629  892  864 1002  834 1083  646  484  940  840 1263 1204  670 1103 1010  551  613  972 1241  760  992 1136  502 1131  566  595  619 1074 1121  830  776 1174 1085  613  421  419  471  700 1073  672  808  968 1231  549  977  938  612  958 1223 1017  789 1062  541  487 
1609 1242 1345 1616 1332 1369  948    0 1587 1351 1422 1403 1437 1775 1463 1425 1144 1379 1564 1135  947 1024 1534 1106  997 1355 1481  994 1245 1214 1391 1407 1392 1046 1399  942  961 1041 1293 1378 1729 1332 1546 1383 1798 1477  971 1531 1577 1770 1494 1599  908 1156 1201 1296 1551 1650 1393 1664 1538  862 1086 1442 1315 1325 1354 1568  924 1472  963 1174 1011 1675 1635 1531 1252 1523 1823  920 1084  967 1176 1221 1659 1357 1339 1450 1732 1291 1763 1159 1171 1606 1594 1377 1491 1654 1119 1219 
1631 1406 1292 1764 1221 1215 1098 1587    0 1282 1416 1246 1285 1412 1466 1446 1235 1311 1203 1097 1061 1037 1398 1208 1231 1270 1179 1008 1318 1195 1349 1372 1379 1059 1229 1012 1036 1044 1208 1436 1457 1479 1456 1238 1698 1464 1247 1343 1598 1609 1359 1457  894 1054 1496 1283 1385 1547 1465 1674 1455 1115 1055 1843 1644 1329 1288 1781 1076 1495 1029 1096 1043 1583 1373 1468 1350 1595 1504  892 1226  987  941 1268 1484 1385 1376 1584 1515 1030 1706 1364  967 1661 1504 1624 1475 1642 1099 1170 
1305 1216  958 1521 1156 1104  888 1351 1282    0 1085 1231 1032 1339 1243  997  980 1188  960  759  897  935 1365  870  830 1180 1152  828 1178 1011 1080 1014 1139  852  920  740  913  733  889 1228 1515 1515 1036  979 1470 1498  735  984 1175 1424 1063 1344  701  793 1168 1143 1364 1245 1175 1266 1191  751  923 1331 1186 1080  977 1520  702 1270  719  818  879 1229 1243  931 1002 1413 1360  795  818  944  888  730 1324 1057 1215 1304 1328  783 1323 1194  797 1488 1410 1436 1049 1403  966  912 
1420 1076 1214 1465 1199 1099  755 1422 1416 1085    0 1191 1226 1399  944 1113  712 1041  987  742  843  944 1360  876  731 1040 1117  720 1001 1111  985 1057  948  758 1148  832  735  925 1084 1160 1494 1224 1114  975 1116 1327  756 1100 1419 1386  951 1233  814  670  951 1032 1533 1259 1006 1323 1311  874  796 1513 1145  974 1103 1353  864 1179  842  927  740 1181 1173 1165  909 1369 1455  890  783  863  701  796 1309 1118 1025 1591 1126  809 1383 1222  934 1314 1276 1268 1103 1165  796  800 
1410 1024 1123 1364 1108 1038  914 1403 1246 1231 1191    0 1031 1547 1008 1112  713 1153 1052  836  678  689 1451  798  939 1106 1040  894 1234 1169 1198 1063  951  851 1150  932  672  675 1248 1155 1405 1483 1228 1175 1477 1370  915 1083 1389 1364 1006 1232  854  876 1101 1192 1173 1475 1234 1311 1317  916  764 1362 1222 1135 1191 1397  818 1136  922  783  838 1409 1296 1097 1224 1359 1335  810  864  742  764  858 1418 1213 1027 1483 1321  977 1340  916  656 1445 1498 1431 1124 1336  863  693 
1193 1030 1060 1440 1177 1155  791 1437 1285 1032 1226 1031    0 1255 1181 1056  843 1138 1157  735  740  662 1393  741  916 1056 1052  819 1054  950 1208 1078 1076  964  999  890  720  723 1078 1139 1443 1358  948  959 1275 1408  813 1023 1395 1384  955 1343  892  844 1145 1116 1309 1493 1175 1366 1404  787  869 1324 1340 1092 1217 1278  861 1488  656  753  718 1401 1362 1114 1125 1351 1376  989  977  806  680  816 1211  959  905 1318 1323  793 1351 1005  924 1400 1439 1398 1036 1222  773  879 
1444 1576 1527 1633 1200 1447  891 1775 1412 1339 1399 1547 1255    0 1355 1432 1167 1306 1316 1142 1091 1214 1527 1179 1192 1452 1354 1139 1270 1326 1371 1549 1389 1004 1223 1184 1104 1018 1374 1259 1501 1717 1196 1365 1401 1502  859 1391 1645 1624 1393 1593 1205 1198 1400 1449 1542 1822 1191 1677 1550 1227 1196 1425 1386 1333 1347 1606 1085 1664  974 1209 1075 1552 1527 1430 1377 1633 1733 1003 1267  994  986  914 1591 1205 1512 1474 1576 1073 1713 1275 1202 1703 1715 1432 1268 1594  986 1237 
1510 1228  989 1170 1144 1076  882 1463 1466 1243  944 1008 1181 1355    0  996  781  971 1131  693  792  826 1367  782  827  962 1015  848 1098 1128 1142 1176 1230  897 1215  686  927  848 1048 1070 1459 1332  961 1058 1564 1482  830 1139 1318 1474 1191 1237  691  736 1158 1100 1396 1463  914 1262 1323  840  838 1556 1409 1148  989 1206  848 1211  815  813  831 1393 1461 1232 1108 1150 1328  811  907  832  921  768 1425  916 1063 1450 1393  715 1267 1026  926 1283 1435 1298 1160 1330  824  749 
1274 1065  952 1335 1243  990  867 1425 1446  997 1113 1112 1056 1432  996    0  806 1123  933  722  842  697 1340  742  853 1112 1035  844 1204 1171 1172 1246 1069  958 1073  752  932  801  999 1214 1364 1169 1015  967 1431 1527  723  982 1208 1477 1070 1192  791  942 1036 1139 1426 1363 1037 1318 1320  769  738 1481 1393 1146 1026 1362  885 1409  909  923  766 1557 1326 1177 1080 1395 1356  714  927  819  740  717 1333 1164  995 1443 1347  855 1162 1029  892 1214 1202 1102 1038 1342  889  834 
1022  919  888 1075  898  946  552 1144 1235  980  712  713  843 1167  781  806    0  818  794  434  448  514 1166  460  587  879  675  611  837  928  684  790  966  451  641  564  504  637  851  746 1189 1153  912 1001 1110  887  456  785  919 1179  774  949  482  484  798  824 1253 1042  880 1168  995  631  505  940 1060  850  914 1090  687 1233  538  482  440 1084 1169  915  649  884 1207  484  544  506  490  401 1170  733  745 1024 1123  453 1125  960  503 1008 1017  940  728  972  613  507 
1269 1067 1022 1199 1146  971  767 1379 1311 1188 1041 1153 1138 1306  971 1123  818    0 1155  671  946  668 1277  868  926 1032 1160  908 1267 1067 1204 1185 1186  990  988  741  927  663 1082 1209 1203 1245 1043 1218 1298 1290  702 1263 1305 1374  967 1277  954  673 1032 1194 1235 1491 1161 1153 1220  890  888 1186 1505 1079  993 1334  764 1457  764  798  782 1269 1371 1021 1168 1341 1171  722  789  756  876  975 1317  998 1175 1245 1381  895 1393 1083  915 1232 1288 1090 1283 1368  871  951 
1297 1151 1085 1301 1005 1165  757 1564 1203  960  987 1052 1157 1316 1131  933  794 1155    0  668  806  853 1495  860  892 1167 1065  923 1155 1108 1166 1167 1027  713 1209  682  966  899  970  992 1287 1408 1216 1120 1248 1488  896  978 1169 1391 1021 1594  734  738  980 1166 1084 1467  956 1226 1418  752  772 1241 1144 1144 1153 1329  928 1444  908  804  739 1157 1168 1102 1105 1381 1315  946  947  842  866  959 1378 1177 1167 1327 1214  909 1268 1178  749 1249 1515 1323 1172 1549  923  745 
1130  818  767  847  903  806  594 1135 1097  759  742  836  735 1142  693  722  434  671  668    0  604  429  970  594  664  682  660  493  700  890  772  911  769  655  651  640  455  574  688  794 1144 1145  745  814  888  938  598  667  992 1194  718 1166  698  682  893  855 1148 1015  852  977  899  581  436  987 1114  921  900 1042  506  833  572  527  432 1122 1167  860  955 1046  896  565  515  445  654  393 1077  843  740 1029 1012  452 1066  973  557 1071 1025 1153  782 1091  545  558 
 942  763  852 1098  901  757  634  947 1061  897  843  678  740 1091  792  842  448  946  806  604    0  613  986  609  596  923  795  597  752  835  902  773  764  585  768  388  459  652  772  925  981 1126  748  783 1160  880  605  836 1075  994  664 1226  631  387  742  778  991 1074  967 1115  965  648  505 1119 1065  817  709 1010  541  968  420  475  500 1131 1081  772  844 1097 1251  405  510  664  656  402  966  774  863 1031 1150  471 1098  769  667  953  925 1012  712  994  458  535 
 904  814  658 1144  865  775  644 1024 1037  935  944  689  662 1214  826  697  514  668  853  429  613    0 1141  645  628  987  791  640  925  777  678  716  828  447  903  546  528  499  915  978 1047 1272  944  840 1065 1150  630  885 1144 1045  770  976  391  420  851  660 1100  974  630 1043 1081  629  569  895 1063  768  810  926  652 1096  497  528  552 1143 1086  844  908 1253 1222  595  583  419  472  472 1034  867  844 1186 1033  521  852  750  696 1102 1171  989  872 1198  613  481 
1716 1098 1243 1409 1223 1420 1112 1534 1398 1365 1360 1451 1393 1527 1367 1340 1166 1277 1495  970  986 1141    0 1089 1093 1164 1579 1125 1248 1409 1323 1301 1278 1006 1195 1061  927  866 1401 1453 1645 1461 1407 1245 1663 1625  979 1273 1599 1340 1322 1699  932 1139 1349 1240 1397 1665 1229 1763 1594  987 1150 1642 1588 1101 1332 1569 1141 1463 1031 1136 1143 1662 1611 1317 1444 1580 1633 1098  891  971 1026 1064 1662 1255 1391 1505 1563 1094 1703 1278 1044 1435 1619 1556 1377 1614 1219 1109 
1019  753  801  999  872  854  555 1106 1208  870  876  798  741 1179  782  742  460  868  860  594  609  645 1089    0  563  877  990  654  752  840  709  793  846  646  882  609  591  490  889  770 1056  915  884  903  863  923  405  825 1071 1057  858  847  456  437  748  832  917 1050  832  995 1010  473  400 1125 1077  807  900 1061  437 1185  587  608  519  923 1102  688  804 1015 1256  552  490  664  628  528  925  815  950  916 1209  663 1016  859  508  983 1111 1142  705  979  565  515 
 971  707  905  976  838  968  625  997 1231  830  731  939  916 1192  827  853  587  926  892  664  596  628 1093  563    0  988  815  602  903  877  780  783  692  485  820  656  634  568  673  985  933 1065  853  776  925 1030  417  896  994 1046  893 1106  567  450  858  768 1026 1135  903 1059 1206  655  528 1048 1035  770  888  966  558 1072  578  670  536 1111 1106  914  861 1180 1050  534  593  421  499  457 1135  785  894 1024 1033  494  899  873  523 1082  944 1289  749 1144  534  595 
1394 1047  987 1252 1064 1046  841 1355 1270 1180 1040 1106 1056 1452  962 1112  879 1032 1167  682  923  987 1164  877  988    0 1133  846 1238  987 1044 1191 1196  892 1077  716  752  833 1075 1218 1169 1474 1038 1142 1317 1430  667 1027 1270 1221 1067 1414  902  641 1119 1134 1293 1203 1215 1268 1497  666  636 1194 1215 1064 1039 1299  805 1247  885  828  839 1390 1572 1077 1093 1337 1345  892  803  899  820  847 1367 1222 1031 1445 1139  664 1502 1165  720 1109 1264 1149 1132 1365  835  878 
1327 1099 1027 1529 1041 1153  699 1481 1179 1152 1117 1040 1052 1354 1015 1035  675 1160 1065  660  795  791 1579  990  815 1133    0  704 1193 1034 1096 1068  958  911 1017  726  890  620 1098 1051 1411 1180 1043 1176 1416 1472  877 1154 1402 1399 1209 1438  799  721  952 1032 1145 1360 1032 1385 1164  865  915 1242 1160 1143 1070 1143  806 1445  796  775  813 1368 1230 1195 1223 1428 1440  647  837  958  699  778 1299  969  958 1164 1144  802 1210 1204  821 1505 1339 1327  931 1472  809  909 
1094  883  999  981  678  744  634  994 1008  828  720  894  819 1139  848  844  611  908  923  493  597  640 1125  654  602  846  704    0  894  918  817  876  879  540  913  609  401  570  776  958  898  909  830  874 1028  931  535  856 1008 1114  831 1128  657  600  752  762 1099 1051  710  948 1105  530  437 1065 1020  720  860 1186  539  962  574  528  441 1045 1128  720  893 1019  903  659  625  670  702  643 1278  881  860  963 1019  586  955  836  457 1167  991 1088  698 1164  646  432 
1511 1262 1032 1206 1120 1165  712 1245 1318 1178 1001 1234 1054 1270 1098 1204  837 1267 1155  700  752  925 1248  752  903 1238 1193  894    0 1122 1050  998 1014  772  930  699  706  878  950 1164 1231 1402 1188 1114 1277 1313  681 1170 1320 1366  976 1255  868  725 1180  999 1262 1435 1237 1353 1357  754  740 1235 1162 1051  930 1448  709 1331  799  803  702 1303 1346  922 1113 1189 1493  803  694  810  785  891 1246 1040 1090 1219 1298  889 1328 1219  858 1299 1458 1297 1227 1185  841  663 
1343 1105 1186 1315  973 1215  815 1214 1195 1011 1111 1169  950 1326 1128 1171  928 1067 1108  890  835  777 1409  840  877  987 1034  918 1122    0 1204 1006 1086  686 1182  752  750  657 1183 1056 1235 1431 1048 1187 1300 1183  810 1130 1389 1559 1075 1523  754  824 1271 1029 1286 1294 1063 1408 1441  790  981 1341 1163  944 1025 1508  783 1199  657  897  807 1482 1302 1104 1187 1272 1569  937  822  865  728  960 1250 1066 1090 1185 1394  862 1414  980  928 1404 1428 1446 1060 1417  875  716 
1389  944 1118 1284 1139  960  675 1391 1349 1080  985 1198 1208 1371 1142 1172  684 1204 1166  772  902  678 1323  709  780 1044 1096  817 1050 1204    0  987 1169  919 1202  770  719  917  967 1008 1266 1499 1071 1080 1420 1500  694 1056 1397 1402 1162 1419  922  815 1212 1183 1403 1171 1106 1077 1472  872  875 1438 1595 1166 1023 1340  729 1530  741  852  912 1480 1296 1057 1109 1299 1365  774  895  851 1009  903 1420  926 1068 1317 1484  824 1365  971  997 1383 1479 1425 1181 1332  739  778 
1372 1118 1188 1436  899  967  962 1407 1372 1014 1057 1063 1078 1549 1176 1246  790 1185 1167  911  773  716 1301  793  783 1191 1068  876  998 1006  987    0 1076  643 1123  898  837  964 1126 1270 1266 1246  929 1025 1314 1337  883 1059 1275 1195 1127 1252  734  667 1072 1189 1290 1497 1012 1363 1168  714  897 1251 1381 1221 1151 1425  807 1178  883  940  889 1421 1501 1029 1019 1346 1362  855  954  787  841  852 1358 1184  959 1461 1276  707 1432 1172  753 1325 1463 1241  928 1420  703  728 
1331 1107  978 1462 1176 1208  677 1392 1379 1139  948  951 1076 1389 1230 1069  966 1186 1027  769  764  828 1278  846  692 1196  958  879 1014 1086 1169 1076    0  795 1161  832  786  969 1197 1081 1274 1337 1234 1019 1331 1477  891 1163 1193 1398 1108 1369  834  656  948 1267 1444 1364 1011 1382 1378  882  887 1480 1313 1245 1191 1545  866 1268  774  855  720 1366 1322 1206  941 1293 1508  792  753  863  910  808 1409  986 1042 1284 1366  994 1485 1131  801 1381 1406 1396 1205 1242  915  849 
 980  626  873 1003  915  944  571 1046 1059  852  758  851  964 1004  897  958  451  990  713  655  585  447 1006  646  485  892  911  540  772  686  919  643  795    0  870  462  393  428  716  821 1103 1029  785  772 1028 1158  409  985 1008 1177  959 1092  548  630  824  739 1174 1055  691  990 1135  618  566 1011 1135  686 1007  977  568  872  547  415  489 1147  921  912  890 1066 1130  503  564  510  680  686 1167  917  765  973  989  605 1222  701  598  980 1062 1072  949 1140  583  531 
1391 1132 1181 1253 1165 1193  749 1399 1229  920 1148 1150  999 1223 1215 1073  641  988 1209  651  768  903 1195  882  820 1077 1017  913  930 1182 1202 1123 1161  870    0  761  896  750 1245 1034 1470 1309  914 1033 1314 1318  938  971 1500 1343  994 1334  780  987 1043 1110 1422 1471 1188 1393 1362  887  751 1368 1312 1075  980 1187  781 1334  887  946  724 1384 1348 1066 1116 1406 1405  821  956  819  900  742 1483  890 1230 1388 1139  739 1515 1122  758 1578 1277 1347 1236 1426  850  789 
1044  777  881 1145  854  818  521  942 1012  740  832  932  890 1184  686  752  564  741  682  640  388  546 1061  609  656  716  726  609  699  752  770  898  832  462  761    0  609  615  863  809 1184 1063  699  875  940 1010  661  788 1122 1050  786 1055  572  480  824  701  967  908  776 1058 1099  494  649  839 1005  733  697 1162  620 1003  370  617  660 1125  913  726  784  924 1210  438  480  513  539  435  992  808  810 1149  937  585 1101  727  455 1257 1176 1028  818 1081  636  453 
1129  969  942 1161  905  847  618  961 1036  913  735  672  720 1104  927  932  504  927  966  455  459  528  927  591  634  752  890  401  706  750  719  837  786  393  896  609    0  606  725  849  887 1063  917  889 1110 1122  664  860 1093 1056  691  951  656  422  913  750 1043 1135  914  983 1002  542  488 1062 1052  855  948  908  688 1128  524  439  673 1143 1041  853  765 1052  986  645  418  635  683  553 1175  887  675 1161  902  558 1058  777  538 1059 1085 1019  876 1182  532  544 
1033  770  730 1162  642  909  517 1041 1044  733  925  675  723 1018  848  801  637  663  899  574  652  499  866  490  568  833  620  570  878  657  917  964  969  428  750  615  606    0  791  835 1125 1007  716  921 1212 1193  675  885 1125 1072  902  938  550  616  914  790  862 1035  795  998  912  428  667 1082 1017  816  936 1188  513  940  536  466  618 1066 1137  698  892  956  929  597  672  645  592  468 1166  730  912  954 1066  433  969  883  575 1102  984 1031  877 1014  501  697 
1259 1252 1173 1421  921 1036  838 1293 1208  889 1084 1248 1078 1374 1048  999  851 1082  970  688  772  915 1401  889  673 1075 1098  776  950 1183  967 1126 1197  716 1245  863  725  791    0 1090 1426 1414  968 1029 1511 1349  717  975 1221 1316 1130 1420  916  783 1059 1108 1241 1337 1275 1346 1428  829  731 1184 1359  997  982 1267  868 1407  698  833  654 1186 1360 1144 1152 1280 1296  717  819  853  759  716 1277 1266 1217 1276 1367  779 1184 1040  860 1365 1234 1207 1194 1451  838  661 
1516 1159 1176 1322 1058  988  860 1378 1436 1228 1160 1155 1139 1259 1070 1214  746 1209  992  794  925  978 1453  770  985 1218 1051  958 1164 1056 1008 1270 1081  821 1034  809  849  835 1090    0 1261 1404 1100 1033 1332 1291  753  985 1412 1299 1005 1295  915  745 1125  947 1176 1363 1085 1324 1210  876  905 1376 1252 1166 1158 1281  715 1257  878  721  783 1353 1402 1038 1139 1419 1152  817  783  921  730  649 1469 1138  975 1253 1512  677 1308 1237  911 1472 1250 1252  997 1300  732  781 
1390 1491 1327 1692 1462 1430 1102 1729 1457 1515 1494 1405 1443 1501 1459 1364 1189 1203 1287 1144  981 1047 1645 1056  933 1169 1411  898 1231 1235 1266 1266 1274 1103 1470 1184  887 1125 1426 1261    0 1479 1171 1373 1588 1617 1097 1316 1515 1628 1294 1699 1086  970 1261 1358 1582 1577 1222 1571 1381 1191 1126 1648 1744 1183 1438 1770  959 1783 1009 1154 1013 1531 1517 1252 1262 1732 1489  928 1252  947  971 1067 1609 1300 1290 1560 1519 1026 1512 1348 1239 1599 1691 1659 1144 1745  987 1229 
1697 1495 1259 1599 1357 1422  986 1332 1479 1515 1224 1483 1358 1717 1332 1169 1153 1245 1408 1145 1126 1272 1461  915 1065 1474 1180  909 1402 1431 1499 1246 1337 1029 1309 1063 1063 1007 1414 1404 1479    0 1432 1349 1615 1551 1072 1346 1645 1597 1378 1679 1107  876 1227 1189 1717 1434 1245 1382 1448 1023 1082 1697 1670 1295 1326 1555 1170 1632 1040 1176 1145 1486 1470 1301 1457 1606 1553 1120  962  952 1190 1259 1607 1350 1424 1722 1756  938 1718 1285  961 1703 1468 1705 1318 1502 1042 1198 
1169 1135 1238 1368  977 1092  712 1546 1456 1036 1114 1228  948 1196  961 1015  912 1043 1216  745  748  944 1407  884  853 1038 1043  830 1188 1048 1071  929 1234  785  914  699  917  716  968 1100 1171 1432    0 1123 1369 1160  727 1099 1266 1231 1123 1130  803  785 1072 1121 1522 1346  993 1147 1414  740  790 1202 1298 1155 1001 1215  846 1348  927  853  829 1125 1295 1096 1219 1247 1511  781  743  891  847  751 1266  991 1122 1345 1415  854 1452 1064  663 1271 1413 1469 1129 1286  897  699 
1400 1033 1086 1324 1212 1107  862 1383 1238  979  975 1175  959 1365 1058  967 1001 1218 1120  814  783  840 1245  903  776 1142 1176  874 1114 1187 1080 1025 1019  772 1033  875  889  921 1029 1033 1373 1349 1123    0 1264 1258  840 1012 1314 1304 1072 1308  769  906 1081 1099 1469 1321  988 1381 1270  700  825 1386 1326 1048 1197 1243  868 1534  783  873  726 1085 1315 1158 1077 1321 1376  693  735  640  755  924 1501 1014 1236 1313 1365  697 1402 1019  838 1444 1249 1166 1140 1215  689  843 
1507 1106 1274 1709 1361 1335  948 1798 1698 1470 1116 1477 1275 1401 1564 1431 1110 1298 1248  888 1160 1065 1663  863  925 1317 1416 1028 1277 1300 1420 1314 1331 1028 1314  940 1110 1212 1511 1332 1588 1615 1369 1264    0 1592 1052 1389 1557 1535 1207 1642 1019 1026 1441 1157 1629 1689 1524 1662 1421 1107 1153 1487 1538 1218 1525 1711 1236 1603  934 1216 1157 1737 1831 1294 1248 1658 1690 1154 1064 1065 1225  965 1565 1583 1190 1590 1654 1147 1678 1351 1136 1760 1630 1473 1187 1635 1130  932 
1589 1326 1484 1529 1251 1433 1150 1477 1464 1498 1327 1370 1408 1502 1482 1527  887 1290 1488  938  880 1150 1625  923 1030 1430 1472  931 1313 1183 1500 1337 1477 1158 1318 1010 1122 1193 1349 1291 1617 1551 1160 1258 1592    0 1178 1331 1433 1577 1432 1708 1113  927 1471 1374 1663 1634 1284 1519 1740  954  954 1477 1612 1253 1416 1645 1146 1582 1204 1169  865 1827 1542 1409 1194 1613 1656 1014 1126  975  986 1010 1791 1442 1385 1580 1549 1190 1445 1338 1000 1492 1497 1497 1342 1537 1199 1123 
 931  845  639 1111  717  803  629  971 1247  735  756  915  813  859  830  723  456  702  896  598  605  630  979  405  417  667  877  535  681  810  694  883  891  409  938  661  664  675  717  753 1097 1072  727  840 1052 1178    0  978 1011 1185  920  974  643  447  839  904  922  888  835 1106  889  453  511 1088 1023  778  792 1152  479 1077  643  396  587 1096 1237  843  927 1098 1147  451  648  652  650  551 1005  879  719  950 1068  382 1089  797  613 1139 1088 1217  711 1043  525  621 
1256  912 1078 1476 1134 1035  892 1531 1343  984 1100 1083 1023 1391 1139  982  785 1263  978  667  836  885 1273  825  896 1027 1154  856 1170 1130 1056 1059 1163  985  971  788  860  885  975  985 1316 1346 1099 1012 1389 1331  978    0 1498 1338 1044 1248  717  957 1097 1052 1228 1308 1048 1251 1305  858  739 1397 1269 1011 1002 1465  842 1145  960  924  828 1242 1227 1147 1119 1231 1500  839  713  806  813  821 1420  947 1148 1136 1393  974 1376 1082  699 1250 1224 1288 1232 1337  831  965 
1564 1348 1411 1403 1218 1374  864 1577 1598 1175 1419 1389 1395 1645 1318 1208  919 1305 1169  992 1075 1144 1599 1071  994 1270 1402 1008 1320 1389 1397 1275 1193 1008 1500 1122 1093 1125 1221 1412 1515 1645 1266 1314 1557 1433 1011 1498    0 1389 1374 1549 1211  865 1385 1392 1423 1512 1192 1491 1682  978 1018 1525 1830 1397 1330 1754  895 1639 1156 1174 1102 1749 1634 1574 1512 1682 1585 1057  906 1007 1063 1111 1582 1399 1341 1577 1483  932 1709 1383 1077 1471 1525 1593 1375 1676 1097 1198 
1677 1361 1335 1589 1257 1291 1002 1770 1609 1424 1386 1364 1384 1624 1474 1477 1179 1374 1391 1194  994 1045 1340 1057 1046 1221 1399 1114 1366 1559 1402 1195 1398 1177 1343 1050 1056 1072 1316 1299 1628 1597 1231 1304 1535 1577 1185 1338 1389    0 1400 1396 1122  975 1201 1305 1511 1538 1420 1786 1461 1031  944 1677 1538 1387 1370 1560  982 1412 1031 1142  995 1494 1421 1238 1259 1578 1496  997 1040  955 1003 1105 1492 1503 1175 1794 1706  930 1689 1415 1037 1490 1559 1458 1380 1603 1148  873 
1152 1139  928 1413 1191 1000  834 1494 1359 1063  951 1006  955 1393 1191 1070  774  967 1021  718  664  770 1322  858  893 1067 1209  831  976 1075 1162 1127 1108  959  994  786  691  902 1130 1005 1294 1378 1123 1072 1207 1432  920 1044 1374 1400    0 1413  787  820  987 1001 1327 1374  896 1552 1268  719  907 1449 1293 1120 1158 1354  852 1485  690  886  854 1263 1443 1089  967 1224 1152  884  901  841  868  826 1307 1109 1150 1423 1217  925 1303  978  750 1473 1490 1289 1156 1366  999  865 
1598 1314 1157 1562 1432 1364 1083 1599 1457 1344 1233 1232 1343 1593 1237 1192  949 1277 1594 1166 1226  976 1699  847 1106 1414 1438 1128 1255 1523 1419 1252 1369 1092 1334 1055  951  938 1420 1295 1699 1679 1130 1308 1642 1708  974 1248 1549 1396 1413    0  987  916 1370 1412 1809 1452 1383 1911 1552 1181 1144 1409 1593 1204 1426 1604  947 1549 1027  928 1030 1772 1680 1520 1511 1484 1814  953  943 1066 1060 1072 1555 1554 1416 1680 1693 1024 1784 1402  991 1484 1739 1545 1214 1516 1014 1246 
1131  850  833  943  780  884  646  908  894  701  814  854  892 1205  691  791  482  954  734  698  631  391  932  456  567  902  799  657  868  754  922  734  834  548  780  572  656  550  916  915 1086 1107  803  769 1019 1113  643  717 1211 1122  787  987    0  503  735  689 1132 1223  876  941  868  484  612 1088 1047  760  725 1221  592 1090  669  658  513 1012 1115  731  689 1116 1135  467  443  587  542  562 1069  704  924 1144  862  531 1121  641  499  980 1132 1182  819 1082  508  530 
1120  647  738  966  843  827  484 1156 1054  793  670  876  844 1198  736  942  484  673  738  682  387  420 1139  437  450  641  721  600  725  824  815  667  656  630  987  480  422  616  783  745  970  876  785  906 1026  927  447  957  865  975  820  916  503    0  834  778 1009 1011  907 1042  976  591  536 1084 1259  916  908 1064  404 1204  664  548  423 1050 1122  900  752 1185 1196  394  628  692  377  476  953  915  837  914  961  551 1037  762  648 1043 1018  988  874 1078  493  486 
1428 1121 1135 1369 1092  977  940 1201 1496 1168  951 1101 1145 1400 1158 1036  798 1032  980  893  742  851 1349  748  858 1119  952  752 1180 1271 1212 1072  948  824 1043  824  913  914 1059 1125 1261 1227 1072 1081 1441 1471  839 1097 1385 1201  987 1370  735  834    0 1043 1338 1193 1051 1237 1408  991  832 1237 1299 1174 1049 1456  897 1487  778  860  734 1515 1343 1078 1159 1376 1166  796  948  885  684  699 1501  920 1045 1431 1354  777 1381 1129  789 1381 1250 1200 1012 1306  759  772 
1331 1039 1146 1306 1106  970  840 1296 1283 1143 1032 1192 1116 1449 1100 1139  824 1194 1166  855  778  660 1240  832  768 1134 1032  762  999 1029 1183 1189 1267  739 1110  701  750  790 1108  947 1358 1189 1121 1099 1157 1374  904 1052 1392 1305 1001 1412  689  778 1043    0 1387 1318 1140 1313 1384  789  810 1486 1429 1165 1143 1237  921 1201  725  801  769 1363 1452 1127 1189 1206 1273  923  859  751  971  750 1446 1090 1102 1272 1252  944 1502 1073  987 1294 1432 1340 1161 1355  875  710 
1611 1532 1362 1628 1443 1398 1263 1551 1385 1364 1533 1173 1309 1542 1396 1426 1253 1235 1084 1148  991 1100 1397  917 1026 1293 1145 1099 1262 1286 1403 1290 1444 1174 1422  967 1043  862 1241 1176 1582 1717 1522 1469 1629 1663  922 1228 1423 1511 1327 1809 1132 1009 1338 1387    0 1763 1291 1686 1469 1110 1091 1321 1576 1416 1176 1486 1207 1501  994 1065 1141 1463 1488 1238 1523 1662 1441  902 1013 1015  968 1174 1622 1249 1402 1708 1466 1039 1505 1393  957 1537 1685 1670 1264 1376  870 1027 
1612 1469 1150 1719 1282 1337 1204 1650 1547 1245 1259 1475 1493 1822 1463 1363 1042 1491 1467 1015 1074  974 1665 1050 1135 1203 1360 1051 1435 1294 1171 1497 1364 1055 1471  908 1135 1035 1337 1363 1577 1434 1346 1321 1689 1634  888 1308 1512 1538 1374 1452 1223 1011 1193 1318 1763    0 1277 1782 1840 1089  952 1464 1708 1317 1197 1637  985 1551 1167  963 1185 1573 1493 1275 1272 1807 1820 1015 1144 1034 1020 1107 1593 1353 1367 1516 1711 1137 1729 1240 1115 1745 1575 1679 1296 1777 1136 1223 
1403 1067 1236 1518  983 1174  670 1393 1465 1175 1006 1234 1175 1191  914 1037  880 1161  956  852  967  630 1229  832  903 1215 1032  710 1237 1063 1106 1012 1011  691 1188  776  914  795 1275 1085 1222 1245  993  988 1524 1284  835 1048 1192 1420  896 1383  876  907 1051 1140 1291 1277    0 1211 1303  725  936 1171 1245 1078 1026 1473  956 1180  669  956  652 1482 1341  966 1141 1293 1485  838  680  808  865  856 1115 1151 1077 1323 1341  717 1396  990  768 1377 1225 1469 1175 1271  894 1002 
1621 1234 1412 1743 1413 1113 1103 1664 1674 1266 1323 1311 1366 1677 1262 1318 1168 1153 1226  977 1115 1043 1763  995 1059 1268 1385  948 1353 1408 1077 1363 1382  990 1393 1058  983  998 1346 1324 1571 1382 1147 1381 1662 1519 1106 1251 1491 1786 1552 1911  941 1042 1237 1313 1686 1782 1211    0 1582 1073  880 1521 1409 1444 1142 1694 1016 1673 1010 1061  960 1678 1624 1382 1418 1421 1685 1022 1071 1230  953 1090 1378 1492 1402 1421 1693 1182 1654 1309 1170 1552 1502 1716 1264 1564  924 1083 
1435 1420 1245 1476 1524 1509 1010 1538 1455 1191 1311 1317 1404 1550 1323 1320  995 1220 1418  899  965 1081 1594 1010 1206 1497 1164 1105 1357 1441 1472 1168 1378 1135 1362 1099 1002  912 1428 1210 1381 1448 1414 1270 1421 1740  889 1305 1682 1461 1268 1552  868  976 1408 1384 1469 1840 1303 1582    0 1099  962 1419 1666 1316 1354 1551 1057 1749  873 1107 1204 1533 1453 1385 1323 1534 1614 1053 1029 1199 1085 1100 1564 1542 1208 1661 1357 1227 1559 1358 1167 1552 1556 1683 1295 1675 1126 1037 
1075  838  794 1196  776  735  551  862 1115  751  874  916  787 1227  840  769  631  890  752  581  648  629  987  473  655  666  865  530  754  790  872  714  882  618  887  494  542  428  829  876 1191 1023  740  700 1107  954  453  858  978 1031  719 1181  484  591  991  789 1110 1089  725 1073 1099    0  489  852 1014  932  785 1142  624  945  665  641  604 1165 1151  887  774  985 1083  605  530  673  635  614 1118  836  886 1055 1046  485 1103  819  654 1023  975  996  880 1116  567  438 
1066  853  806 1074  877  862  613 1086 1055  923  796  764  869 1196  838  738  505  888  772  436  505  569 1150  400  528  636  915  437  740  981  875  897  887  566  751  649  488  667  731  905 1126 1082  790  825 1153  954  511  739 1018  944  907 1144  612  536  832  810 1091  952  936  880  962  489    0 1049 1191  820  746  955  647 1108  605  588  636  943  991  763  746 1182 1233  444  587  365  640  547 1072  938  897  926 1232  653  986  771  516  961 1133 1091  868 1267  421  685 
1729 1203 1384 1781 1377 1550  972 1442 1843 1331 1513 1362 1324 1425 1556 1481  940 1186 1241  987 1119  895 1642 1125 1048 1194 1242 1065 1235 1341 1438 1251 1480 1011 1368  839 1062 1082 1184 1376 1648 1697 1202 1386 1487 1477 1088 1397 1525 1677 1449 1409 1088 1084 1237 1486 1321 1464 1171 1521 1419  852 1049    0 1497 1242 1324 1418 1203 1627 1181 1122 1112 1533 1498 1395 1383 1512 1441 1121 1108 1133 1045  956 1516 1387 1354 1730 1587 1190 1632 1248 1100 1672 1793 1612 1415 1675  898 1003 
1575 1323 1353 1541 1267 1158 1241 1315 1644 1186 1145 1222 1340 1386 1409 1393 1060 1505 1144 1114 1065 1063 1588 1077 1035 1215 1160 1020 1162 1163 1595 1381 1313 1135 1312 1005 1052 1017 1359 1252 1744 1670 1298 1326 1538 1612 1023 1269 1830 1538 1293 1593 1047 1259 1299 1429 1576 1708 1245 1409 1666 1014 1191 1497    0 1490 1253 1358 1153 1782 1004 1153 1050 1636 1691 1275 1317 1531 1574 1063 1237 1042 1109 1020 1626 1207 1353 1664 1741  872 1482 1351 1153 1741 1457 1478 1521 1846 1151 1055 
1179  988 1002 1511  982 1024  760 1325 1329 1080  974 1135 1092 1333 1148 1146  850 1079 1144  921  817  768 1101  807  770 1064 1143  720 1051  944 1166 1221 1245  686 1075  733  855  816  997 1166 1183 1295 1155 1048 1218 1253  778 1011 1397 1387 1120 1204  760  916 1174 1165 1416 1317 1078 1444 1316  932  820 1242 1490    0  960 1269  913 1356  736  844  934 1113 1576 1014 1084 1415 1247  845  697  714  753  808 1229 1141 1209 1348 1095  776 1258 1045  765 1424 1363 1159 1231 1193  818  754 
1426 1234 1032 1352 1228 1124  992 1354 1288  977 1103 1191 1217 1347  989 1026  914  993 1153  900  709  810 1332  900  888 1039 1070  860  930 1025 1023 1151 1191 1007  980  697  948  936  982 1158 1438 1326 1001 1197 1525 1416  792 1002 1330 1370 1158 1426  725  908 1049 1143 1176 1197 1026 1142 1354  785  746 1324 1253  960    0 1333  844 1221  971  771  746 1429 1364 1154 1161 1348 1530  732  767  873  884  990 1159  997 1065 1204 1550  859 1355 1156  749 1351 1329 1262 1055 1341  963  767 
1547 1411 1405 1532 1250 1383 1136 1568 1781 1520 1353 1397 1278 1606 1206 1362 1090 1334 1329 1042 1010  926 1569 1061  966 1299 1143 1186 1448 1508 1340 1425 1545  977 1187 1162  908 1188 1267 1281 1770 1555 1215 1243 1711 1645 1152 1465 1754 1560 1354 1604 1221 1064 1456 1237 1486 1637 1473 1694 1551 1142  955 1418 1358 1269 1333    0  952 1548  923  957 1024 1694 1424 1241 1208 1456 1691 1156 1097 1141  908  882 1403 1177 1228 1593 1575 1179 1525 1263 1088 1400 1635 1752 1231 1599  957  956 
1098  807  765 1039  826  740  502  924 1076  702  864  818  861 1085  848  885  687  764  928  506  541  652 1141  437  558  805  806  539  709  783  729  807  866  568  781  620  688  513  868  715  959 1170  846  868 1236 1146  479  842  895  982  852  947  592  404  897  921 1207  985  956 1016 1057  624  647 1203 1153  913  844  952    0 1219  553  564  460 1032  962  663  703 1142 1003  452  401  492  438  605 1103  707  725 1171 1167  512 1032  815  439 1208 1161 1103  774 1065  469  638 
1489 1306 1242 1619 1493 1304 1131 1472 1495 1270 1179 1136 1488 1664 1211 1409 1233 1457 1444  833  968 1096 1463 1185 1072 1247 1445  962 1331 1199 1530 1178 1268  872 1334 1003 1128  940 1407 1257 1783 1632 1348 1534 1603 1582 1077 1145 1639 1412 1485 1549 1090 1204 1487 1201 1501 1551 1180 1673 1749  945 1108 1627 1782 1356 1221 1548 1219    0  948 1071  973 1421 1451 1438 1420 1701 1808 1162 1018 1135 1176 1081 1350 1425 1308 1593 1587  986 1782 1262 1067 1766 1530 1423 1137 1819 1064 1234 
1084  765  830 1143  774  754  566  963 1029  719  842  922  656  974  815  909  538  764  908  572  420  497 1031  587  578  885  796  574  799  657  741  883  774  547  887  370  524  536  698  878 1009 1040  927  783  934 1204  643  960 1156 1031  690 1027  669  664  778  725  994 1167  669 1010  873  665  605 1181 1004  736  971  923  553  948    0  597  404 1062 1059  941  869  995  935  554  643  568  419  573  981  854  774  977 1030  443 1096  905  642 1272 1199 1011  705  936  544  678 
1086  877  929 1086  820  668  595 1174 1096  818  927  783  753 1209  813  923  482  798  804  527  475  528 1136  608  670  828  775  528  803  897  852  940  855  415  946  617  439  466  833  721 1154 1176  853  873 1216 1169  396  924 1174 1142  886  928  658  548  860  801 1065  963  956 1061 1107  641  588 1122 1153  844  771  957  564 1071  597    0  444 1203 1140  695  753 1243 1072  446  629  567  440  698  893  773  662  978  945  498 1078  839  447 1187  910  949  862 1041  457  592 
1078  873  793 1206  734  920  619 1011 1043  879  740  838  718 1075  831  766  440  782  739  432  500  552 1143  519  536  839  813  441  702  807  912  889  720  489  724  660  673  618  654  783 1013 1145  829  726 1157  865  587  828 1102  995  854 1030  513  423  734  769 1141 1185  652  960 1204  604  636 1112 1050  934  746 1024  460  973  404  444    0  838 1180  691  721 1060  903  427  542  520  407  545 1042  788  760 1004 1199  662 1117  869  492 1084 1120  964  909 1262  457  592 
1610 1363 1470 1610 1501 1336 1074 1675 1583 1229 1181 1409 1401 1552 1393 1557 1084 1269 1157 1122 1131 1143 1662  923 1111 1390 1368 1045 1303 1482 1480 1421 1366 1147 1384 1125 1143 1066 1186 1353 1531 1486 1125 1085 1737 1827 1096 1242 1749 1494 1263 1772 1012 1050 1515 1363 1463 1573 1482 1678 1533 1165  943 1533 1636 1113 1429 1694 1032 1421 1062 1203  838    0 1590 1335 1420 1580 1586 1157 1047 1138  966 1117 1492 1161 1569 1681 1674 1061 1626 1493 1243 1711 1469 1594 1510 1618 1061 1165 
1743 1353 1521 1401 1302 1299 1121 1635 1373 1243 1173 1296 1362 1527 1461 1326 1169 1371 1168 1167 1081 1086 1611 1102 1106 1572 1230 1128 1346 1302 1296 1501 1322  921 1348  913 1041 1137 1360 1402 1517 1470 1295 1315 1831 1542 1237 1227 1634 1421 1443 1680 1115 1122 1343 1452 1488 1493 1341 1624 1453 1151  991 1498 1691 1576 1364 1424  962 1451 1059 1140 1180 1590    0 1290 1307 1722 1634  877 1122 1139 1143 1038 1591 1438 1199 1613 1447 1150 1615 1394 1064 1777 1558 1730 1291 1609 1112 1076 
1338  979 1122 1444 1069 1003  830 1531 1468  931 1165 1097 1114 1430 1232 1177  915 1021 1102  860  772  844 1317  688  914 1077 1195  720  922 1104 1057 1029 1206  912 1066  726  853  698 1144 1038 1252 1301 1096 1158 1294 1409  843 1147 1574 1238 1089 1520  731  900 1078 1127 1238 1275  966 1382 1385  887  763 1395 1275 1014 1154 1241  663 1438  941  695  691 1335 1290    0 1207 1351 1563  864  757  884  760  814 1346 1152 1037 1407 1228  823 1362 1050  861 1180 1239 1345  999 1314  837  703 
1447 1022 1087 1378 1025  967  776 1252 1350 1002  909 1224 1125 1377 1108 1080  649 1168 1105  955  844  908 1444  804  861 1093 1223  893 1113 1187 1109 1019  941  890 1116  784  765  892 1152 1139 1262 1457 1219 1077 1248 1194  927 1119 1512 1259  967 1511  689  752 1159 1189 1523 1272 1141 1418 1323  774  746 1383 1317 1084 1161 1208  703 1420  869  753  721 1420 1307 1207    0 1333 1322  775  847  775  701  920 1370 1206 1157 1313 1564  902 1342 1050  664 1283 1435 1359 1088 1276  782  866 
1431 1497 1289 1631 1356 1181 1174 1523 1595 1413 1369 1359 1351 1633 1150 1395  884 1341 1381 1046 1097 1253 1580 1015 1180 1337 1428 1019 1189 1272 1299 1346 1293 1066 1406  924 1052  956 1280 1419 1732 1606 1247 1321 1658 1613 1098 1231 1682 1578 1224 1484 1116 1185 1376 1206 1662 1807 1293 1421 1534  985 1182 1512 1531 1415 1348 1456 1142 1701  995 1243 1060 1580 1722 1351 1333    0 1569 1012 1043 1113 1097  955 1597 1339 1449 1619 1593  948 1700 1251 1201 1458 1763 1579 1486 1777 1038 1041 
1491 1541 1174 1490 1266 1466 1085 1823 1504 1360 1455 1335 1376 1733 1328 1356 1207 1171 1315  896 1251 1222 1633 1256 1050 1345 1440  903 1493 1569 1365 1362 1508 1130 1405 1210  986  929 1296 1152 1489 1553 1511 1376 1690 1656 1147 1500 1585 1496 1152 1814 1135 1196 1166 1273 1441 1820 1485 1685 1614 1083 1233 1441 1574 1247 1530 1691 1003 1808  935 1072  903 1586 1634 1563 1322 1569    0 1102  925 1154 1116 1175 1672 1419 1417 1627 1429 1080 1746 1181 1089 1705 1498 1599 1255 1799  934  941 
