100 4 16 1338

   0 1319  805 1124 1217  832 1021  774  946  983 1057 1374  972 1421 1491 1153  705 1175 1439  979  697 1469  733  943  672 1042 1209  879  871 1411  853 1006  992 1274 1213 1114  967  689  770  878  740 1300 1101 1021 1067 1106 1021 1208 1181  659 1059 1287  934 1102  957 1171 1306 1147  985  960 1255  705 1268  741  993 1184 1110 1174 1052 1019 1059 1132  877 1317 1353  939 1021 1355 1057 1334  837 1470 1306 1142 1171  749  745 1059  876  726  641 1065  941 1459 1036  867  986 1341 1261 1455 
1319    0 1254 1421 1601 1097 1303  992 1344 1255 1432 1427 1223 1804 1613 1279 1015 1181 1665 1427 1221 1641 1023 1358 1050 1557 1315  956  916 1566 1137 1515 1354 1413 1594 1236 1374  988 1050 1158 1103 1530 1211 1284 1200 1231 1189 1211 1649 1150 1578 1468 1040 1420  907 1755 1565 1208 1472 1366 1550 1067 1317 1109 1439 1252 1292 1596 1519 1208 1383 1314 1367 1578 1711 1418 1366 1388 1259 1485 1022 1659 1608 1302 1428 1293 1170 1245 1334 1120 1090 1322 1200 1368 1375 1471 1136 1457 1262 1533 
 805 1254    0  907 1104  537  924  624  782  737  840 1142  721 1165 1049  758  520  724 1107  891  655 1172  382  795  600  776  933  570  476  897  640  947  769 1025 1180  847  850  623  426  545  696 1193  747  816  860  715  883  825 1177  409  728  996  538  841  648 1029 1188  816  954  760  994  422  848  500  899  969  882 1021  872  818  753  792  764 1032 1075  833  928 1195  890 1151  424 1240 1131  896  836  507  688  771  881  416  474  861  645  955  923  865  431  983  769 1131 
1124 1421  907    0 1323  901  989  735 1035 1121 1057 1288 1048 1372 1467 1214  794 1000 1488 1063  920 1329  647 1078  948 1178 1184  844  875 1322  827 1177 1156 1381 1422 1021 1253  946  847  912  694 1487 1041 1173 1100 1101 1099 1018 1487  893  974 1384  899 1063  908 1188 1363 1005 1227 1269 1228  840 1004  876 1209 1254 1138 1203 1155 1220  954 1081 1006 1316 1137 1122 1244 1227 1153 1433  774 1361 1400 1143 1006  662  925 1138 1052  870  685 1259  691 1398 1059 1093  756 1372 1192 1324 
1217 1601 1104 1323    0  969 1242 1106 1403 1515 1438 1649 1218 1381 1674 1454 1164 1240 1509 1348  974 1714 1156 1462 1043 1368 1397 1082 1008 1380 1044 1236 1571 1506 1698 1188 1342 1128 1192 1041 1111 1710 1288 1393 1309 1452 1373 1289 1694  973 1372 1546  870 1581 1240 1560 1739 1471 1279 1244 1792  918 1288 1104 1561 1271 1350 1399 1362 1210 1313 1564 1388 1724 1573 1376 1394 1469 1405 1555 1140 1508 1676 1321 1212  998 1086 1375 1438 1097 1163 1387  893 1649 1430 1510 1203 1657 1339 1660 
 832 1097  537  901  969    0  922  524  907  703  771 1065  766 1177 1078  732  565  684 1013  676  617  913  465  843  602  841  804  650  524 1218  673  811  925 1257 1038  850  824  429  477  585  547 1111  812  734  883  876  798  732 1109  516  925 1149  632  859  452  972 1067  825  749  834  887  652  775  473  875  854  880 1171  698  932  816  852  981  853 1145  825  918  897  861 1056  563 1186 1038  892  949  543  505  694  762  575  512  847  444 1044  893  736  574 1132  855  862 
1021 1303  924  989 1242  922    0  823 1124 1034  923 1576 1154 1437 1448 1122  787 1179 1390  954  768 1442  923 1246  900 1035 1064  945  895 1583  808 1037  980 1285 1304 1118 1085  810  787  755  648 1391 1077 1076 1183 1273  996 1189 1204  958 1113 1252  846 1028  733 1359 1433 1078  917 1091 1254  952 1153  772 1051 1035 1088 1253 1028  969 1116 1214 1057 1413 1364 1109  966 1223 1008 1494  986 1331 1491 1193 1220  914  744 1121 1224  720  645  939  685 1223 1021 1142  920 1337 1163 1411 
 774  992  624  735 1106  524  823    0  862  747  759 1159  911  902 1102  675  606  759 1060  847  581  906  440  909  648  811  758  646  445 1106  669  747  732 1034 1051  871  717  417  649  648  589  973  941  843  912  804  931  823  866  468  929 1175  418  959  511 1020 1129  646  886  732 1243  448  836  605  776  726  840 1031  744  772  905  733  859  946 1137  691  784  995  888  935  536 1201 1056  758  837  462  484  881  756  574  642  935  501 1010  718  910  440 1128  698 1072 
 946 1344  782 1035 1403  907 1124  862    0 1149 1189 1282  937 1375 1193 1106  758 1195 1326 1041 1002 1451  858  951  926 1152 1198  863  820 1321  713 1202  983 1323 1407 1208 1194  807  656  833  858 1212 1179  952 1079 1064 1150  951 1275  869  951 1303  648 1183  854 1326 1333 1022 1196 1110 1364  760 1172  729 1085 1124 1199 1505  999 1193 1109 1040  989 1395 1445 1004 1131 1334  992 1418  917 1328 1463 1047 1126  699  774  974 1088  849  823 1213  706 1426 1106 1070  698 1430 1112 1343 
 983 1255  737 1121 1515  703 1034  747 1149    0 1139 1252 1015 1379 1345 1051  753 1188 1207 1030  728 1429  775  956  730 1068  978  667  841 1441  785 1009 1029 1336 1274 1069 1020  687  719  816  706 1291  961 1107 1135 1217  885 1152 1475  840 1155 1406  978 1042  867 1228 1391 1100  976 1280 1445  729 1035  628 1236  971 1148 1318 1094 1092 1147 1098 1157 1337 1360 1001 1140 1234  997 1260  883 1498 1242 1160  905  861  880 1004 1105  691  879 1022  871 1383 1171  934  870 1457 1251 1511 
1057 1432  840 1057 1438  771  923  759 1189 1139    0 1270  938 1419 1388 1218  823 1130 1258 1019  804 1517  822 1016  918 1174 1136  704  807 1390  735 1079  922 1347 1269 1034 1009  875  718  912  790 1439  990 1280 1004  890 1111 1265 1383  898 1172 1293  833 1090  821 1226 1281 1090 1113 1199 1326  834 1191  843 1111 1079  989 1468 1014 1066  989 1139 1110 1343 1357 1149 1219 1329 1003 1528  898 1357 1259  984 1219  886  768 1151 1146  826  797 1109  880 1307 1094 1081  889 1407 1103 1339 
1374 1427 1142 1288 1649 1065 1576 1159 1282 1252 1270    0 1238 1581 1749 1313  904 1328 1494 1151 1147 1664 1013 1409 1161 1265 1581 1110 1210 1744 1066 1270 1456 1597 1691 1377 1523  968 1076 1144 1143 1617 1217 1457 1479 1310 1300 1365 1526  952 1403 1523 1185 1227  949 1426 1541 1419 1189 1331 1747 1162 1427  933 1144 1472 1284 1431 1367 1294 1485 1427 1344 1645 1520 1197 1459 1712 1349 1667  953 1478 1603 1164 1267  937  895 1295 1451 1090 1077 1312 1068 1539 1284 1434 1110 1510 1287 1729 
 972 1223  721 1048 1218  766 1154  911  937 1015  938 1238    0 1187 1468 1010  656 1217 1439 1139  731 1333  822 1103  814 1070 1172  652  773 1428  672 1163  961 1367 1417 1198  950  812  736  758  874 1319  957 1261 1095 1072 1101  994 1110  814 1143 1522  819 1048  612 1492 1469 1200 1058 1079 1318  755 1108  957 1025 1090  923 1371 1009 1136 1227 1182 1233 1201 1317  960 1128 1319  997 1315  728 1430 1394 1178 1135  908  868 1102 1024  960  853 1079  924 1394 1187 1078  849 1547  972 1527 
1421 1804 1165 1372 1381 1177 1437  902 1375 1379 1419 1581 1187    0 1617 1347 1123 1411 1684 1315  928 1469 1032 1413 1131 1311 1459 1176 1143 1746  990 1371 1390 1549 1462 1528 1291  949 1271  987 1171 1614 1202 1388 1445 1357 1155 1395 1519 1106 1162 1497  927 1424 1041 1487 1429 1381 1399 1249 1656  860 1445 1107 1528 1456 1578 1489 1302 1375 1341 1406 1364 1596 1577 1489 1285 1458 1150 1799 1084 1731 1525 1431 1360 1170 1160 1368 1388 1173 1270 1447 1191 1498 1387 1435 1146 1656 1461 1696 
1491 1613 1049 1467 1674 1078 1448 1102 1193 1345 1388 1749 1468 1617    0 1126  989 1341 1460 1287  916 1619 1045 1421  983 1457 1389 1018 1053 1649 1119 1360 1212 1539 1708 1523 1222  988 1073  999 1101 1506 1288 1336 1553 1310 1431 1357 1414 1127 1408 1811  955 1234 1120 1587 1650 1323 1180 1411 1685 1006 1277 1065 1272 1350 1146 1334 1537 1403 1452 1592 1261 1439 1535 1497 1241 1488 1288 1414  978 1561 1560 1382 1249  926 1046 1338 1441  848 1205 1402  870 1558 1439 1225  988 1608 1273 1529 
1153 1279  758 1214 1454  732 1122  675 1106 1051 1218 1313 1010 1347 1126    0  721 1088 1286 1102  671 1383  984 1040  872 1238 1068  823  760 1425  731 1060 1222 1426 1461  921  915  922  903  765  763 1265 1222 1184 1142 1072 1008 1038 1246  731 1009 1407  699 1073  783 1398 1157 1145  956 1052 1215  803  930  743 1118 1157 1188 1229 1158 1137  932 1172  965 1454 1289 1001  962 1193 1203 1244  952 1387 1267 1037 1122  916  903 1189 1189  776  982 1172  717 1385 1071  991  725 1167 1027 1337 
 705 1015  520  794 1164  565  787  606  758  753  823  904  656 1123  989  721    0  727 1091  870  515 1120  529  976  432  889  722  520  442 1021  555  777  938 1238  936  757  902  664  563  422  580 1055  912  800  889  828  846  795 1184  587  860  936  496  715  579 1095 1199  944  723  882 1008  673  903  509  799  948  869  981  788  753  971  702  771 1232  899  766  720 1176  819  954  547 1054 1185  792  862  654  637  938  972  498  667  713  518  927  856  780  550 1183  861 1038 
1175 1181  724 1000 1240  684 1179  759 1195 1188 1130 1328 1217 1411 1341 1088  727    0 1603 1008  672 1460  973 1201  863  948 1070  721  885 1396  715  960 1002 1353 1349  984 1027  922  891  714  871 1374 1163 1032 1086 1192  986  970 1384  660 1103 1446  696 1130  732 1387 1427 1036 1082 1083 1376  835 1068  674 1021 1128 1119 1303 1001 1149 1138 1159 1139 1207 1377 1004 1106 1205 1180 1276  905 1151 1343 1250 1036  736  801 1028  911  701  944 1096  834 1411  944 1004  913 1339 1045 1299 
1439 1665 1107 1488 1509 1013 1390 1060 1326 1207 1258 1494 1439 1684 1460 1286 1091 1603    0 1249 1180 1534 1088 1495 1141 1383 1315 1084 1225 1453 1082 1411 1204 1563 1406 1336 1327  987  906 1140 1086 1849 1256 1197 1338 1332 1387 1234 1512 1054 1388 1430  956 1339 1138 1538 1498 1457 1205 1517 1624  994 1341  984 1418 1317 1517 1439 1354 1448 1257 1292 1296 1593 1679 1337 1179 1644 1302 1659 1134 1499 1641 1421 1159 1092 1030 1551 1468 1100  994 1525 1116 1663 1147 1259 1073 1684 1449 1626 
 979 1427  891 1063 1348  676  954  847 1041 1030 1019 1151 1139 1315 1287 1102  870 1008 1249    0  689 1370  895  873  892 1013 1144  803  682 1352  932 1180 1123 1397 1234 1241 1110  920  724  779  781 1205 1044 1066 1098 1186 1100 1203 1343  849 1139 1450  922  971  864 1356 1295 1131 1085 1098 1328  732 1238  798 1064 1022  939 1267  947 1098 1189 1253 1177 1152 1439 1054 1079 1222  921 1528  785 1246 1493 1092 1207  731  717 1153  964  849  780  992  816 1388  938  979  736 1181 1063 1392 
 697 1221  655  920  974  617  768  581 1002  728  804 1147  731  928  916  671  515  672 1180  689    0 1195  424  882  644  681  822  672  423 1101  588  838  950 1070 1170  859  910  576  636  641  376  951  744  765  732  897  935  870 1221  533  793 1231  401  921  543 1140 1202  868  743  867 1183  488  734  428  692  716  764  989  961  648  757  799  777  984 1023  737  833 1012  809 1161  472 1174  920  799  876  523  555  931  915  487  439  788  627 1086  875  888  658 1100  828  915 
1469 1641 1172 1329 1714  913 1442  906 1451 1429 1517 1664 1333 1469 1619 1383 1120 1460 1534 1370 1195    0 1082 1232 1278 1270 1324 1036 1036 1643  941 1290 1403 1656 1452 1254 1256  849  966 1034 1192 1528 1459 1236 1451 1230 1466 1488 1682 1176 1281 1624 1046 1419 1126 1670 1663 1383 1348 1340 1589 1050 1365  895 1285 1287 1295 1494 1131 1337 1154 1209 1360 1668 1590 1159 1271 1584 1532 1661  974 1573 1566 1389 1233 1000 1039 1400 1362  983 1083 1305 1099 1700 1359 1346 1017 1489 1305 1704 
 733 1023  382  647 1156  465  923  440  858  775  822 1013  822 1032 1045  984  529  973 1088  895  424 1082    0  870  512  899  918  468  537 1069  587  663  922 1042 1095  948  916  438  669  578  527  949  795  914  670  896  786  710 1126  561  882 1077  575  680  660  975  912  909  971  797  987  415  669  661  775  739  924 1050  762  708  671  750  797 1022 1021  716  915 1181  858  970  427  984 1005  713  736  671  627  804  885  504  640  647  407  981  813  806  660  905  719 1129 
 943 1358  795 1078 1462  843 1246  909  951  956 1016 1409 1103 1413 1421 1040  976 1201 1495  873  882 1232  870    0  771 1054 1017  913  691 1409  870 1168 1225 1296 1391  995  949  688  859  789  688 1327 1222 1066 1022 1082 1054 1106 1442  774 1194 1204  727 1122  942 1608 1276 1191  918  990 1301  817 1114  893 1044 1182 1208 1393 1163 1120 1022  960 1230 1379 1405 1141 1120 1354 1006 1372  750 1356 1414 1111 1076  984  867 1190 1199  877  857 1139  785 1181 1049  903  819 1411 1155 1316 
 672 1050  600  948 1043  602  900  648  926  730  918 1161  814 1131  983  872  432  863 1141  892  644 1278  512  771    0  835  897  700  606 1041  530  891  921 1001  936  706  817  430  653  474  610 1218  832  828 1019  689  725  925 1176  642  840 1023  494  770  490  866 1014  871  851  925 1132  538  836  536  753  715  794 1186  907  798  856  786  740 1082 1217  707  940 1015  908 1200  555  902  859  871  737  677  451  729  691  639  526  884  617 1158  771  741  576 1106  941 1045 
1042 1557  776 1178 1368  841 1035  811 1152 1068 1174 1265 1070 1311 1457 1238  889  948 1383 1013  681 1270  899 1054  835    0  997  917  649 1436  789 1023  918 1445 1475 1104 1207  867  702  800  857 1339  970 1057 1057  919 1222 1127 1286  741 1031 1528  666  992  838 1218 1358 1128  954 1207 1483  951  933  679  971 1034  960 1443 1184 1137 1200 1016  998 1407 1521 1048 1156 1451 1114 1282  757 1276 1297 1072 1170  745  849  979 1074  786  885 1112  694 1317  987 1179  654 1192 1018 1242 
1209 1315  933 1184 1397  804 1064  758 1198  978 1136 1581 1172 1459 1389 1068  722 1070 1315 1144  822 1324  918 1017  897  997    0  894  775 1368  683 1020 1252 1221 1410 1042  934  729  823  891  761 1361 1156 1081 1144  967 1055 1077 1228  841 1170 1358  849  964  675 1224 1499 1098  910 1074 1275  904 1166  684 1252 1233  950 1271 1112 1190 1189  984  921 1201 1386 1085 1086 1316 1271 1208  748 1408 1252 1149 1024  828  854 1031 1237  863  739 1183  829 1467 1177 1076  796 1255 1156 1218 
 879  956  570  844 1082  650  945  646  863  667  704 1110  652 1176 1018  823  520  721 1084  803  672 1036  468  913  700  917  894    0  522 1061  631  659  838 1023  998  933  732  549  597  492  588 1061  862  841  806  878  878  672 1160  678  742 1018  664  833  591  993 1115  637  715  802 1217  609  903  630  908  843  881  928  942  709  698  863  694 1092 1008  775  799  928  916  999  589 1023 1009  707  673  635  599  963  827  377  454  894  652 1129  751  752  459 1072  845  990 
 871  916  476  875 1008  524  895  445  820  841  807 1210  773 1143 1053  760  442  885 1225  682  423 1036  537  691  606  649  775  522    0  885  437  922  843 1235 1170  702  707  600  448  524  428 1009  803  725  902  839  715  784  967  693  761 1225  437  845  444 1062 1138  704  773  872 1216  417  743  431  897  814  748 1162  827  879  947  690  882  986 1121  972  909  930  873 1070  416  905  968  734  934  525  494  850  948  622  621  752  673  946  994  706  543 1027  865 1125 
1411 1566  897 1322 1380 1218 1583 1106 1321 1441 1390 1744 1428 1746 1649 1425 1021 1396 1453 1352 1101 1643 1069 1409 1041 1436 1368 1061  885    0 1010 1091 1148 1631 1520 1344 1406 1138 1076 1137  921 1499 1470 1366 1270 1105 1315 1312 1526  991 1207 1507 1173 1298 1004 1503 1564 1268 1322 1460 1577 1046 1438 1091 1389 1310 1375 1534 1298 1433 1382 1339 1449 1487 1494 1343 1315 1745 1242 1483 1114 1637 1881 1312 1216 1034 1091 1528 1456 1178  997 1303 1086 1648 1312 1478  982 1700 1472 1733 
 853 1137  640  827 1044  673  808  669  713  785  735 1066  672  990 1119  731  555  715 1082  932  588  941  587  870  530  789  683  631  437 1010    0  772  810 1190 1210  844  759  685  447  636  572  860 1008  946  727  817  734  730 1078  483  870 1013  520  903  639  886  924  713  759  883  815  531  717  677  707  694  925 1105  878  873  895  676  733 1308 1179  915  758  936  664 1275  557 1032  951  758  676  639  405  847  720  429  380  761  694  924  716  944  503  885  860 1108 
1006 1515  947 1177 1236  811 1037  747 1202 1009 1079 1270 1163 1371 1360 1060  777  960 1411 1180  838 1290  663 1168  891 1023 1020  659  922 1091  772    0 1160 1487 1335 1073 1209  863  834  886  893 1384 1038 1191  896 1059 1218 1056 1186  633 1062 1394  877 1287  744 1143 1444  959 1157 1103 1177  739 1103  644 1109  904 1064 1341  978  984 1073 1204 1203 1376 1421 1107 1242 1314 1075 1350  866 1509 1382 1011 1267  894  696  957 1181  793  734  975  765 1395 1118  893  652 1352 1218 1362 
 992 1354  769 1156 1571  925  980  732  983 1029  922 1456  961 1390 1212 1222  938 1002 1204 1123  950 1403  922 1225  921  918 1252  838  843 1148  810 1160    0 1397 1356 1232  872  913  719  668  962 1147 1180 1231 1052 1148 1048 1017 1289  710 1174 1355  887 1030  941 1463 1344 1055 1026 1016 1213  863 1129  733 1131 1043  986 1300  924 1096 1012 1029  964 1462 1320 1040 1009 1335 1168 1387  765 1180 1443 1069  970  978  933 1046 1066  922  947 1202  819 1322 1018  965  749 1465  967 1206 
1274 1413 1025 1381 1506 1257 1285 1034 1323 1336 1347 1597 1367 1549 1539 1426 1238 1353 1563 1397 1070 1656 1042 1296 1001 1445 1221 1023 1235 1631 1190 1487 1397    0 1525 1329 1162 1108 1150 1104  997 1502 1520 1516 1284 1419 1385 1301 1632  957 1328 1516 1006 1323  871 1314 1635 1410 1478 1330 1710  996 1313 1155 1276 1127 1493 1630 1259 1389 1357 1273 1254 1549 1521 1223 1176 1660 1527 1618 1113 1514 1493 1369 1173  917 1175 1226 1436 1117  955 1323 1173 1551 1245 1342  902 1402 1244 1750 
1213 1594 1180 1422 1698 1038 1304 1051 1407 1274 1269 1691 1417 1462 1708 1461  936 1349 1406 1234 1170 1452 1095 1391  936 1475 1410  998 1170 1520 1210 1335 1356 1525    0 1328 1349 1116  932 1097 1111 1565 1256 1357 1223 1520 1318 1445 1635  967 1164 1619 1063 1394 1007 1708 1605 1219 1190 1508 1799 1078 1285  951 1505 1162 1425 1700 1251 1474 1497 1364 1410 1717 1425 1281 1410 1776 1222 1532 1153 1778 1762 1475 1300 1053 1048 1389 1448 1231 1169 1582 1039 1688 1168 1223 1012 1707 1156 1493 
1114 1236  847 1021 1188  850 1118  871 1208 1069 1034 1377 1198 1528 1523  921  757  984 1336 1241  859 1254  948  995  706 1104 1042  933  702 1344  844 1073 1232 1329 1328    0 1042  826  705  689  707 1416 1072 1103 1098 1050 1132 1085 1295  890 1216 1162  808 1199  719 1433 1395  945 1079  982 1289  857 1105  831  981 1072  976 1252  997 1300 1075 1243 1086 1416 1366 1009 1057 1390  894 1344  828 1290 1269 1261 1191  823  778  915 1098  796  648 1262  751 1105 1165 1013  708 1200  982 1342 
 967 1374  850 1253 1342  824 1085  717 1194 1020 1009 1523  950 1291 1222  915  902 1027 1327 1110  910 1256  916  949  817 1207  934  732  707 1406  759 1209  872 1162 1349 1042    0  833  894  701  702 1242 1023  937 1177  940 1080 1007 1212  732 1072 1424  959  917  780 1343 1130 1244 1050  954 1288  751 1050  770  922  955 1055 1252 1237 1151 1058 1277  926 1513 1211 1091 1007 1367 1092 1452  863 1484 1395  985 1059  872  978 1121 1085  899  753 1104  905 1171 1245 1046  931 1290 1060 1382 
 689  988  623  946 1128  429  810  417  807  687  875  968  812  949  988  922  664  922  987  920  576  849  438  688  430  867  729  549  600 1138  685  863  913 1108 1116  826  833    0  458  573  675  903  770  940  697  778  734  764 1153  438  646 1091  538  746  649 1147  979  652  841  682 1022  471  868  492  986  670  884 1124  806  807  682  819  770  965 1003  733  722  976  923  925  650  925 1282  856  869  649  478  754  807  548  537  758  460  938  679  857  630  947  914 1014 
 770 1050  426  847 1192  477  787  649  656  719  718 1076  736 1271 1073  903  563  891  906  724  636  966  669  859  653  702  823  597  448 1076  447  834  719 1150  932  705  894  458    0  424  516 1149  744  881  711  673  809  774 1024  621  865  991  480  838  525  898 1008  844  753  929 1106  515  793  477  834  785  915 1068  712  922  811  777  814 1050 1087  962  754  899  826 1029  455 1098 1146  836  899  449  397  949  894  667  399  731  547 1201  748  779  604 1002  734 1119 
 878 1158  545  912 1041  585  755  648  833  816  912 1144  758  987  999  765  422  714 1140  779  641 1034  578  789  474  800  891  492  524 1137  636  886  668 1104 1097  689  701  573  424    0  421 1135  689  828  895  741  705  722  970  405  710 1241  477  681  401 1047 1008  820  908  942 1174  584  753  430  716  886  872 1041  698  964  850  791  734 1230 1069  803  753 1163  913 1085  551 1122 1131  834  815  530  644  782  718  461  583  889  575  962  831  873  468  963  715 1117 
 740 1103  696  694 1111  547  648  589  858  706  790 1143  874 1171 1101  763  580  871 1086  781  376 1192  527  688  610  857  761  588  428  921  572  893  962  997 1111  707  702  675  516  421    0 1157  804  747  775  755  875  928 1071  529  941 1179  670  737  570  956  929  880  727  907 1103  462  910  394  902  942  927 1046  753  942  857  952  859 1035 1114  810  902 1212  738  926  587 1109 1114  826  872  563  483  743  736  518  641  894  391 1079  828  785  393  979  751 1156 
1300 1530 1193 1487 1710 1111 1391  973 1212 1291 1439 1617 1319 1614 1506 1265 1055 1374 1849 1205  951 1528  949 1327 1218 1339 1361 1061 1009 1499  860 1384 1147 1502 1565 1416 1242  903 1149 1135 1157    0 1428 1467 1354 1333 1450 1381 1446  902 1200 1805 1249 1530 1176 1484 1570 1337 1336 1321 1423 1106 1478  910 1343 1309 1415 1601 1441 1488 1281 1396 1389 1533 1700 1264 1511 1383 1560 1560 1052 1501 1658 1464 1552 1163 1126 1463 1360  859 1055 1245 1032 1659 1368 1208 1178 1566 1285 1642 
1101 1211  747 1041 1288  812 1077  941 1179  961  990 1217  957 1202 1288 1222  912 1163 1256 1044  744 1459  795 1222  832  970 1156  862  803 1470 1008 1038 1180 1520 1256 1072 1023  770  744  689  804 1428    0 1012 1188 1063 1092 1097 1399  745 1190 1215  848 1027  895 1406 1303 1163 1062 1065 1481  793 1016  750 1014 1024 1194 1308 1184  933 1098 1006 1151 1334 1506 1179 1061 1276  944 1474  896 1282 1389 1120 1061  741  709 1005 1006  727  707  954  774 1460 1140 1202  925 1418 1024 1503 
1021 1284  816 1173 1393  734 1076  843  952 1107 1280 1457 1261 1388 1336 1184  800 1032 1197 1066  765 1236  914 1066  828 1057 1081  841  725 1366  946 1191 1231 1516 1357 1103  937  940  881  828  747 1467 1012    0 1149 1148 1245 1154 1413  796 1077 1371  913 1097  846 1263 1324 1194  987 1066 1148  670 1147  796 1133 1263 1055 1426 1233 1050 1139 1087 1039 1430 1486 1158 1071 1317 1072 1272  851 1500 1179 1200 1181  723  798 1099 1259  824  909  959  858 1274 1174 1063  784 1468 1211 1348 
1067 1200  860 1100 1309  883 1183  912 1079 1135 1004 1479 1095 1445 1553 1142  889 1086 1338 1098  732 1451  670 1022 1019 1057 1144  806  902 1270  727  896 1052 1284 1223 1098 1177  697  711  895  775 1354 1188 1149    0  960 1124 1159 1379  685  909 1266  803 1034  705 1182 1203  928  973 1083 1460  968 1106  705 1222 1213 1165 1223 1048 1157 1158 1137 1145 1265 1411 1221  992 1463 1017 1447  973 1321 1298 1269 1043  912  970 1051 1092  731  700  976  832 1244 1202 1026  910 1400  968 1203 
1106 1231  715 1101 1452  876 1273  804 1064 1217  890 1310 1072 1357 1310 1072  828 1192 1332 1186  897 1230  896 1082  689  919  967  878  839 1105  817 1059 1148 1419 1520 1050  940  778  673  741  755 1333 1063 1148  960    0 1184 1087 1514  767 1016 1383  776 1142  813 1198 1170 1236 1077  923 1136  655 1212  740 1201 1229 1089 1496 1015 1020 1108  958 1058 1471 1173 1016 1088 1479  976 1204  969 1435 1227 1077 1193  660  866 1230 1211  869  837 1179  831 1394 1211 1143  857 1380  968 1326 
1021 1189  883 1099 1373  798  996  931 1150  885 1111 1300 1101 1155 1431 1008  846  986 1387 1100  935 1466  786 1054  725 1222 1055  878  715 1315  734 1218 1048 1385 1318 1132 1080  734  809  705  875 1450 1092 1245 1124 1184    0 1168 1349  781 1114 1357  831  923  770 1612 1306  939 1228 1049 1493  868 1090  885 1060  881  938 1384 1114 1018 1268  960 1069 1330 1206  950 1158 1453 1090 1260  772 1253 1151 1098 1126  931  740 1059 1014  824  812 1202  853 1259 1008 1116  899 1315  902 1195 
1208 1211  825 1018 1289  732 1189  823  951 1152 1265 1365  994 1395 1357 1038  795  970 1234 1203  870 1488  710 1106  925 1127 1077  672  784 1312  730 1056 1017 1301 1445 1085 1007  764  774  722  928 1381 1097 1154 1159 1087 1168    0 1307  758 1302 1316  743 1220  886 1511 1156  975 1188 1143 1453  894 1176  973 1121  942  887 1274 1136 1177 1064  965 1017 1374 1203 1053  880 1397  966 1441  799 1302 1384 1175  949  925  805 1021 1203  877  780 1175  674 1399  931 1077  715 1417 1020 1284 
1181 1649 1177 1487 1694 1109 1204  866 1275 1475 1383 1526 1110 1519 1414 1246 1184 1384 1512 1343 1221 1682 1126 1442 1176 1286 1228 1160  967 1526 1078 1186 1289 1632 1635 1295 1212 1153 1024  970 1071 1446 1399 1413 1379 1514 1349 1307    0 1197 1436 1712 1247 1167  919 1292 1561 1291 1367 1335 1635 1048 1252  995 1286 1463 1260 1572 1312 1438 1258 1365 1310 1747 1747 1376 1381 1407 1374 1528 1152 1713 1617 1279 1481 1048 1178 1390 1506  852 1089 1510 1233 1547 1332 1272  943 1346 1498 1495 
 659 1150  409  893  973  516  958  468  869  840  898  952  814 1106 1127  731  587  660 1054  849  533 1176  561  774  642  741  841  678  693  991  483  633  710  957  967  890  732  438  621  405  529  902  745  796  685  767  781  758 1197    0  805  889  583  974  675 1139 1044  834  762  820  905  510  929  428  759  802  717 1082  641  818  832  810  656 1180 1192  738  776  999  803  882  616 1073 1034  972  905  427  469  853  673  386  653  745  498 1037  879  753  549 1019  655 1049 
1059 1578  728  974 1372  925 1113  929  951 1155 1172 1403 1143 1162 1408 1009  860 1103 1388 1139  793 1281  882 1194  840 1031 1170  742  761 1207  870 1062 1174 1328 1164 1216 1072  646  865  710  941 1200 1190 1077  909 1016 1114 1302 1436  805    0 1479  640 1088  842 1330 1240 1050 1010 1136 1194  716 1171  688  999 1127  919 1382 1148 1039 1140 1081  966 1345 1358 1108  932 1286 1093 1281  771 1484 1293 1191 1173  732  714 1196 1118  898  751 1099  700 1312  995 1166  921 1400  903 1219 
1287 1468  996 1384 1546 1149 1252 1175 1303 1406 1293 1523 1522 1497 1811 1407  936 1446 1430 1450 1231 1624 1077 1204 1023 1528 1358 1018 1225 1507 1013 1394 1355 1516 1619 1162 1424 1091  991 1241 1179 1805 1215 1371 1266 1383 1357 1316 1712  889 1479    0 1029 1274 1047 1667 1807 1420 1306 1341 1380 1050 1306 1130 1490 1083 1352 1483 1474 1303 1304 1363 1353 1749 1577 1215 1257 1445 1404 1539 1115 1665 1575 1138 1197  908 1115 1541 1358 1134 1222 1424  908 1652 1381 1191 1137 1589 1258 1561 
 934 1040  538  899  870  632  846  418  648  978  833 1185  819  927  955  699  496  696  956  922  401 1046  575  727  494  666  849  664  437 1173  520  877  887 1006 1063  808  959  538  480  477  670 1249  848  913  803  776  831  743 1247  583  640 1029    0  857  601 1178  955  736  691  930 1082  607  653  651  834  920  818  890  928  650  971  735  881 1009 1096  684  753  969  929  958  483  967 1080  717  746  535  689  744  673  469  513  993  597 1000  756  845  547  985  833 1012 
1102 1420  841 1063 1581  859 1028  959 1183 1042 1090 1227 1048 1424 1234 1073  715 1130 1339  971  921 1419  680 1122  770  992  964  833  845 1298  903 1287 1030 1323 1394 1199  917  746  838  681  737 1530 1027 1097 1034 1142  923 1220 1167  974 1088 1274  857    0  914 1437 1381 1202 1059 1066 1282  850 1292  922 1046 1186 1072 1201 1040 1092 1140 1170 1035 1442 1212  914 1110 1532 1030 1269  764 1393 1254  953  951  840  919  957 1066  899  857  964  863 1425 1052 1084  747 1357 1283 1352 
 957  907  648  908 1240  452  733  511  854  867  821  949  612 1041 1120  783  579  732 1138  864  543 1126  660  942  490  838  675  591  444 1004  639  744  941  871 1007  719  780  649  525  401  570 1176  895  846  705  813  770  886  919  675  842 1047  601  914    0 1137 1151  840  767  708 1245  519  939  455  801  919  671  925  776  774  848  694  868  941 1108  809  920 1108  816 1006  468 1087 1178  884  889  498  639  897  850  444  667  737  544 1020  761  886  712  978  796  833 
1171 1755 1029 1188 1560  972 1359 1020 1326 1228 1226 1426 1492 1487 1587 1398 1095 1387 1538 1356 1140 1670  975 1608  866 1218 1224  993 1062 1503  886 1143 1463 1314 1708 1433 1343 1147  898 1047  956 1484 1406 1263 1182 1198 1612 1511 1292 1139 1330 1667 1178 1437 1137    0 1673 1369 1428 1423 1385  960 1265 1230 1238 1317 1332 1769 1338 1480 1455 1521 1394 1497 1669 1342 1247 1416 1243 1641  970 1639 1686 1454 1369 1041 1004 1323 1296 1101 1172 1302 1175 1547 1291 1311 1037 1576 1446 1788 
1306 1565 1188 1363 1739 1067 1433 1129 1333 1391 1281 1541 1469 1429 1650 1157 1199 1427 1498 1295 1202 1663  912 1276 1014 1358 1499 1115 1138 1564  924 1444 1344 1635 1605 1395 1130  979 1008 1008  929 1570 1303 1324 1203 1170 1306 1156 1561 1044 1240 1807  955 1381 1151 1673    0 1358 1514 1325 1574  978 1453 1111 1534 1238 1366 1511 1391 1451 1415 1257 1384 1555 1683 1284 1229 1632 1481 1764  870 1523 1627 1363 1269 1050 1128 1186 1266 1185  967 1486 1115 1733 1298 1386  874 1647 1272 1463 
1147 1208  816 1005 1471  825 1078  646 1022 1100 1090 1419 1200 1381 1323 1145  944 1036 1457 1131  868 1383  909 1191  871 1128 1098  637  704 1268  713  959 1055 1410 1219  945 1244  652  844  820  880 1337 1163 1194  928 1236  939  975 1291  834 1050 1420  736 1202  840 1369 1358    0 1105 1172 1346  840 1116  765 1178 1053 1258 1335 1150 1028 1097 1229 1171 1402 1341  992 1001 1401 1216 1188  861 1421 1247 1090 1103  893  773 1176 1172  785  933  912  919 1532 1142 1125  902 1250 1089 1332 
 985 1472  954 1227 1279  749  917  886 1196  976 1113 1189 1058 1399 1180  956  723 1082 1205 1085  743 1348  971  918  851  954  910  715  773 1322  759 1157 1026 1478 1190 1079 1050  841  753  908  727 1336 1062  987  973 1077 1228 1188 1367  762 1010 1306  691 1059  767 1428 1514 1105    0 1131 1447  883 1049  788 1221 1164 1219 1423 1024 1188 1121 1229 1119 1310 1434 1088 1089 1440 1169 1159  910 1344 1482 1119  996  836  746  996 1273  794  908 1047  730 1340 1065 1120  852 1188 1061 1363 
 960 1366  760 1269 1244  834 1091  732 1110 1280 1199 1331 1079 1249 1411 1052  882 1083 1517 1098  867 1340  797  990  925 1207 1074  802  872 1460  883 1103 1016 1330 1508  982  954  682  929  942  907 1321 1065 1066 1083  923 1049 1143 1335  820 1136 1341  930 1066  708 1423 1325 1172 1131    0 1535  778  982  798 1062 1183 1157 1366 1107 1044  899 1191 1171 1397 1363 1000 1167 1283 1110 1223  900 1421 1234 1057 1045  826  729 1055 1155  690  841  943  828 1297 1066 1165  784 1462  931 1265 
1255 1550  994 1228 1792  887 1254 1243 1364 1445 1326 1747 1318 1656 1685 1215 1008 1376 1624 1328 1183 1589  987 1301 1132 1483 1275 1217 1216 1577  815 1177 1213 1710 1799 1289 1288 1022 1106 1174 1103 1423 1481 1148 1460 1136 1493 1453 1635  905 1194 1380 1082 1282 1245 1385 1574 1346 1447 1535    0  906 1257 1049 1210 1256 1275 1593 1278 1275 1372 1250 1240 1343 1541 1320 1250 1569 1361 1516 1141 1694 1569 1425 1397 1217  906 1247 1063 1076 1001 1251 1025 1400 1341 1328 1082 1389 1296 1595 
 705 1067  422  840  918  652  952  448  760  729  834 1162  755  860 1006  803  673  835  994  732  488 1050  415  817  538  951  904  609  417 1046  531  739  863  996 1078  857  751  471  515  584  462 1106  793  670  968  655  868  894 1048  510  716 1050  607  850  519  960  978  840  883  778  906    0  745  418  897  777  865 1065  801  993  798  789  697  954 1185  920  835 1127  875 1096  533  943  892  950  892  541  425  741  890  406  451  920  565 1122  847  723  444 1213  706  842 
1268 1317  848 1004 1288  775 1153  836 1172 1035 1191 1427 1108 1445 1277  930  903 1068 1341 1238  734 1365  669 1114  836  933 1166  903  743 1438  717 1103 1129 1313 1285 1105 1050  868  793  753  910 1478 1016 1147 1106 1212 1090 1176 1252  929 1171 1306  653 1292  939 1265 1453 1116 1049  982 1257  745    0  965 1139 1086 1245 1405  992 1095 1187 1072 1022 1206 1217 1278 1141 1438 1060 1448  980 1368 1206 1208 1128  620  901  959 1166  821  970 1147  654 1275  988 1115  680 1158 1049 1234 
 741 1109  500  876 1104  473  772  605  729  628  843  933  957 1107 1065  743  509  674  984  798  428  895  661  893  536  679  684  630  431 1091  677  644  733 1155  951  831  770  492  477  430  394  910  750  796  705  740  885  973  995  428  688 1130  651  922  455 1230 1111  765  788  798 1049  418  965    0  786  782  740 1064  807  812  985  886  937 1196 1222  778  959  956  871 1040  597 1111  918  913  704  636  693  808  791  566  508  916  485 1034  962  890  392 1143  782 1115 
 993 1439  899 1209 1561  875 1051  776 1085 1236 1111 1144 1025 1528 1272 1118  799 1021 1418 1064  692 1285  775 1044  753  971 1252  908  897 1389  707 1109 1131 1276 1505  981  922  986  834  716  902 1343 1014 1133 1222 1201 1060 1121 1286  759  999 1490  834 1046  801 1238 1534 1178 1221 1062 1210  897 1139  786    0 1248 1062 1405 1034 1014 1036 1209 1035 1262 1198 1275 1110 1268 1170 1294  822 1455 1259 1015 1072  943  903 1184 1145  689  876 1119  931 1295 1025 1060  845 1194 1013 1362 
1184 1252  969 1254 1271  854 1035  726 1124  971 1079 1472 1090 1456 1350 1157  948 1128 1317 1022  716 1287  739 1182  715 1034 1233  843  814 1310  694  904 1043 1127 1162 1072  955  670  785  886  942 1309 1024 1263 1213 1229  881  942 1463  802 1127 1083  920 1186  919 1317 1238 1053 1164 1183 1256  777 1086  782 1248    0 1134 1337 1080 1010 1166 1149 1006 1245 1337 1146 1028 1472 1066 1415  870 1469 1160 1100 1162  917  859 1169 1046  775  763 1143  759 1509 1060 1195  663 1398 1247 1271 
1110 1292  882 1138 1350  880 1088  840 1199 1148  989 1284  923 1578 1146 1188  869 1119 1517  939  764 1295  924 1208  794  960  950  881  748 1375  925 1064  986 1493 1425  976 1055  884  915  872  927 1415 1194 1055 1165 1089  938  887 1260  717  919 1352  818 1072  671 1332 1366 1258 1219 1157 1275  865 1245  740 1062 1134    0 1326 1140 1219 1267  990  975 1411 1481 1005  961 1400 1050 1230  720 1415 1363 1137  963  946  763 1022 1197  630  777 1096  899 1302 1122  998  659 1227 1179 1213 
1174 1596 1021 1203 1399 1171 1253 1031 1505 1318 1468 1431 1371 1489 1334 1229  981 1303 1439 1267  989 1494 1050 1393 1186 1443 1271  928 1162 1534 1105 1341 1300 1630 1700 1252 1252 1124 1068 1041 1046 1601 1308 1426 1223 1496 1384 1274 1572 1082 1382 1483  890 1201  925 1769 1511 1335 1423 1366 1593 1065 1405 1064 1405 1337 1326    0 1277 1321 1368 1235 1314 1636 1640 1331 1186 1434 1289 1653 1052 1597 1659 1296 1233  949  914 1207 1243  910 1012 1349 1186 1651 1365 1470 1068 1537 1341 1703 
1052 1519  872 1155 1362  698 1028  744  999 1094 1014 1367 1009 1302 1537 1158  788 1001 1354  947  961 1131  762 1163  907 1184 1112  942  827 1298  878  978  924 1259 1251  997 1237  806  712  698  753 1441 1184 1233 1048 1015 1114 1136 1312  641 1148 1474  928 1040  776 1338 1391 1150 1024 1107 1278  801  992  807 1034 1080 1140 1277    0 1173 1244  994 1034 1268 1480  979 1051 1340 1061 1502  841 1227 1277 1214  996  680  802 1074 1126  858  835 1263  723 1320 1091  954  903 1386 1167 1344 
1019 1208  818 1220 1210  932  969  772 1193 1092 1066 1294 1136 1375 1403 1137  753 1149 1448 1098  648 1337  708 1120  798 1137 1190  709  879 1433  873  984 1096 1389 1474 1300 1151  807  922  964  942 1488  933 1050 1157 1020 1018 1177 1438  818 1039 1303  650 1092  774 1480 1451 1028 1188 1044 1275  993 1095  812 1014 1010 1219 1321 1173    0 1101  985 1014 1516 1508 1090 1090 1283 1238 1245  664 1306 1381 1110 1096  752  660 1146  991  722  881 1020  803 1436 1044 1017  716 1310  919 1274 
1059 1383  753  954 1313  816 1116  905 1109 1147  989 1485 1227 1341 1452  932  971 1138 1257 1189  757 1154  671 1022  856 1200 1189  698  947 1382  895 1073 1012 1357 1497 1075 1058  682  811  850  857 1281 1098 1139 1158 1108 1268 1064 1258  832 1140 1304  971 1140  848 1455 1415 1097 1121  899 1372  798 1187  985 1036 1166 1267 1368 1244 1101    0 1173 1102 1443 1432 1193  970 1431 1120 1406  950 1342 1351  997  987  843  756 1144 1049  933  754 1212  787 1271 1165 1068  911 1492 1187 1178 
1132 1314  792 1081 1564  852 1214  733 1040 1098 1139 1427 1182 1406 1592 1172  702 1159 1292 1253  799 1209  750  960  786 1016  984  863  690 1339  676 1204 1029 1273 1364 1243 1277  819  777  791  952 1396 1006 1087 1137  958  960  965 1365  810 1081 1363  735 1170  694 1521 1257 1229 1229 1191 1250  789 1072  886 1209 1149  990 1235  994  985 1173    0  944 1404 1352 1132 1179 1096 1202 1429  823 1422 1546 1219 1041  779  657 1039 1175  836  886 1170  907 1469 1092 1064  722 1325 1185 1251 
 877 1367  764 1006 1388  981 1057  859  989 1157 1110 1344 1233 1364 1261  965  771 1139 1296 1177  777 1360  797 1230  740  998  921  694  882 1449  733 1203  964 1254 1410 1086  926  770  814  734  859 1389 1151 1039 1145 1058 1069 1017 1310  656  966 1353  881 1035  868 1394 1384 1171 1119 1171 1240  697 1022  937 1035 1006  975 1314 1034 1014 1102  944    0 1352 1463 1122 1140 1360 1031 1430  859 1155 1521 1134 1238  859  854 1126  953  926  942 1018  630 1276 1152 1195  939 1280 1079 1276 
1317 1578 1032 1316 1724  853 1413  946 1395 1337 1343 1645 1201 1596 1439 1454 1232 1207 1593 1152  984 1668 1022 1379 1082 1407 1201 1092  986 1487 1308 1376 1462 1549 1717 1416 1513  965 1050 1230 1035 1533 1334 1430 1265 1471 1330 1374 1747 1180 1345 1749 1009 1442  941 1497 1555 1402 1310 1397 1343  954 1206 1196 1262 1245 1411 1636 1268 1516 1443 1404 1352    0 1383 1227 1405 1519 1267 1487 1004 1374 1537 1119 1180  961 1033 1288 1348  989  987 1402 1182 1587 1347 1383  993 1868 1304 1763 
1353 1711 1075 1137 1573 1145 1364 1137 1445 1360 1357 1520 1317 1577 1535 1289  899 1377 1679 1439 1023 1590 1021 1405 1217 1521 1386 1008 1121 1494 1179 1421 1320 1521 1425 1366 1211 1003 1087 1069 1114 1700 1506 1486 1411 1173 1206 1203 1747 1192 1358 1577 1096 1212 1108 1669 1683 1341 1434 1363 1541 1185 1217 1222 1198 1337 1481 1640 1480 1508 1432 1352 1463 1383    0 1258 1523 1651 1440 1463  930 1428 1426 1232 1159 1062 1252 1292 1270  926 1110 1513  955 1509 1218 1314 1136 1667 1251 1468 
 939 1418  833 1122 1376  825 1109  691 1004 1001 1149 1197  960 1489 1497 1001  766 1004 1337 1054  737 1159  716 1141  707 1048 1085  775  972 1343  915 1107 1040 1223 1281 1009 1091  733  962  803  810 1264 1179 1158 1221 1016  950 1053 1376  738 1108 1215  684  914  809 1342 1284  992 1088 1000 1320  920 1278  778 1275 1146 1005 1331  979 1090 1193 1132 1122 1227 1258    0 1050 1436 1182 1146  797 1504 1371 1104 1027  874  735 1155  961  715  704  929  769 1276  934 1205  858 1261  979 1362 
1021 1366  928 1244 1394  918  966  784 1131 1140 1219 1459 1128 1285 1241  962  720 1106 1179 1079  833 1271  915 1120  940 1156 1086  799  909 1315  758 1242 1009 1176 1410 1057 1007  722  754  753  902 1511 1061 1071  992 1088 1158  880 1381  776  932 1257  753 1110  920 1247 1229 1001 1089 1167 1250  835 1141  959 1110 1028  961 1186 1051 1090  970 1179 1140 1405 1523 1050    0 1364 1160 1281  992 1483 1420 1160 1035  740  867 1163  968  805  884  992  793 1300 1106 1161  762 1333 1032 1385 
1355 1388 1195 1227 1469  897 1223  995 1334 1234 1329 1712 1319 1458 1488 1193 1176 1205 1644 1222 1012 1584 1181 1354 1015 1451 1316  928  930 1745  936 1314 1335 1660 1776 1390 1367  976  899 1163 1212 1383 1276 1317 1463 1479 1453 1397 1407  999 1286 1445  969 1532 1108 1416 1632 1401 1440 1283 1569 1127 1438  956 1268 1472 1400 1434 1340 1283 1431 1096 1360 1519 1651 1436 1364    0 1480 1481 1213 1578 1789 1536 1218 1218  949 1302 1516 1085  976 1455 1120 1453 1328 1188 1067 1444 1345 1690 
1057 1259  890 1153 1405  861 1008  888  992  997 1003 1349  997 1150 1288 1203  819 1180 1302  921  809 1532  858 1006  908 1114 1271  916  873 1242  664 1075 1168 1527 1222  894 1092  923  826  913  738 1560  944 1072 1017  976 1090  966 1374  803 1093 1404  929 1030  816 1243 1481 1216 1169 1110 1361  875 1060  871 1170 1066 1050 1289 1061 1238 1120 1202 1031 1267 1440 1182 1160 1480    0 1275  776 1423 1301 1032 1092  833  799 1225 1086  762  855 1254  861 1385 1122 1224  789 1340 1236 1183 
