100 4 16 1333

   0 1219  928 1471 1668 1532 1499 1062 1353 1221 1489 1396 1309 1053 1633 1095 1259 1320 1295 1319 1231 1295 1756 1250 1590 1333 1063  936 1712 1290 1057 1498 1243 1788 1292 1424 1161 1135 1678 1374 1632 1174 1357 1023 1689  980 1678 1449  985 1341 1398  853  930 1749 1459 1830 1407 1322 1287 1012 1279 1008 1459 1104 1477 1719 1061 1369 1241 1435 1502 1208 1044 1176  924 1673  964 1366 1316 1475 1485 1444  951 1744 1462 1021 1081 1161  886 1297 1038 1551 1187  966 1059 1108  900 1226 1223 1290 
1219    0  921  993 1408 1377 1412  694  973 1235  986  960 1022  655 1222  648 1191 1165 1078  897 1026 1061 1403 1197 1313  997  991  838 1204 1034  852 1182  866 1417 1186  969 1089  997 1396 1212 1332  858  923  746 1456  759 1244  930  805 1250 1093  875  795 1373 1277 1428 1153 1165 1217  800 1048  669 1056  699 1225 1313  810  945  879 1026 1017  620  789  980  968 1328  837 1176 1111 1301 1038 1151  801 1204 1163  687  665  730  964 1196  875 1046 1254  745  814  754  780 1039  987 1049 
 928  921    0  758 1105  893  909  450  845  823  857  748  820  614  913  627  834  881  831  416  897  883 1099  966 1003  861  623  604 1015  738  484 1146  476  951  912  951  951  588 1072  914 1119  452  693  617 1044  625 1183  933  582  728  832  534  536  996  944  956  830  968  912  589  808  491  910  486 1205  990  615  908  462  769  643  512  427  483  579  940  392  667  951  906  805  722  506 1075  752  458  438  541  577  692  570  882  852  552  462  560  700  906  784  901 
1471  993  758    0 1469 1234 1406  890  994 1209 1132 1064 1154  821 1438  816 1071 1095  986  762 1082  936 1283 1181 1329 1200  913  878 1407 1210  812 1470  826 1163 1079 1235 1281  709 1314 1016 1338  722  964  717 1362  918 1317  973  973 1138 1163  799  940 1344 1333 1514 1169 1077 1115  947 1141  876 1194  921 1413 1163  789 1158  711 1199  980  762  818  921  956 1316  727 1187 1050 1371 1167 1085  910 1287 1065  904  912  784  813 1238  843 1147 1269  798  867  749  981 1124 1032 1060 
1668 1408 1105 1469    0 1736 1584 1054 1521 1307 1461 1401 1381  960 1786 1141 1203 1195 1294 1072 1322 1375 1527 1196 1744 1496  903 1105 1680 1409  876 1706  999 1565 1331 1238 1327 1111 1482 1255 1385 1228 1148 1074 1653 1134 1672 1330 1142 1142 1440 1033  985 1688 1464 1569 1372 1268 1527 1053 1312  924 1470  845 1699 1534 1068 1313 1141 1298 1350 1017 1110 1062 1120 1524 1105 1329 1246 1576 1356 1346 1149 1465 1224 1025 1116 1149  963 1226 1051 1440 1347 1215  991 1130 1124 1265 1311 1410 
1532 1377  893 1234 1736    0 1647  934 1389 1293 1334 1196 1435 1098 1736 1217 1190 1122 1288 1100 1365 1346 1527 1213 1447 1303 1081 1004 1638 1401  879 1627 1176 1428 1443 1309 1405 1114 1615 1218 1719 1196 1245 1171 1570  943 1357 1233  851 1503 1159 1136 1033 1667 1416 1608 1472 1260 1358  971 1289  979 1270  865 1531 1573  912 1331  898 1284 1441 1077 1135 1182 1059 1503 1066 1228 1312 1593 1238 1335 1115 1592 1337  950 1107 1088 1009 1346 1189 1246 1300 1072  966 1201 1009 1391 1246 1285 
1499 1412  909 1406 1584 1647    0 1248 1317 1146 1214 1530 1304 1138 1474 1169 1302 1438 1232 1003 1197 1501 1503 1239 1809 1202 1206 1094 1750 1261  857 1539  906 1494 1208 1126 1269 1064 1728 1307 1753  857 1364  908 1475  899 1525 1208 1178 1304 1340 1194 1198 1398 1680 1593 1220 1223 1257  845 1292 1170 1429 1171 1603 1599  978 1446 1143 1220 1322 1261 1095 1087 1291 1489 1082 1508 1308 1717 1291 1278 1047 1728 1283  983 1088 1073 1112 1178  999 1463 1342 1056 1118 1162  917 1304 1212 1347 
1062  694  450  890 1054  934 1248    0  828  929  734  947  746  453  982  419  775  808  696  663  792 1001  978  752 1223  790  655  624 1066  712  464 1198  572 1020  732  736  705  654 1050  756 1110  660  836  554 1008  676  844  817  505  748  875  387  494 1230 1179  991  779  797  823  435  810  595  864  614 1147 1030  540  945  529  894  744  632  599  609  422 1044  648  735  753 1188  712  883  429  935  723  648  619  441  565  847  402  746  916  491  428  595  512  771  787  871 
1353  973  845  994 1521 1389 1317  828    0 1148 1157  994 1141  704 1157  791 1012 1073 1078  914 1157  966 1390 1132 1266 1127  866  930 1205 1075  924 1274  839 1369 1141  949 1082  832 1304 1179 1301  964  880  781 1441  738 1228 1202  926  936 1213  858  849 1493 1444 1430 1097 1151 1152  725  958  826 1083  973 1360 1262  891 1184  835  944 1128  902  823  924  636 1285  795 1067  973 1238 1006 1148  843 1177 1178  809  844  890  677  979  913 1193  997  885  851  824  840 1243  990  994 
1221 1235  823 1209 1307 1293 1146  929 1148    0 1078 1157 1172  740 1433  667 1148 1197 1216  923  989 1205 1183 1269 1181 1017  978  657 1562  909  934 1172  703 1242 1074  929  997  849 1459 1081 1385  770 1056  681 1461  831 1201 1184  711  983 1293  847  884 1251 1179 1382 1152  975 1156  756 1192  964 1117  965 1340 1466  937 1148  707 1019 1024  667  720  980  830 1183  819 1044 1001 1356 1158 1171  848 1271 1039  836  724  703  738 1032  777 1203 1074  894  796  866  634 1195 1154 1105 
1489  986  857 1132 1461 1334 1214  734 1157 1078    0 1040 1113  661 1177  694 1050  955 1209  919 1078  988 1418 1081 1207 1121  814  837 1419 1082  647 1392  885 1469 1120 1219 1131  718 1354 1031 1393  711 1053  709 1402  836 1427  991  906  924 1106  821  859 1475 1379 1320 1101 1176 1053  861 1099  829 1164  757 1457 1400  766 1041  821 1291 1114  830  975  684  794 1488  828 1059 1301 1617 1115  906  759 1274 1071  817  680  794  818 1240  733  929 1144  957  724  819  824 1079 1090 1061 
1396  960  748 1064 1401 1196 1530  947  994 1157 1040    0  971  700 1244  845 1148 1053 1275  763 1139 1197 1223 1226 1348  954  834  908 1230  970  736 1322  768 1211 1087 1017 1180  856 1252 1083 1399  822 1214  944 1476  721 1241 1138  962 1268 1013  939  855 1397 1472 1166 1051 1259  890  684 1145  826 1041  738 1302 1289  694 1149  874 1194 1185  797  816  777  716 1183  819 1126 1013 1495 1005  903  835 1231  985  896  710  803  733  940  653  947 1105  813  869  974  960  985  922 1101 
1309 1022  820 1154 1381 1435 1304  746 1141 1172 1113  971    0  824 1405  991 1162  961 1107  930 1165  972 1335 1069 1369  924  727  779 1271  898  871 1321  635 1434 1192 1032 1083  861 1329 1186 1393  899 1015  804 1471  784 1388 1177  849 1090  922  692  909 1230 1240 1428 1048  928  984  801 1058  714 1002  950 1414 1346  760 1002  872 1031 1147  956  716  888  767 1460  896  992 1093 1290 1072 1208  811 1538  976  989  808  824  787 1051  960 1071 1179  980  750  729  803 1131 1073 1153 
1053  655  614  821  960 1098 1138  453  704  740  661  700  824    0 1207  482  806  703  920  590  702  685 1163  886 1028  630  626  415  845  852  596 1130  428 1234  911  843  731  402 1094  684 1172  417  761  465 1063  482 1087  786  675  875  720  629  461  958 1069  960  724  703  803  577  983  613  835  604 1261 1050  660  895  515  759  901  678  524  439  476 1053  594  775  693 1120  846  894  703 1179  799  617  649  544  468  749  571  946  816  450  448  499  616  853  698  734 
1633 1222  913 1438 1786 1736 1474  982 1157 1433 1177 1244 1405 1207    0 1101 1253 1424 1393 1088 1452 1328 1714 1264 1584 1450 1036  960 1623 1433 1058 1687 1086 1479 1296 1437 1227 1095 1689 1242 1665  961 1422  873 1727  897 1557 1316  848 1199 1365 1037 1167 1692 1577 1480 1401 1377 1433 1037 1129 1158 1476 1132 1687 1732  961 1391 1178 1177 1561 1076 1191  916 1028 1704 1032 1193 1443 1692 1352 1207 1016 1614 1330 1230  885  985 1104 1531 1124 1356 1239 1077 1075 1258 1267 1397 1425 1249 
1095  648  627  816 1141 1217 1169  419  791  667  694  845  991  482 1101    0  841  919  876  488  788  729 1024  880 1004  878  385  555  956  725  524  966  605 1016  737  692  660  409 1121  725 1119  528  656  522  963  404 1079  752  501  899  731  447  655 1229 1145 1044  917  768  719  697  820  440  668  657 1032 1020  534  865  633  836  905  646  436  621  486  928  489  688  719 1145  859  727  577 1262  902  533  673  631  514  913  619  933  813  581  467  436  479  738  717  732 
1259 1191  834 1071 1203 1190 1302  775 1012 1148 1050 1148 1162  806 1253  841    0 1165 1039  806  956 1165 1370  972 1277 1174  922  956 1347 1018  895 1320  762 1318 1194  972 1218  672 1485 1147 1246  912 1091  734 1317  857 1137 1007  901 1290 1128  802  734 1201 1284 1343  946 1051 1281  783  942  663 1117  820 1266 1472  989 1107  654  960 1218  905  921  851  686 1352  897  959 1213 1197 1138  988  918 1536 1041  754  874  903  955  912  746 1099 1086  682  658  859  803 1202 1039 1125 
1320 1165  881 1095 1195 1122 1438  808 1073 1197  955 1053  961  703 1424  919 1165    0  970  766  968 1309 1310 1164 1235 1124  936  681 1308 1096  889 1202  874 1313 1056  995 1212  771 1259 1169 1140  918 1118  891 1305  997 1357 1143  739 1209 1092  806  909 1322 1495 1224  993 1066 1159  744 1091  673 1021  883 1240 1386  732  989  725  952 1083  905  810  891  691 1278  821 1168 1064 1345 1151 1160  781 1252 1154  943  752  793  880 1037  872 1119 1105  801  639  748  776 1034 1088 1181 
1295 1078  831  986 1294 1288 1232  696 1078 1216 1209 1275 1107  920 1393  876 1039  970    0  618 1171 1150 1365 1165 1214 1214  687  836 1324 1134  917 1491  745 1414 1158  992 1067  857 1360 1256 1515  989  964  925 1359  711 1294 1161  692 1151 1030  951  730 1329 1379 1317 1110  990 1091  728  984  807 1083  968 1286 1223  776  997  850 1225 1209  865  674  947  825 1322  797 1135 1158 1122 1124 1144  781 1434 1070  698  636  824  788  902  915 1242 1055  782  664  699  866  982 1017 1046 
1319  897  416  762 1072 1100 1003  663  914  923  919  763  930  590 1088  488  806  766  618    0  994  770 1073  917 1105  932  613  637 1015  991  422 1066  543 1133  708  901  807  561  917  648 1032  555  681  602  945  441 1104 1007  486  868  895  494  604  910 1017 1065  779  934  769  583  708  496  868  422  965  990  562  802  558  719  682  448  529  620  511 1017  519  814  907 1071  894  758  440 1183  839  560  502  644  492  824  584  724  861  493  559  680  552  867  838  853 
1231 1026  897 1082 1322 1365 1197  792 1157  989 1078 1139 1165  702 1452  788  956  968 1171  994    0 1048 1354 1033 1410  988  726  726 1373 1216  805 1143  904 1303  984 1279 1118  806 1279 1252 1126  727 1246  778 1303  733 1123 1125  827 1041 1094  672  783 1292 1378 1119  989 1083 1087  677 1073  918  974  773 1479 1185  726  978  674 1237 1051  783  851  849  837 1317  780 1012 1082 1535 1003  928  835 1355 1207  976  883  947  790 1175  720 1161  998  689  843  805  785 1053  971 1291 
1295 1061  883  936 1375 1346 1501 1001  966 1205  988 1197  972  685 1328  729 1165 1309 1150  770 1048    0 1396 1170 1254  959  823  905 1295 1262  705 1330  803 1229 1020 1170 1029  724 1414 1113 1458  742  987  860 1248  762 1395  982  866 1117  997  864  723 1453 1221 1319 1221 1006 1026  796 1059  691 1132  904 1446 1386  740 1158  882 1215 1136  872  690 1003  639 1319  809 1116 1106 1300 1059 1048  710 1237 1179  875  877  808  761 1186  891 1147 1071  758  886  907  790 1224 1105 1165 
1756 1403 1099 1283 1527 1527 1503  978 1390 1183 1418 1223 1335 1163 1714 1024 1370 1310 1365 1073 1354 1396    0 1517 1459 1392 1006  950 1446 1257 1059 1800 1026 1659 1430 1215 1268 1003 1531 1400 1631  916 1315 1120 1379 1066 1691 1179  863 1360 1399 1106 1067 1602 1560 1381 1442 1486 1247 1151 1512  979 1431 1114 1505 1625 1046 1385 1072 1255 1287 1059 1197 1005 1037 1629 1009 1434 1305 1662 1334 1439  940 1490 1381 1188  984  984  974 1495 1121 1395 1513 1122 1108 1124 1158 1272 1325 1192 
1250 1197  966 1181 1196 1213 1239  752 1132 1269 1081 1226 1069  886 1264  880  972 1164 1165  917 1033 1170 1517    0 1280 1178  917  835 1287  942  841 1257  701 1177 1098 1042 1047  945 1188 1136 1425  729 1225  885 1379  690 1258 1108  743 1113  919  686  863 1211 1524 1386 1001 1064 1097  831 1034  931 1089  658 1329 1171  707 1111  836 1051 1227  754  899  749  849 1470  843 1143 1135 1192  995  991  762 1461 1196  791  855  807  712  980  761 1020  999  776  684  876  916 1134 1176 1269 
1590 1313 1003 1329 1744 1447 1809 1223 1266 1181 1207 1348 1369 1028 1584 1004 1277 1235 1214 1105 1410 1254 1459 1280    0 1209 1060 1151 1450 1315 1043 1592  893 1596 1556 1279 1299 1132 1374 1393 1742 1114 1319 1252 1700 1039 1610 1160  875 1358 1315  925 1126 1751 1422 1618 1260 1480 1541 1264 1274  953 1255 1087 1425 1516 1050 1374 1043 1375 1214 1018 1058 1039 1202 1595 1049 1147 1388 1523 1481 1386  963 1389 1409 1099 1170 1093 1004 1420 1096 1273 1207 1129 1066 1103 1147 1413 1286 1234 
1333  997  861 1200 1496 1303 1202  790 1127 1017 1121  954  924  630 1450  878 1174 1124 1214  932  988  959 1392 1178 1209    0  858  764 1285 1011  808 1417  848 1387  983 1052 1043  915 1399 1118 1111  859 1104  675 1266  786 1172 1114  921 1097  996  691  884 1406 1206 1435 1033 1126 1257  798 1245  706 1181  949 1133 1348  874 1296  858 1188 1239  728  883  744  743 1451  701 1007 1098 1239 1087 1252  821 1544 1184  777  817  976  746 1175  810 1018 1072  889 1003  688  609  934 1091 1058 
1063  991  623  913  903 1081 1206  655  866  978  814  834  727  626 1036  385  922  936  687  613  726  823 1006  917 1060  858    0  605 1209  786  438 1095  478 1239  672  678  652  469 1138  845 1203  533  773  617 1068  565  943  717  479  736  712  640  433 1052  848 1237  746  859  904  672  745  541  843  436 1172 1212  542  690  482  690  853  538  577  679  449 1070  635  846  657 1125  852  761  596 1190  818  550  422  418  446  929  438  801  745  465  707  398  425  841  914  907 
 936  838  604  878 1105 1004 1094  624  930  657  837  908  779  415  960  555  956  681  836  637  726  905  950  835 1151  764  605    0 1179  956  591  970  574 1129  798  912  893  535 1040  848 1192  445  913  482 1154  464 1128  728  480  748  789  605  421 1109  914  921  917  885  827  690  710  564  670  486 1062 1239  429  715  549  891  707  608  474  456  599 1237  629  671  850 1025  803  913  473  948  702  475  427  489  438  795  553  879  742  635  487  555  408  703  702  870 
1712 1204 1015 1407 1680 1638 1750 1066 1205 1562 1419 1230 1271  845 1623  956 1347 1308 1324 1015 1373 1295 1446 1287 1450 1285 1209 1179    0 1389 1257 1827  951 1662 1437 1393 1444  958 1697 1270 1610 1087 1294 1151 1472 1005 1572 1366  992 1311 1254 1288  985 1457 1596 1600 1301 1412 1392 1101 1246 1125 1335 1290 1595 1505  971 1336  848 1492 1169 1095 1010  959 1059 1484 1214 1404 1314 1678 1183 1483 1241 1521 1149 1235 1108 1165 1033 1355 1056 1510 1296  959 1069 1006  977 1314 1207 1439 
1290 1034  738 1210 1409 1401 1261  712 1075  909 1082  970  898  852 1433  725 1018 1096 1134  991 1216 1262 1257  942 1315 1011  786  956 1389    0  993 1492  823 1270 1186 1268  959  921 1240  988 1380  719  980  941 1334  951 1317 1000  802  997 1080  976  962 1334 1161 1414  908 1240  918  856 1087  933 1132  899 1453 1278  703 1166  847  989 1097  678  973  896  940 1148  700 1252 1127 1380 1116 1108  882 1265  993  828  697  673  656 1080  869 1248 1113  675  636  899  776 1007 1064 1125 
1057  852  484  812  876  879  857  464  924  934  647  736  871  596 1058  524  895  889  917  422  805  705 1059  841 1043  808  438  591 1257  993    0  924  467  977  806  728  750  622 1100  890 1035  646  612  662 1161  405 1247  828  577  897  788  626  554 1106 1149 1102  859  700  730  419  972  414  851  437 1142 1122  709  949  587  734  902  539  683  650  610 1095  480  742  747 1081  862  923  575 1096  963  521  608  569  568  695  633  748  883  482  671  508  396  823  722  808 
1498 1182 1146 1470 1706 1627 1539 1198 1274 1172 1392 1322 1321 1130 1687  966 1320 1202 1491 1066 1143 1330 1800 1257 1592 1417 1095  970 1827 1492  924    0  998 1597 1502 1206 1334 1090 1666 1424 1470 1036 1331 1176 1614 1167 1645 1419 1010 1358 1337 1252 1163 1569 1423 1414 1209 1555 1239 1150 1530  967 1378 1238 1560 1606 1063 1431 1200 1291 1309 1080 1127  940 1039 1555 1077 1303 1541 1701 1341 1123 1007 1571 1380  975 1191 1041 1075 1438 1290 1521 1393 1038 1140 1282 1152 1336 1412 1394 
1243  866  476  826  999 1176  906  572  839  703  885  768  635  428 1086  605  762  874  745  543  904  803 1026  701  893  848  478  574  951  823  467  998    0 1013  836  694  902  617 1075  715  933  559  824  408  902  578 1070  722  567  965  986  676  426 1116  974 1002  692  910  857  445  746  409  919  549 1090 1101  663  863  561  758  961  564  526  600  579 1112  457  784  727 1243  704  924  480 1005  976  630  462  379  648  726  477  720  734  487  418  428  450  825  819  698 
1788 1417  951 1163 1565 1428 1494 1020 1369 1242 1469 1211 1434 1234 1479 1016 1318 1313 1414 1133 1303 1229 1659 1177 1596 1387 1239 1129 1662 1270  977 1597 1013    0 1189 1328 1360  901 1641 1507 1540 1241 1132 1303 1435 1122 1605 1337 1129 1223 1191  934 1046 1433 1520 1412 1346 1310 1270  974 1210 1060 1376  895 1572 1618  852 1154 1234 1419 1439 1119 1240  949  945 1570 1204 1459 1458 1539 1147 1204  922 1740 1226 1017  875  955  971 1438 1027 1145 1250 1256 1158  948 1091 1371 1348 1349 
1292 1186  912 1079 1331 1443 1208  732 1141 1074 1120 1087 1192  911 1296  737 1194 1056 1158  708  984 1020 1430 1098 1556  983  672  798 1437 1186  806 1502  836 1189    0 1136 1021  751 1379 1037 1327  865 1061  690 1491  811 1364 1006  806  944 1111  769  742 1302 1211 1223 1015 1139 1204  942 1064  677 1118  784 1474 1321  735 1104  870  899 1245  628  653  756  895 1299  906 1141 1127 1293 1051  945  838 1297 1005  869  841  712  784 1010  798 1188 1215  731  756  885  916  943 1121  990 
1424  969  951 1235 1238 1309 1126  736  949  929 1219 1017 1032  843 1437  692  972  995  992  901 1279 1170 1215 1042 1279 1052  678  912 1393 1268  728 1206  694 1328 1136    0 1056  868 1528 1248 1205  899 1059  822 1389  862 1414 1208  701 1155 1063  878  804 1165 1370 1455 1118 1254 1230  674 1058  749 1036  742 1474 1267 1007 1169  755 1033 1121  751  811  825  695 1231  881 1202  982 1372 1178 1158  846 1274 1038  672  987  912  929 1043  826  925 1080  738  881  996  731 1155 1153 1064 
1161 1089  951 1281 1327 1405 1269  705 1082  997 1131 1180 1083  731 1227  660 1218 1212 1067  807 1118 1029 1268 1047 1299 1043  652  893 1444  959  750 1334  902 1360 1021 1056    0  963 1241 1106 1335  703 1047  911 1323  896 1157 1205  883 1124 1180  780  802 1435 1183 1289 1224 1208 1015  806 1083  634 1026  873 1323 1266  878 1053  771 1163 1037  955  915  932  702 1182  799 1171 1221 1493  978 1051  741 1106 1061  728  788  773  884 1154  845 1262 1153  853  835  913  871 1204 1130 1187 
1135  997  588  709 1111 1114 1064  654  832  849  718  856  861  402 1095  409  672  771  857  561  806  724 1003  945 1132  915  469  535  958  921  622 1090  617  901  751  868  963    0 1005  897  980  636  919  470 1103  704 1002  832  576  950  682  438  423  892 1215 1047  787  863  673  419  749  539  769  648  900 1075  659  801  482  829  960  443  493  565  643 1050  453  851  757 1229  843  787  385 1203  659  396  430  615  470  720  551  711  828  444  529  576  500  843  849  917 
1678 1396 1072 1314 1482 1615 1728 1050 1304 1459 1354 1252 1329 1094 1689 1121 1485 1259 1360  917 1279 1414 1531 1188 1374 1399 1138 1040 1697 1240 1100 1666 1075 1641 1379 1528 1241 1005    0 1388 1652  996 1331  985 1361 1062 1673 1246 1037 1549 1377 1191  980 1768 1453 1417 1280 1333 1455 1250 1314 1040 1267  878 1529 1691  879 1259  903 1524 1281 1142 1076 1052  957 1432  970 1432 1235 1583 1373 1424 1219 1595 1347  994 1153 1117 1071 1493 1118 1440 1477 1083 1082  972 1145 1239 1347 1458 
1374 1212  914 1016 1255 1218 1307  756 1179 1081 1031 1083 1186  684 1242  725 1147 1169 1256  648 1252 1113 1400 1136 1393 1118  845  848 1270  988  890 1424  715 1507 1037 1248 1106  897 1388    0 1374  864 1001  870 1540  770 1471  963  886 1040 1121  839  872 1284 1530 1166  938 1137 1106  931 1118  674 1114  780 1441 1325  762 1126  696  957 1167  842  762  887  915 1273  711  970 1159 1284 1007 1020  771 1320 1195  928  684  862  847 1214  649 1101  968  913  741  884  690 1157 1213 1095 
1632 1332 1119 1338 1385 1719 1753 1110 1301 1385 1393 1399 1393 1172 1665 1119 1246 1140 1515 1032 1126 1458 1631 1425 1742 1111 1203 1192 1610 1380 1035 1470  933 1540 1327 1205 1335  980 1652 1374    0 1131 1169 1057 1747 1131 1704 1402  952 1445 1073 1183 1109 1457 1430 1403 1361 1378 1159  903 1286 1042 1340 1180 1420 1633  906 1217  973 1433 1198 1135  906 1128  988 1408 1128 1502 1422 1613 1267 1256  908 1717 1413  940 1137  936  931 1367 1138 1207 1259 1198 1182 1038 1012 1203 1275 1222 
1174  858  452  722 1228 1196  857  660  964  770  711  822  899  417  961  528  912  918  989  555  727  742  916  729 1114  859  533  445 1087  719  646 1036  559 1241  865  899  703  636  996  864 1131    0  902  676 1091  672  989  841  623  932  914  491  621  941 1077 1018  880  842  897  453  913  654  905  452 1035  967  647  773  553  664  869  464  444  622  418 1086  497  801  737 1115  813  882  590  873  689  463  431  521  586  840  661  890  924  595  591  438  637  703  871  870 
1357  923  693  964 1148 1245 1364  836  880 1056 1053 1214 1015  761 1422  656 1091 1118  964  681 1246  987 1315 1225 1319 1104  773  913 1294  980  612 1331  824 1132 1061 1059 1047  919 1331 1001 1169  902    0  943 1237  902 1311 1200  694 1267  985  812  741 1202 1538 1390 1148 1086 1256  797 1047  907 1037  984 1150 1447  813 1154  753 1005 1183  948  791  776  761 1231  634 1188 1270 1243  966 1191  953 1339 1155  900  724  722  918  967  817 1256 1194  928  817  817  989 1045 1204 1008 
1023  746  617  717 1074 1171  908  554  781  681  709  944  804  465  873  522  734  891  925  602  778  860 1120  885 1252  675  617  482 1151  941  662 1176  408 1303  690  822  911  470  985  870 1057  676  943    0 1198  542 1136  915  480  876  838  595  581 1106 1046 1109  780  645  607  442  814  656  700  509 1221 1090  393  757  495  864  868  544  403  449  404 1139  572  743  701 1029  950  928  473 1173  856  414  560  546  509  721  561  954  905  510  613  565  437  861  955  746 
1689 1456 1044 1362 1653 1570 1475 1008 1441 1461 1402 1476 1471 1063 1727  963 1317 1305 1359  945 1303 1248 1379 1379 1700 1266 1068 1154 1472 1334 1161 1614  902 1435 1491 1389 1323 1103 1361 1540 1747 1091 1237 1198    0 1142 1660 1325 1106 1205 1300  935  945 1756 1471 1552 1366 1423 1157 1133 1312 1259 1457 1182 1563 1592 1039 1187 1143 1426 1386 1177 1113  972 1102 1521 1061 1411 1420 1460 1330 1303  981 1620 1455 1246 1137 1058  994 1408 1058 1578 1370 1270 1086  901 1208 1221 1304 1510 
 980  759  625  918 1134  943  899  676  738  831  836  721  784  482  897  404  857  997  711  441  733  762 1066  690 1039  786  565  464 1005  951  405 1167  578 1122  811  862  896  704 1062  770 1131  672  902  542 1142    0 1146  709  524  814  718  471  458 1063 1098 1044  934  732  710  530  714  442  732  451 1109  954  660  892  570  796  920  522  525  469  680 1188  564  864  909 1121  762  898  590 1104  760  375  616  555  451  639  619  847  884  634  357  498  520  866  722  700 
1678 1244 1183 1317 1672 1357 1525  844 1228 1201 1427 1241 1388 1087 1557 1079 1137 1357 1294 1104 1123 1395 1691 1258 1610 1172  943 1128 1572 1317 1247 1645 1070 1605 1364 1414 1157 1002 1673 1471 1704  989 1311 1136 1660 1146    0 1219 1073 1162 1347 1064  982 1540 1660 1453 1160 1445 1541  959 1334 1001 1414  924 1760 1699  975 1348 1066 1272 1277  927 1063 1077 1063 1552 1132 1267 1376 1422 1382 1352 1150 1558 1379  837 1110 1156 1194 1268 1199 1390 1390 1189  858 1127  991 1225 1319 1237 
1449  930  933  973 1330 1233 1208  817 1202 1184  991 1138 1177  786 1316  752 1007 1143 1161 1007 1125  982 1179 1108 1160 1114  717  728 1366 1000  828 1419  722 1337 1006 1208 1205  832 1246  963 1402  841 1200  915 1325  709 1219    0  652 1160  950  711  860 1407 1363 1387 1010 1018 1001  655 1104  957  978  785 1208 1262  821  921  834 1108 1014  748  834  850  853 1333  665 1059 1070 1137 1250 1205  791 1380  930  754  867  746  981 1064  734 1236 1174  838  676  712  930 1125  963 1215 
 985  805  582  973 1142  851 1178  505  926  711  906  962  849  675  848  501  901  739  692  486  827  866  863  743  875  921  479  480  992  802  577 1010  567 1129  806  701  883  576 1037  886  952  623  694  480 1106  524 1073  652    0  922  674  619  701  955 1141 1114  871  702  780  634  749  550  788  555 1101 1048  563  918  394  751  893  628  462  445  548 1250  646  869  676 1218  911  836  471 1106  804  488  375  429  472  957  603  846  800  640  672  593  467  922  740  756 
1341 1250  728 1138 1142 1503 1304  748  936  983  924 1268 1090  875 1199  899 1290 1209 1151  868 1041 1117 1360 1113 1358 1097  736  748 1311  997  897 1358  965 1223  944 1155 1124  950 1549 1040 1445  932 1267  876 1205  814 1162 1160  922    0 1075  810  883 1234 1299 1342  959 1059  924  903 1190  667 1076  759 1506 1195  823 1107  877 1157 1129  886  896  662  799 1332  697 1234 1213 1122 1062 1224  897 1315 1174  859  747  668  688 1052  935 1189 1045  833  723  731  976 1099 1059 1181 
1398 1093  832 1163 1440 1159 1340  875 1213 1293 1106 1013  922  720 1365  731 1128 1092 1030  895 1094  997 1399  919 1315  996  712  789 1254 1080  788 1337  986 1191 1111 1063 1180  682 1377 1121 1073  914  985  838 1300  718 1347  950  674 1075    0  664  859 1336 1432 1306 1067 1057 1110  823 1113  679  935  787 1502 1296  897  960  657  975 1065  750  791  778  923 1247  761  925 1115 1465 1093 1233  682 1497 1077  890  839  861  699 1269  828 1142 1080  896  893  880  781 1132 1243 1145 
 853  875  534  799 1033 1136 1194  387  858  847  821  939  692  629 1037  447  802  806  951  494  672  864 1106  686  925  691  640  605 1288  976  626 1252  676  934  769  878  780  438 1191  839 1183  491  812  595  935  471 1064  711  619  810  664    0  468 1203  981  909  696  792  682  408  908  645  933  669 1113 1034  544  906  597  752  761  610  526  570  395  979  570  748  745 1116  952  839  494 1219  777  563  657  654  447  765  607  931  726  523  451  605  627  830  744  757 
 930  795  536  940  985 1033 1198  494  849  884  859  855  909  461 1167  655  734  909  730  604  783  723 1067  863 1126  884  433  421  985  962  554 1163  426 1046  742  804  802  423  980  872 1109  621  741  581  945  458  982  860  701  883  859  468    0 1057  938 1010  777  799  809  520  742  413  814  570 1036  868  661  952  499  746  897  604  617  477  607 1249  396  841  636 1161  670  648  412 1279  950  405  664  410  430  831  578  769  732  705  652  563  633  883  769  667 
1749 1373  996 1344 1688 1667 1398 1230 1493 1251 1475 1397 1230  958 1692 1229 1201 1322 1329  910 1292 1453 1602 1211 1751 1406 1052 1109 1457 1334 1106 1569 1116 1433 1302 1165 1435  892 1768 1284 1457  941 1202 1106 1756 1063 1540 1407  955 1234 1336 1203 1057    0 1628 1630 1497 1287 1388 1112 1186 1041 1317 1045 1751 1626 1119 1199 1260 1469 1341  874 1308 1096 1135 1389 1055 1271 1326 1553 1294 1434 1143 1471 1444 1100 1141  914  957 1320 1032 1166 1321 1067 1068 1004  970 1193 1394 1346 
1459 1277  944 1333 1464 1416 1680 1179 1444 1179 1379 1472 1240 1069 1577 1145 1284 1495 1379 1017 1378 1221 1560 1524 1422 1206  848  914 1596 1161 1149 1423  974 1520 1211 1370 1183 1215 1453 1530 1430 1077 1538 1046 1471 1098 1660 1363 1141 1299 1432  981  938 1628    0 1446 1294 1387 1384 1140 1413  958 1332 1090 1505 1541 1024 1405 1187 1348 1219  950 1046 1003 1098 1608 1134 1378 1343 1623 1386 1239 1023 1829 1337 1173 1062 1116 1041 1113  970 1445 1241 1016 1070  920 1104 1202 1210 1482 
1830 1428  956 1514 1569 1608 1593  991 1430 1382 1320 1166 1428  960 1480 1044 1343 1224 1317 1065 1119 1319 1381 1386 1618 1435 1237  921 1600 1414 1102 1414 1002 1412 1223 1455 1289 1047 1417 1166 1403 1018 1390 1109 1552 1044 1453 1387 1114 1342 1306  909 1010 1630 1446    0 1234 1503 1376 1100 1438 1063 1442  914 1580 1821 1172 1388 1034 1244 1324 1126 1190 1113 1218 1556  904 1446 1421 1475 1388 1474  929 1633 1161 1141  935  868 1075 1204 1189 1320 1207 1195  983 1166 1131 1213 1377 1352 
1407 1153  830 1169 1372 1472 1220  779 1097 1152 1101 1051 1048  724 1401  917  946  993 1110  779  989 1221 1442 1001 1260 1033  746  917 1301  908  859 1209  692 1346 1015 1118 1224  787 1280  938 1361  880 1148  780 1366  934 1160 1010  871  959 1067  696  777 1497 1294 1234    0 1076 1035  854 1027  848 1182  727 1436 1424  933  981  849 1141 1138  857  777  768  934 1373  838 1024 1084 1474  949 1046  871 1482  972  864  959  963  726 1174  802 1123 1188  713  804  691  826 1088 1156 1057 
1322 1165  968 1077 1268 1260 1223  797 1151  975 1176 1259  928  703 1377  768 1051 1066  990  934 1083 1006 1486 1064 1480 1126  859  885 1412 1240  700 1555  910 1310 1139 1254 1208  863 1333 1137 1378  842 1086  645 1423  732 1445 1018  702 1059 1057  792  799 1287 1387 1503 1076    0 1206  844 1243 1021 1155  826 1238 1187  751 1148  934 1132 1080  796  815  685  856 1189  771 1145 1016 1183 1157 1030  853 1269 1246  948  835  915  706 1090  946 1084 1030  830  763  783  940 1234 1048 1184 
1287 1217  912 1115 1527 1358 1257  823 1152 1156 1053  890  984  803 1433  719 1281 1159 1091  769 1087 1026 1247 1097 1541 1257  904  827 1392  918  730 1239  857 1270 1204 1230 1015  673 1455 1106 1159  897 1256  607 1157  710 1541 1001  780  924 1110  682  809 1388 1384 1376 1035 1206    0  866 1108  978 1207  877 1320 1486  747 1063  789  934 1009  823  725  937  897 1231  923 1150 1089 1199 1181 1099  809 1203  949  637  842  808  860 1007  678  997 1262  954  869  756  898 1184  964 1134 
1012  800  589  947 1053  971  845  435  725  756  861  684  801  577 1037  697  783  744  728  583  677  796 1151  831 1264  798  672  690 1101  856  419 1150  445  974  942  674  806  419 1250  931  903  453  797  442 1133  530  959  655  634  903  823  408  520 1112 1140 1100  854  844  866    0  687  402  777  446 1148 1159  480  854  511  833  759  405  562  641  554  885  518  920  937  963  821  724  535 1082  680  556  413  441  473  819  482  847  838  661  438  574  626  721  852  844 
1279 1048  808 1141 1312 1289 1292  810  958 1192 1099 1145 1058  983 1129  820  942 1091  984  708 1073 1059 1512 1034 1274 1245  745  710 1246 1087  972 1530  746 1210 1064 1058 1083  749 1314 1118 1286  913 1047  814 1312  714 1334 1104  749 1190 1113  908  742 1186 1413 1438 1027 1243 1108  687    0  781 1026  740 1241 1476  797 1117  898 1187 1172  732  865  740  876 1563  824 1104 1034 1401 1188  964 1016 1363 1162  887  825  789  942 1150  687 1191 1100  736  873  827  726 1029 1112 1041 
1008  669  491  876  924  979 1170  595  826  964  829  826  714  613 1158  440  663  673  807  496  918  691  979  931  953  706  541  564 1125  933  414  967  409 1060  677  749  634  539 1040  674 1042  654  907  656 1259  442 1001  957  550  667  679  645  413 1041  958 1063  848 1021  978  402  781    0  626  538  959 1008  575  819  667  855  678  678  544  447  692 1250  434  778  758 1177  775  917  524 1038  713  498  526  439  464  756  421  698  964  606  487  504  631  905  910  762 
1459 1056  910 1194 1470 1270 1429  864 1083 1117 1164 1041 1002  835 1476  668 1117 1021 1083  868  974 1132 1431 1089 1255 1181  843  670 1335 1132  851 1378  919 1376 1118 1036 1026  769 1267 1114 1340  905 1037  700 1457  732 1414  978  788 1076  935  933  814 1317 1332 1442 1182 1155 1207  777 1026  626    0  773 1447 1261  633 1142  752 1211 1160  866  895  872  843 1156  793 1069 1040 1397 1074 1210  951 1337 1001  743  718  773  901  966  682 1236 1217  824  757  971  944 1010 1050 1199 
1104  699  486  921  845  865 1171  614  973  965  757  738  950  604 1132  657  820  883  968  422  773  904 1114  658 1087  949  436  486 1290  899  437 1238  549  895  784  742  873  648  878  780 1180  452  984  509 1182  451  924  785  555  759  787  669  570 1045 1090  914  727  826  877  446  740  538  773    0 1014  990  574  852  591  940  717  585  578  489  700 1036  449  747  862 1190  955  636  679 1213  749  426  475  436  619  943  435  773  748  469  485  493  530  716  724  933 
1477 1225 1205 1413 1699 1531 1603 1147 1360 1340 1457 1302 1414 1261 1687 1032 1266 1240 1286  965 1479 1446 1505 1329 1425 1133 1172 1062 1595 1453 1142 1560 1090 1572 1474 1474 1323  900 1529 1441 1420 1035 1150 1221 1563 1109 1760 1208 1101 1506 1502 1113 1036 1751 1505 1580 1436 1238 1320 1148 1241  959 1447 1014    0 1510 1177 1414 1068 1164 1528 1037 1005 1125 1107 1624 1038 1392 1441 1475 1275 1381 1141 1444 1235 1035 1106 1053 1181 1406  982 1406 1112 1129 1269 1007 1242 1413 1387 1390 
1719 1313  990 1163 1534 1573 1599 1030 1262 1466 1400 1289 1346 1050 1732 1020 1472 1386 1223  990 1185 1386 1625 1171 1516 1348 1212 1239 1505 1278 1122 1606 1101 1618 1321 1267 1266 1075 1691 1325 1633  967 1447 1090 1592  954 1699 1262 1048 1195 1296 1034  868 1626 1541 1821 1424 1187 1486 1159 1476 1008 1261  990 1510    0 1232 1233 1013 1220 1527 1173  932 1132 1121 1651 1130 1329 1211 1456 1499 1127  971 1626 1334 1061 1052 1107 1066 1159 1188 1346 1432  885 1031 1004 1145 1287 1346 1265 
1061  810  615  789 1068  912  978  540  891  937  766  694  760  660  961  534  989  732  776  562  726  740 1046  707 1050  874  542  429  971  703  709 1063  663  852  735 1007  878  659  879  762  906  647  813  393 1039  660  975  821  563  823  897  544  661 1119 1024 1172  933  751  747  480  797  575  633  574 1177 1232    0  796  463  811  802  441  619  462  617 1017  585  928  922 1132  861  850  505 1256  688  524  479  513  469  807  675  918  896  400  550  679  602  649  935  789 
1369  945  908 1158 1313 1331 1446  945 1184 1148 1041 1149 1002  895 1391  865 1107  989  997  802  978 1158 1385 1111 1374 1296  690  715 1336 1166  949 1431  863 1154 1104 1169 1053  801 1259 1126 1217  773 1154  757 1187  892 1348  921  918 1107  960  906  952 1199 1405 1388  981 1148 1063  854 1117  819 1142  852 1414 1233  796    0  748  999 1194  877  740  819  908 1338  985 1129 1055 1220  950 1045  944 1425 1008  705  806  837  829 1043  825 1188 1147  850  845  925  726  978 1024 1091 
1241  879  462  711 1141  898 1143  529  835  707  821  874  872  515 1178  633  654  725  850  558  674  882 1072  836 1043  858  482  549  848  847  587 1200  561 1234  870  755  771  482  903  696  973  553  753  495 1143  570 1066  834  394  877  657  597  499 1260 1187 1034  849  934  789  511  898  667  752  591 1068 1013  463  748    0  746  835  691  493  529  662 1214  483  771 1011 1177  841  736  509  947  944  516  581  415  407  767  609  735  903  612  671  444  661  759  757  870 
1435 1026  769 1199 1298 1284 1220  894  944 1019 1291 1194 1031  759 1177  836  960  952 1225  719 1237 1215 1255 1051 1375 1188  690  891 1492  989  734 1291  758 1419  899 1033 1163  829 1524  957 1433  664 1005  864 1426  796 1272 1108  751 1157  975  752  746 1469 1348 1244 1141 1132  934  833 1187  855 1211  940 1164 1220  811  999  746    0 1043  805  792  706  639 1242  854 1016 1251 1419  945  970  889 1382  996  985  913  884  884 1174  888 1046 1001  922  924  765  942  994 1042 1273 
1502 1017  643  980 1350 1441 1322  744 1128 1024 1114 1185 1147  901 1561  905 1218 1083 1209  682 1051 1136 1287 1227 1214 1239  853  707 1169 1097  902 1309  961 1439 1245 1121 1037  960 1281 1167 1198  869 1183  868 1386  920 1277 1014  893 1129 1065  761  897 1341 1219 1324 1138 1080 1009  759 1172  678 1160  717 1528 1527  802 1194  835 1043    0  803  794  928  811 1264  887 1039 1072 1187 1174 1011  785 1390  974  992  748  964  810  998  847  919 1171  861  658  808  857 1045 1214 1022 
1208  620  512  762 1017 1077 1261  632  902  667  830  797  956  678 1076  646  905  905  865  448  783  872 1059  754 1018  728  538  608 1095  678  539 1080  564 1119  628  751  955  443 1142  842 1135  464  948  544 1177  522  927  748  628  886  750  610  604  874  950 1126  857  796  823  405  732  678  866  585 1037 1173  441  877  691  805  803    0  456  574  490 1046  552  950  799  947  876  983  559  922  842  586  601  447  417  859  458  883  752  444  593  419  635  786  785  941 
1044  789  427  818 1110 1135 1095  599  823  720  975  816  716  524 1191  436  921  810  674  529  851  690 1197  899 1058  883  577  474 1010  973  683 1127  526 1240  653  811  915  493 1076  762  906  444  791  403 1113  525 1063  834  462  896  791  526  617 1308 1046 1190  777  815  725  562  865  544  895  578 1005  932  619  740  493  792  794  456    0  619  662 1134  539  881  950 1228  840  872  513 1106  691  394  628  711  693  901  452  753  700  650  518  378  394  730  813  966 
1176  980  483  921 1062 1182 1087  609  924  980  684  777  888  439  916  621  851  891  947  620  849 1003 1005  749 1039  744  679  456  959  896  650  940  600  949  756  825  932  565 1052  887 1128  622  776  449  972  469 1077  850  445  662  778  570  477 1096 1003 1113  768  685  937  641  740  447  872  489 1125 1132  462  819  529  706  928  574  619    0  612 1070  500  879  761  892  682  773  705 1088  737  656  618  638  409  910  658  738  890  437  632  591  604  945  885  730 
 924  968  579  956 1120 1059 1291  422  636  830  794  716  767  476 1028  486  686  691  825  511  837  639 1037  849 1202  743  449  599 1059  940  610 1039  579  945  895  695  702  643  957  915  988  418  761  404 1102  680 1063  853  548  799  923  395  607 1135 1098 1218  934  856  897  554  876  692  843  700 1107 1121  617  908  662  639  811  490  662  612    0 1034  460  970  877 1121  860  804  434  957  924  538  546  581  398  775  706  927  725  526  659  394  389  934  852  685 
1673 1328  940 1316 1524 1503 1489 1044 1285 1183 1488 1183 1460 1053 1704  928 1352 1278 1322 1017 1317 1319 1629 1470 1595 1451 1070 1237 1484 1148 1095 1555 1112 1570 1299 1231 1182 1050 1432 1273 1408 1086 1231 1139 1521 1188 1552 1333 1250 1332 1247  979 1249 1389 1608 1556 1373 1189 1231  885 1563 1250 1156 1036 1624 1651 1017 1338 1214 1242 1264 1046 1134 1070 1034    0 1115 1365 1404 1279 1121 1222 1067 1634 1213 1035  987  948 1236 1422 1083 1106 1236 1204  983 1111  936 1410 1306 1284 
 964  837  392  727 1105 1066 1082  648  795  819  828  819  896  594 1032  489  897  821  797  519  780  809 1009  843 1049  701  635  629 1214  700  480 1077  457 1204  906  881  799  453  970  711 1128  497  634  572 1061  564 1132  665  646  697  761  570  396 1055 1134  904  838  771  923  518  824  434  793  449 1038 1130  585  985  483  854  887  552  539  500  460 1115    0  763  793  936  772  636  520 1064  910  589  660  600  651  715  580  788  887  516  548  469  474  719  777  804 
1366 1176  667 1187 1329 1228 1508  735 1067 1044 1059 1126  992  775 1193  688  959 1168 1135  814 1012 1116 1434 1143 1147 1007  846  671 1404 1252  742 1303  784 1459 1141 1202 1171  851 1432  970 1502  801 1188  743 1411  864 1267 1059  869 1234  925  748  841 1271 1378 1446 1024 1145 1150  920 1104  778 1069  747 1392 1329  928 1129  771 1016 1039  950  881  879  970 1365  763    0 1277 1263 1075 1084  949 1414  999  915  686  935  812 1108  832 1166  960  812  806  799  695 1059 1040 1218 
1316 1111  951 1050 1246 1312 1308  753  973 1001 1301 1013 1093  693 1443  719 1213 1064 1158  907 1082 1106 1305 1135 1388 1098  657  850 1314 1127  747 1541  727 1458 1127  982 1221  757 1235 1159 1422  737 1270  701 1420  909 1376 1070  676 1213 1115  745  636 1326 1343 1421 1084 1016 1089  937 1034  758 1040  862 1441 1211  922 1055 1011 1251 1072  799  950  761  877 1404  793 1277    0 1324 1218 1152  731 1480  992  856  757  878  735 1037  905 1037 1139  822  757  744  963 1067 1124 1147 
