10 4 16 122

   0  984  883 1227 1137  923 1269 1090  874 1312 
 984    0  528  819  679  554  977  976  626 1221 
 883  528    0  947  785  505 1076  841  532  859 
1227  819  947    0 1172  802 1347 1119  695 1193 
1137  679  785 1172    0  751 1287 1078  985 1290 
 923  554  505  802  751    0  984  842  571 1017 
1269  977 1076 1347 1287  984    0 1133 1023 1709 
1090  976  841 1119 1078  842 1133    0  726 1415 
 874  626  532  695  985  571 1023  726    0 1093 
1312 1221  859 1193 1290 1017 1709 1415 1093    0 

   0 1164 1024 1043  913 1079 1153  974 1139 1129 
1164    0 1111 1187  884 1001  856  913  770 1036 
1024 1111    0  609 1071 1152  811 1127  837 1111 
1043 1187  609    0  735 1027  793  767  757  615 
 913  884 1071  735    0 1180  813  848  857  819 
1079 1001 1152 1027 1180    0  604  922 1006 1138 
1153  856  811  793  813  604    0 1074  996 1181 
 974  913 1127  767  848  922 1074    0 1103  735 
1139  770  837  757  857 1006  996 1103    0 1188 
1129 1036 1111  615  819 1138 1181  735 1188    0 

0 432 738
1 275 877
2 259 1006
3 406 859
4 470 802
5 259 1009
6 646 870
7 378 753
8 296 1051
9 680 1068

0 8 1247 3707 2622 
0 3 1170 4194 2454 
0 6 5108 9224 3807 
0 7 7928 11629 4360 
0 4 6988 10576 2274 
0 4 8349 11909 2274 
0 1 4876 9508 3936 
0 9 3432 5859 5248 
0 9 7633 11020 3936 
0 1 7638 10734 2952 
0 1 1102 5548 2952 
0 6 4231 8589 2538 
0 8 130 2533 2622 
0 9 4635 6915 2624 
1 3 7820 10953 1638 
1 7 4476 8118 3904 
1 0 6967 9457 1968 
1 8 496 3422 2504 
1 3 2158 5030 2457 
1 4 6122 8367 2716 
1 9 5146 8937 2442 
1 7 5148 8115 3904 
1 4 2041 4109 2037 
1 8 5509 8304 2504 
2 1 4755 7376 1584 
2 5 1353 4590 1515 
2 7 609 3257 2523 
2 8 2523 4498 1064 
2 7 7511 11816 1682 
2 9 2531 6375 3436 
2 5 7057 11019 1515 
2 4 722 3763 1570 
2 7 8220 10530 1682 
2 1 7417 11527 1584 
3 5 6055 9783 3208 
3 1 3847 7930 2457 
3 6 481 3430 4041 
3 8 4850 7037 2780 
3 6 4523 7084 5388 
3 8 4522 6573 2085 
3 9 8381 10508 4772 
3 6 1031 3973 4041 
3 7 6520 9365 3357 
3 4 222 2640 4688 
3 8 3285 4867 2780 
3 8 4177 7083 2780 
3 9 768 2889 3579 
3 2 1652 3186 1894 
3 4 3167 6055 4688 
4 6 1914 3881 5148 
4 0 4061 5987 3411 
4 6 1051 3010 3861 
4 3 6233 9055 2344 
4 2 316 2693 2355 
4 5 5347 9925 1502 
4 0 4179 6251 2274 
4 1 167 2748 1358 
4 5 901 4618 1502 
4 9 4010 6696 5160 
4 5 3941 8377 2253 
4 3 8393 10230 2344 
4 7 5465 7228 2156 
5 4 3525 6368 1502 
5 9 3466 6572 3051 
5 1 7290 10673 2216 
5 1 7829 11242 1662 
5 9 3187 7500 4068 
5 9 339 4356 3051 
5 9 7073 11329 4068 
5 9 957 3790 4068 
5 3 559 4328 1604 
5 7 2282 4633 3368 
6 2 5208 7073 2152 
6 1 1534 3519 1954 
6 8 7762 10381 2046 
6 3 2291 5375 4041 
6 5 5270 7299 2952 
6 2 1202 3659 2152 
6 8 2208 4389 4092 
6 0 6220 8848 3807 
6 4 7054 9932 3861 
6 7 8499 11667 3399 
6 9 1842 6211 6836 
6 2 1174 4401 2152 
6 9 4424 6998 6836 
7 1 5221 8781 3904 
7 1 1921 5326 3904 
7 9 6000 8756 2830 
7 3 4333 6488 2238 
7 2 4388 7678 1682 
7 2 7393 9680 2523 
7 8 4682 8002 2904 
7 0 3091 6402 3270 
7 9 7261 9127 4245 
7 5 8035 11344 3368 
7 3 1524 3456 4476 
7 3 7862 10638 3357 
7 2 3567 7049 1682 
8 4 4331 6327 3940 
8 3 6427 8281 2085 
8 5 1859 5048 2284 
8 6 3519 5959 2046 
8 5 1486 4232 1713 
8 6 1900 4459 2046 
8 5 2505 6317 2284 
8 7 7907 12219 2904 
8 6 6309 9715 2046 
8 1 4526 7205 1252 
9 8 7940 10981 4372 
9 0 3841 8018 2624 
9 7 2349 5259 2830 
9 5 4640 8566 2034 
9 2 1517 4905 3436 
9 4 4387 6581 3870 
9 3 7998 10175 2386 
9 3 5005 6474 3579 
9 2 6648 9558 1718 
9 8 3725 8370 2186 
9 5 4272 8368 4068 
9 5 1911 4756 3051 
9 7 360 3057 2830 
9 0 4261 7218 5248 

0 1 0 0
0 1 1 0
0 1 2 0
0 1 3 0
0 1 4 0
0 2 0 0
0 2 1 0
0 2 2 0
0 2 3 0
0 2 4 0
0 3 0 0
0 3 1 0
0 3 2 0
0 3 3 0
0 3 4 0
0 4 0 3473
0 4 1 3473
0 4 2 3473
0 4 3 0
0 4 4 0
0 5 0 0
0 5 1 0
0 5 2 0
0 5 3 0
0 5 4 0
0 6 0 0
0 6 1 0
0 6 2 0
0 6 3 0
0 6 4 0
0 7 0 3409
0 7 1 3409
0 7 2 0
0 7 3 0
0 7 4 0
0 8 0 4335
0 8 1 4335
0 8 2 0
0 8 3 0
0 8 4 0
0 9 0 0
0 9 1 0
0 9 2 0
0 9 3 0
0 9 4 0
1 0 0 0
1 0 1 0
1 0 2 0
1 0 3 0
1 0 4 0
1 2 0 4271
1 2 1 4271
1 2 2 0
1 2 3 0
1 2 4 0
1 3 0 0
1 3 1 0
1 3 2 0
1 3 3 0
1 3 4 0
1 4 0 0
1 4 1 0
1 4 2 0
1 4 3 0
1 4 4 0
1 5 0 0
1 5 1 0
1 5 2 0
1 5 3 0
1 5 4 0
1 6 0 0
1 6 1 0
1 6 2 0
1 6 3 0
1 6 4 0
1 7 0 0
1 7 1 0
1 7 2 0
1 7 3 0
1 7 4 0
1 8 0 0
1 8 1 0
1 8 2 0
1 8 3 0
1 8 4 0
1 9 0 3115
1 9 1 3115
1 9 2 0
1 9 3 0
1 9 4 0
2 0 0 0
2 0 1 0
2 0 2 0
2 0 3 0
2 0 4 0
2 1 0 4271
2 1 1 4271
2 1 2 0
2 1 3 0
2 1 4 0
2 3 0 3350
2 3 1 3350
2 3 2 0
2 3 3 0
2 3 4 0
2 4 0 0
2 4 1 0
2 4 2 0
2 4 3 0
2 4 4 0
2 5 0 0
2 5 1 0
2 5 2 0
2 5 3 0
2 5 4 0
2 6 0 0
2 6 1 0
2 6 2 0
2 6 3 0
2 6 4 0
2 7 0 4122
2 7 1 4122
2 7 2 0
2 7 3 0
2 7 4 0
2 8 0 0
2 8 1 0
2 8 2 0
2 8 3 0
2 8 4 0
2 9 0 0
2 9 1 0
2 9 2 0
2 9 3 0
2 9 4 0
3 0 0 0
3 0 1 0
3 0 2 0
3 0 3 0
3 0 4 0
3 1 0 0
3 1 1 0
3 1 2 0
3 1 3 0
3 1 4 0
3 2 0 3350
3 2 1 3350
3 2 2 0
3 2 3 0
3 2 4 0
3 4 0 3881
3 4 1 3881
3 4 2 3881
3 4 3 0
3 4 4 0
3 5 0 4001
3 5 1 4001
3 5 2 4001
3 5 3 0
3 5 4 0
3 6 0 0
3 6 1 0
3 6 2 0
3 6 3 0
3 6 4 0
3 7 0 0
3 7 1 0
3 7 2 0
3 7 3 0
3 7 4 0
3 8 0 0
3 8 1 0
3 8 2 0
3 8 3 0
3 8 4 0
3 9 0 0
3 9 1 0
3 9 2 0
3 9 3 0
3 9 4 0
4 0 0 3473
4 0 1 3473
4 0 2 3473
4 0 3 0
4 0 4 0
4 1 0 0
4 1 1 0
4 1 2 0
4 1 3 0
4 1 4 0
4 2 0 0
4 2 1 0
4 2 2 0
4 2 3 0
4 2 4 0
4 3 0 3881
4 3 1 3881
4 3 2 3881
4 3 3 0
4 3 4 0
4 5 0 0
4 5 1 0
4 5 2 0
4 5 3 0
4 5 4 0
4 6 0 3594
4 6 1 3594
4 6 2 3594
4 6 3 0
4 6 4 0
4 7 0 3696
4 7 1 3696
4 7 2 0
4 7 3 0
4 7 4 0
4 8 0 0
4 8 1 0
4 8 2 0
4 8 3 0
4 8 4 0
4 9 0 0
4 9 1 0
4 9 2 0
4 9 3 0
4 9 4 0
5 0 0 0
5 0 1 0
5 0 2 0
5 0 3 0
5 0 4 0
5 1 0 0
5 1 1 0
5 1 2 0
5 1 3 0
5 1 4 0
5 2 0 0
5 2 1 0
5 2 2 0
5 2 3 0
5 2 4 0
5 3 0 4001
5 3 1 4001
5 3 2 4001
5 3 3 0
5 3 4 0
5 4 0 0
5 4 1 0
5 4 2 0
5 4 3 0
5 4 4 0
5 6 0 3535
5 6 1 3535
5 6 2 0
5 6 3 0
5 6 4 0
5 7 0 0
5 7 1 0
5 7 2 0
5 7 3 0
5 7 4 0
5 8 0 4644
5 8 1 4644
5 8 2 4644
5 8 3 0
5 8 4 0
5 9 0 3382
5 9 1 3382
5 9 2 3382
5 9 3 0
5 9 4 0
6 0 0 0
6 0 1 0
6 0 2 0
6 0 3 0
6 0 4 0
6 1 0 0
6 1 1 0
6 1 2 0
6 1 3 0
6 1 4 0
6 2 0 0
6 2 1 0
6 2 2 0
6 2 3 0
6 2 4 0
6 3 0 0
6 3 1 0
6 3 2 0
6 3 3 0
6 3 4 0
6 4 0 3594
6 4 1 3594
6 4 2 3594
6 4 3 0
6 4 4 0
6 5 0 3535
6 5 1 3535
6 5 2 0
6 5 3 0
6 5 4 0
6 7 0 0
6 7 1 0
6 7 2 0
6 7 3 0
6 7 4 0
6 8 0 0
6 8 1 0
6 8 2 0
6 8 3 0
6 8 4 0
6 9 0 3947
6 9 1 3947
6 9 2 0
6 9 3 0
6 9 4 0
7 0 0 3409
7 0 1 3409
7 0 2 0
7 0 3 0
7 0 4 0
7 1 0 0
7 1 1 0
7 1 2 0
7 1 3 0
7 1 4 0
7 2 0 4122
7 2 1 4122
7 2 2 0
7 2 3 0
7 2 4 0
7 3 0 0
7 3 1 0
7 3 2 0
7 3 3 0
7 3 4 0
7 4 0 3696
7 4 1 3696
7 4 2 0
7 4 3 0
7 4 4 0
7 5 0 0
7 5 1 0
7 5 2 0
7 5 3 0
7 5 4 0
7 6 0 0
7 6 1 0
7 6 2 0
7 6 3 0
7 6 4 0
7 8 0 0
7 8 1 0
7 8 2 0
7 8 3 0
7 8 4 0
7 9 0 0
7 9 1 0
7 9 2 0
7 9 3 0
7 9 4 0
8 0 0 4335
8 0 1 4335
8 0 2 0
8 0 3 0
8 0 4 0
8 1 0 0
8 1 1 0
8 1 2 0
8 1 3 0
8 1 4 0
8 2 0 0
8 2 1 0
8 2 2 0
8 2 3 0
8 2 4 0
8 3 0 0
8 3 1 0
8 3 2 0
8 3 3 0
8 3 4 0
8 4 0 0
8 4 1 0
8 4 2 0
8 4 3 0
8 4 4 0
8 5 0 4644
8 5 1 4644
8 5 2 4644
8 5 3 0
8 5 4 0
8 6 0 0
8 6 1 0
8 6 2 0
8 6 3 0
8 6 4 0
8 7 0 0
8 7 1 0
8 7 2 0
8 7 3 0
8 7 4 0
8 9 0 0
8 9 1 0
8 9 2 0
8 9 3 0
8 9 4 0
9 0 0 0
9 0 1 0
9 0 2 0
9 0 3 0
9 0 4 0
9 1 0 3115
9 1 1 3115
9 1 2 0
9 1 3 0
9 1 4 0
9 2 0 0
9 2 1 0
9 2 2 0
9 2 3 0
9 2 4 0
9 3 0 0
9 3 1 0
9 3 2 0
9 3 3 0
9 3 4 0
9 4 0 0
9 4 1 0
9 4 2 0
9 4 3 0
9 4 4 0
9 5 0 3382
9 5 1 3382
9 5 2 3382
9 5 3 0
9 5 4 0
9 6 0 3947
9 6 1 3947
9 6 2 0
9 6 3 0
9 6 4 0
9 7 0 0
9 7 1 0
9 7 2 0
9 7 3 0
9 7 4 0
9 8 0 0
9 8 1 0
9 8 2 0
9 8 3 0
9 8 4 0

