150 4 16 1999

   0 1557  744  889 1193 1397  795 1028  824 1070  948 1015 1302 1383 1135 1187 1479 1364 1186 1222 1114 1169  922 1408  781 1582 1007 1160  764 1235 1042  995 1328  892  698 1435  805 1367 1182  998 1518  918  865 1295 1393  831 1299 1201 1343 1142 1426  875  892 1058 1035 1026 1411 1222 1052 1230 1171 1081  817 1191 1190  810 1378 1527 1045 1051 1056 1334 1383 1029  873 1460 1286 1051  856  775  803 1106 1242 1227 1359 1378  864 1129 1116 1242 1170  691 1223 1241  979 1180  998 1073 1166  719  966 1386 1343  684 1266 1436  760 1289  910  837 1190 1279  922  868 1364 1034 1385 1479 1082 1232 1285 1348  987  919 1393 1007 1277 1104 1153 1110 1491  781  889  843  879 1227  812 1149  818  802 1396 1165 1164 1154  669 1439 1151  860 1339  948 
1557    0 1157  900 1343 1391  986 1283 1159 1222 1137 1378 1527 1583 1294 1398 1617 1590 1471 1659 1461 1471 1001 1694 1192 1393 1501 1217 1066 1388 1374 1063 1682 1055 1067 1704  965 1725 1424 1527 1602  889 1181 1466 1810 1052 1701 1370 1675 1485 1657 1121  869 1388 1296 1342 1495 1460 1378 1440 1450 1517 1149 1313 1621 1091 1431 1468 1419 1518 1473 1489 1748 1462  990 1676 1606 1432  938 1072 1007 1219 1573 1451 1731 1670  983 1292 1302 1836 1674 1212 1300 1340 1385 1179 1171 1466 1282  975 1337 1606 1642 1197 1605 1458 1054 1532 1040 1059 1284 1598 1077  937 1715 1223 1748 1719 1212 1479 1517 1622 1009 1139 1534 1318 1468 1185 1450 1360 1708 1127 1218  959 1041 1336 1048 1217 1168 1083 1521 1733 1639 1424  865 1446 1547 1003 1581 1370 
 744 1157    0  547  816  986  622  783  463  824  438  812 1015  934  926  673 1231 1112 1040 1062  773  819  414 1122  584 1258  837  686  430  688  690  382 1086  423  712 1020  516  885  873  734  935  480  551  930 1113  538 1124  737 1150  899 1018  636  382  877  909  892 1294  879  671  674  884  763  542  804 1185  657 1116 1008  628  791  734 1201  900  862  456 1085 1067  880  616  558  614  757 1038 1032 1069 1148  510  890  810 1123 1103  664  804  981  782  649  399  673  992  642  764  894  942  504 1226  916  576 1047  619  495  974 1210  410  640 1028  955  943 1162  830  818  955  999  452  405  909  726  887  734  837  813 1111  576  524  529  426  790  633  897  421  598  885  983 1082  796  489 1134 1037  491 1055 1005 
 889  900  547    0  666 1109  655  729  630  728  457  730 1096 1121  673  890 1112 1205 1298 1254  840  927  418 1042  523  905  805  819  527  863  973  627  904  558  456 1108  470  970  925  758 1227  654  460 1228  941  619 1046  826 1121  913 1076  478  441  993  865  816  959  716  895  881  691  743  631  899 1208  561 1082 1184  921  871  734 1105 1161  642  516 1234  930  814  469  483  504  858  932 1025 1258 1018  481  939  913 1095  906  632  770 1191  750  735  576  847  762  614  807 1230 1145  622  992 1044  546 1133  483  496  935  941  549  438 1002  921 1064  980  853  796  963 1040  536  545  992  661  916  718  802  934 1063  611  612  445  656  807  670  874  437  489 1007  837 1033  671  619 1268 1074  579  889  932 
1193 1343  816  666    0 1474  802 1125  866  960  814 1204 1363 1363 1222 1061 1178 1294 1206 1250  966 1186  764 1163  688 1404  972 1160  698  912 1107  715 1384  931  878 1336  833 1355 1223 1061 1466  689  711 1277 1270  675 1239 1051 1319 1091 1322  703  680 1197 1057 1191 1249  963 1156 1187 1206 1001  862 1184 1436  864 1392 1170 1156 1221 1179 1245 1394 1149  938 1350 1240 1127  817  859  690 1114 1255 1286 1304 1486  827  946  945 1248 1356  848 1048 1336 1174 1121  718  891 1030  965 1084 1448 1563  712 1381 1287  766 1342  947  856 1104 1324  774  827 1295 1194 1400 1481 1136 1095 1340 1232  838  678 1256 1127 1396 1176  913 1195 1509  874  932  789  893 1192  780 1117  723  831 1412 1198 1364 1103  737 1413 1463  855 1273 1162 
1397 1391  986 1109 1474    0 1216 1381  975 1492 1170 1386 1744 1323 1437 1303 1449 1400 1440 1646 1243 1454 1107 1601 1053 1701 1267 1502  884 1299 1340 1015 1335  869 1063 1661 1031 1683 1390 1242 1653 1178 1120 1786 1448  916 1530 1406 1725 1356 1507 1100  940 1331 1362 1283 1530 1210 1404 1362 1350 1446 1110 1139 1492 1057 1575 1544 1433 1439 1324 1366 1561 1362 1184 1494 1557 1370 1039  909 1037 1420 1624 1533 1815 1471 1201 1426 1376 1516 1592 1216 1411 1625 1248 1214 1149 1157 1183 1126 1425 1689 1571  909 1554 1799 1169 1584 1106 1172 1395 1515 1039 1149 1702 1312 1649 1811 1405 1272 1680 1488 1097 1174 1510 1494 1728 1386 1218 1228 1476  981  930 1065 1169 1463 1127 1207 1025 1031 1708 1472 1625 1511 1165 1532 1700 1082 1643 1401 
 795  986  622  655  802 1216    0  802  521  774  650  894 1082  895  648  679 1005 1072  855  943  750  907  398  954  569 1006  832  834  458  770  770  681 1197  581  457 1110  477 1060  809  950 1047  570  493 1181  928  563 1192  734 1014  920 1101  398  542  715  907  753  923  846  667  811  692  819  604  868  940  442 1032 1055  889  833  835  998 1098  770  577  857 1073  827  594  608  633  960 1107 1037  956 1049  558  791  794  928 1102  550  965  974  887  743  431  785  715  622  902 1047 1159  590 1228  935  540  993  564  566  682 1045  663  456  910  799 1047  993  963  833 1128 1012  411  525 1097  733 1076  848  805  775 1073  482  483  628  538  985  410  970  467  562 1032 1070 1020  861  503 1017 1248  668 1045  684 
1028 1283  783  729 1125 1381  802    0  829 1192  745 1001 1470 1240 1051 1161 1197 1351 1415 1388 1045 1070  875 1267  646 1445 1113 1125  847  923 1226  783 1457  879  809 1379  869 1386  968 1031 1432  748  715 1405 1504  691 1338 1072 1154 1142 1348  761  930 1247 1139 1000 1351 1177 1187 1014 1019 1089  805 1014 1271  951 1221 1325 1041  963 1008 1514 1320 1012  778 1142 1524 1200  910  797  995  942 1451 1321 1529 1284  708 1145 1208 1396 1224  696 1031 1320 1106 1269  906 1178 1110  688 1246 1135 1308  669 1264 1295  938 1236  927  683 1255 1258  842  758 1417 1226 1468 1432 1324 1000 1475 1234  946  893 1366 1183 1262 1081 1224  984 1222  677  802  849  735 1190  735 1242  848  833 1498 1352 1444 1083  735 1286 1350  806 1235 1025 
 824 1159  463  630  866  975  521  829    0  769  548  837  986 1152  930  713 1106  942  912 1049  838  717  392  996  411 1255  879  857  509  872  776  621 1116  540  467 1013  389  926  832  906 1258  680  555 1257  986  507  906  896 1081  832 1156  501  526  691  756  955 1104  836  781  915  716  886  654  870 1115  506 1135  988  819  705  822 1166  850  770  470  957 1131  865  528  586  600  861 1151 1081 1024  891  486  932  765 1057 1086  462  889 1216  944  788  543  803  756  505  855  989 1073  491 1116  877  451 1084  514  464  879 1216  687  494 1011  707 1237 1067  717  893 1184 1186  602  640  978  809 1149  662  917  705  936  592  598  720  529  921  460  629  573  522  942 1200 1021  688  454 1087 1138  541 1111  814 
1070 1222  824  728  960 1492  774 1192  769    0  720 1113 1397 1388 1032 1212 1414 1235 1533 1328 1017 1157  715 1200  950 1298 1014  991  665 1104 1150  774 1402  663  832 1282  944 1353 1195 1159 1169  904  769 1204 1310  692 1218 1240 1469 1210 1303  828  930 1068 1103 1027 1365 1009 1044 1106 1109 1042  755 1026 1269  832 1114 1177 1157 1232 1167 1104 1207 1102  766 1523 1415  982  676  822  898 1225 1434 1372 1262 1434  733 1115 1126 1488 1320  842 1048 1412 1117 1179  817 1132 1269  730 1009 1228 1551  918 1425 1320  810 1284  913  846 1109 1416  856  740 1382 1173 1420 1366 1078 1005 1359 1394  782  745 1413 1100 1365  977 1070 1079 1555  951  699  776  682 1088  652 1014  846  881 1307 1263 1224 1014  818 1193 1369  876 1353 1199 
 948 1137  438  457  814 1170  650  745  548  720    0  623 1153 1006  809  795 1050 1009 1032  958  715  945  568  979  443 1120  832  931  448  923  729  633 1010  492  413 1033  608 1118  973  747 1036  531  388 1021 1201  638 1136  792  994  713 1158  381  536  832  713  807 1253  909  955  878  778  817  604  761 1132  694  910  953  906  922  735 1170 1038  730  523 1194 1003  672  632  653  462  799 1048 1081 1071 1165  634  761  860 1026 1195  472  639 1102  731  786  663  885  905  633  715 1276 1035  685 1216 1053  508 1227  626  471  778  945  507  466  937  784 1210 1131  883  876 1164 1085  494  589 1146  874 1081  733  858  830  990  649  518  559  493  845  486  924  482  493 1059 1096  887  918  653  930 1144  596 1068  764 
1015 1378  812  730 1204 1386  894 1001  837 1113  623    0 1512 1131 1014 1071 1317 1356 1136 1398 1048 1125  827 1243  958 1263 1107  922  745 1005 1038  929 1393  762  915 1400  756 1445  946 1087 1416  787  827 1424 1222  748 1347 1062 1346 1109 1289  783  712 1209 1153  976 1365 1021  987 1183 1262 1126  632  997 1334  701 1194 1177 1148 1072 1110 1397 1437 1047  878 1425 1340 1112  757  722  925 1103 1477 1480 1173 1257  922 1215 1091 1255 1257  848 1128 1486 1139 1131  700 1086 1036  861  988 1518 1377  858 1511 1496  719 1480  886  709 1156 1426  762  866 1409 1141 1117 1295  976 1220 1333 1276  963  681 1528 1046 1552 1126 1201 1012 1355  915  738  878  817 1224  909 1020  772  953 1250 1259 1244 1164  684 1389 1434  910 1514 1241 
1302 1527 1015 1096 1363 1744 1082 1470  986 1397 1153 1512    0 1605 1511 1374 1684 1470 1668 1582 1259 1299 1151 1639 1015 1534 1218 1163 1143 1281 1247 1096 1610  938  958 1608  898 1497 1482 1428 1790 1175 1063 1636 1582 1127 1650 1466 1652 1362 1377 1093  978 1346 1512 1242 1727 1387 1339 1253 1534 1269 1059 1517 1460 1136 1578 1668 1121 1278 1437 1701 1680 1228  855 1442 1730 1088 1192 1023 1080 1443 1490 1430 1751 1703 1222 1282 1470 1585 1815 1082 1395 1717 1316 1320 1112 1214 1485  918 1314 1564 1690  953 1693 1538  985 1493 1132 1187 1502 1685 1195 1002 1625 1506 1843 1482 1228 1527 1542 1653 1168 1049 1507 1387 1796 1342 1302 1186 1503 1098  986  954 1246 1354 1130 1450  876 1175 1625 1477 1721 1334 1199 1790 1690 1052 1589 1219 
1383 1583  934 1121 1363 1323  895 1240 1152 1388 1006 1131 1605    0 1173 1223 1546 1759 1583 1606 1322 1509 1027 1623 1057 1811 1350 1423 1272 1163 1410 1102 1720 1014 1152 1400  862 1594 1421 1173 1595 1160 1093 1751 1597  957 1505 1139 1525 1178 1351 1038 1102 1433 1325 1342 1612 1289 1213 1369 1209 1314 1089 1235 1783  969 1625 1709 1480 1298 1514 1667 1369 1173  999 1487 1605 1094 1268 1079  997 1361 1766 1538 1528 1681 1221 1243 1532 1817 1636 1137 1455 1772 1259 1340 1045 1385 1358 1116 1241 1735 1738 1020 1571 1434 1000 1521  854 1062 1503 1602 1188 1072 1663 1362 1495 1619 1221 1298 1669 1478 1013  878 1550 1268 1505 1089 1380 1410 1576  893 1247 1040 1109 1381 1145 1302 1127  992 1516 1461 1612 1407 1241 1532 1518 1092 1473 1370 
1135 1294  926  673 1222 1437  648 1051  930 1032  809 1014 1511 1173    0  899 1402 1498 1348 1223 1159 1127  793 1238  864 1494 1169 1159  960 1011 1133  728 1244  842  863 1238  824 1276  917 1167 1275  720  804 1343 1314  840 1423 1022 1414 1123 1166  946  751 1120 1113 1064 1319 1085 1217 1087 1171 1269  967 1000 1422  978 1333 1467 1228  932 1069 1191 1539 1005  781 1401 1363 1226  976  942  851 1079 1399 1301 1446 1327  749 1017 1213 1310 1325  852  932 1286 1153 1082  735 1138  985  770 1205 1442 1367  913 1435 1280  806 1305  796  893  952 1273  811  748 1329 1224 1245 1275  921 1125 1213 1379  738  838 1333 1088 1544 1077 1200 1128 1392  755  892  742  772 1206  808 1196  918  934 1114 1417 1517 1152  824 1243 1239  707 1499 1223 
1187 1398  673  890 1061 1303  679 1161  713 1212  795 1071 1374 1223  899    0 1246 1499 1304 1312  981 1145  958 1259  973 1358 1040 1153  786 1150  996  806 1340  715  667 1315  743 1382 1163 1128 1445  831  881 1496 1323  811 1509 1133 1364  922 1313  713  794 1100 1054  950 1389  961  927 1085 1116 1119  915 1158 1513  851 1510 1256 1138 1064 1209 1265 1421 1221  820 1362 1378  945  773  863  730  972 1409 1430 1360 1206  863 1070 1096 1127 1257  843 1062 1540 1103 1039  914 1099 1154  838 1241 1214 1352  753 1361 1370  752 1554  803  731 1096 1183  864  897 1296 1091 1456 1230 1040 1098 1095 1247  832  754 1364 1136 1317 1130 1198 1186 1211  868  937  819  799 1166  894 1144  964  955 1419 1348 1415 1010  754 1405 1312  718 1343 1229 
1479 1617 1231 1112 1178 1449 1005 1197 1106 1414 1050 1317 1684 1546 1402 1246    0 1497 1622 1573 1489 1359 1040 1630 1041 1432 1154 1487 1169 1399 1515 1110 1704 1087 1086 1595 1132 1760 1230 1245 1636 1045 1064 1778 1778 1029 1628 1259 1616 1225 1525 1020  891 1326 1436 1372 1658 1294 1464 1158 1213 1244 1125 1243 1494  975 1696 1603 1312 1343 1575 1666 1524 1338 1008 1605 1601 1385 1147  934 1209 1361 1496 1575 1910 1430  965 1348 1249 1503 1661  962 1396 1613 1293 1368 1200 1378 1377 1086 1520 1679 1850  994 1616 1605 1137 1456 1096 1083 1414 1612 1134  909 1566 1417 1729 1505 1467 1212 1650 1654 1171 1034 1670 1561 1793 1414 1417 1517 1744  964 1055  908  998 1332  965 1161  962 1093 1525 1591 1526 1345 1084 1477 1611 1019 1412 1321 
1364 1590 1112 1205 1294 1400 1072 1351  942 1235 1009 1356 1470 1759 1498 1499 1497    0 1427 1392 1141 1231 1149 1809 1209 1599 1246 1379 1184 1393 1380 1149 1590 1076 1053 1615 1142 1813 1149 1362 1626 1142 1032 1620 1557  850 1641 1289 1494 1279 1517 1214 1001 1246 1284 1345 1586 1343 1461 1518 1337 1401  939 1528 1723 1119 1806 1534 1451 1473 1265 1595 1544 1411 1003 1664 1513 1343 1116  958  888 1365 1803 1660 1634 1428 1039 1466 1375 1729 1536 1020 1407 1708 1423 1247  933 1236 1329 1010 1385 1734 1525 1214 1484 1468 1126 1556 1041  914 1289 1749  988  880 1382 1443 1719 1784 1174 1377 1631 1614 1012  963 1574 1328 1473 1433 1455 1457 1509 1167 1106  949  880 1263 1097 1473  955 1155 1677 1504 1484 1135 1189 1428 1606 1020 1428 1502 
1186 1471 1040 1298 1206 1440  855 1415  912 1533 1032 1136 1668 1583 1348 1304 1622 1427    0 1435 1125 1304 1180 1551 1027 1514 1166 1466 1091 1408 1176 1047 1755 1063  971 1742 1161 1443 1256 1387 1642 1047  979 1628 1576 1093 1742 1207 1607 1268 1580 1240  916 1121 1506 1219 1461 1502 1123 1513 1396 1447 1190 1560 1536 1083 1593 1565 1165 1295 1563 1682 1837 1400 1180 1621 1611 1396 1057  958  990 1348 1452 1752 1772 1634 1170 1356 1352 1557 1383  966 1324 1663 1333 1195  986 1391 1230 1034 1376 1384 1652 1236 1764 1580 1050 1621 1134  943 1364 1633 1073 1100 1434 1302 1560 1586 1443 1259 1546 1741 1051  855 1692 1186 1467 1501 1249 1325 1551 1142  870 1015 1067 1172 1003 1135 1254 1053 1384 1605 1543 1392 1264 1399 1728  917 1577 1447 
1222 1659 1062 1254 1250 1646  943 1388 1049 1328  958 1398 1582 1606 1223 1312 1573 1392 1435    0 1226 1534 1176 1581 1172 1508 1284 1336 1105 1377 1202 1026 1484 1222  956 1617 1100 1471 1512 1405 1585 1074 1021 1518 1720  996 1483 1347 1628 1220 1768  999 1023 1268 1446 1437 1703 1370 1277 1341 1346 1160  934 1433 1531  975 1665 1638 1239 1512 1275 1554 1532 1431  962 1449 1405 1169 1042 1120 1108 1580 1721 1584 1541 1669  984 1305 1521 1651 1719 1159 1201 1494 1386 1361 1136 1389 1466 1209 1309 1540 1626 1110 1720 1413 1228 1497 1020 1101 1363 1718 1125  959 1555 1549 1615 1565 1391 1343 1639 1535 1043 1052 1635 1335 1363 1131 1267 1243 1514 1142  989  866  973 1265  956 1579  865  983 1418 1586 1590 1350  900 1503 1645  879 1655 1341 
1114 1461  773  840  966 1243  750 1045  838 1017  715 1048 1259 1322 1159  981 1489 1141 1125 1226    0 1270  895 1313  746 1357 1089 1079  870 1188 1188  755 1249  726  849 1582  715 1401 1183 1203 1333  720  733 1314 1166  981 1405  998 1281 1191 1379  740  717 1081 1204 1096 1305  932 1094 1114  994 1168  790 1229 1176  880 1262 1363  963 1079 1232 1393 1483 1231  834 1167 1408 1066  854  887  951  985 1443 1432 1346 1454  744 1104 1088 1289 1161  936 1012 1302 1016 1071  737 1212 1025  931 1192 1309 1480  885 1480 1252  759 1344  704  790 1167 1294  853  738 1304 1082 1350 1404 1174 1216 1404 1337  953  800 1308 1209 1584 1045  980 1133 1282  719  822  894  831 1040  711 1037  904  770 1446 1369 1429  906  793 1417 1293  798 1234  921 
1169 1471  819  927 1186 1454  907 1070  717 1157  945 1125 1299 1509 1127 1145 1359 1231 1304 1534 1270    0  770 1320  857 1379  980 1161  795 1081 1107  806 1191  783  724 1530  900 1413 1095 1194 1380  835  838 1290 1311  811 1374 1093 1254 1116 1177  851  877 1170 1121 1105 1348 1112 1006 1179 1165 1138  820 1037 1339  671 1424 1286 1066 1083  990 1381 1197 1253  931 1349 1489 1197  962  690  621  960 1432 1414 1355 1438  751  995 1141 1465 1495  811 1133 1116 1135 1208  816 1046 1072  938 1282 1160 1325  724 1473 1319  814 1174  799  933  977 1278  685  935 1325  972 1354 1301 1079 1024 1296 1377  879  741 1231  968 1418  926 1058 1108 1400  793  713  907  912 1173  894 1242  724  826 1609 1482 1422 1058  873 1363 1489  867 1310 1118 
 922 1001  414  418  764 1107  398  875  392  715  568  827 1151 1027  793  958 1040 1149 1180 1176  895  770    0 1108  472 1117  733  740  590  701  872  614  901  645  531 1081  640  952  708  961 1064  670  405 1002 1238  634 1061  945 1044  892 1204  499  385  844  884  727 1071  762  903  756  986  913  540  850  948  475  989 1042  724  714  918  949  859  760  533  999 1107  792  657  508  585  786 1137 1028  948 1017  560  794  701 1072  960  534  815  999  764  902  436  853  825  535  868 1064 1262  457 1120  971  572 1016  501  656  844 1119  417  548 1047  866 1033  848  804  691 1180 1081  569  590 1102  814  966  973  784  893  936  575  564  467  500  831  666  832  513  418 1222  931 1101  830  584  983  875  624 1038  797 
1408 1694 1122 1042 1163 1601  954 1267  996 1200  979 1243 1639 1623 1238 1259 1630 1809 1551 1581 1313 1320 1108    0 1151 1698 1088 1339 1151 1335 1266 1174 1553  866 1123 1491 1045 1586 1198 1324 1681  965 1189 1690 1741 1155 1713 1376 1577 1215 1514 1203 1240 1241 1247 1334 1524 1403 1446 1460 1376 1152 1022 1330 1905 1063 1701 1358 1251 1270 1427 1669 1737 1430  991 1573 1610 1422 1116 1139 1018 1126 1379 1623 1680 1499  909 1367 1388 1674 1844  930 1530 1801 1444 1121 1140 1148 1325 1026 1297 1754 1638  988 1643 1471 1035 1529  960 1048 1341 1459 1163 1043 1504 1282 1589 1596 1180 1309 1579 1535 1238 1270 1455 1251 1510 1188 1398 1305 1624 1131 1024 1043  991 1511 1137 1342 1012 1167 1585 1710 1579 1489 1023 1321 1522 1151 1520 1341 
 781 1192  584  523  688 1053  569  646  411  950  443  958 1015 1057  864  973 1041 1209 1027 1172  746  857  472 1151    0 1086  924  858  531  680  919  646  973  630  683 1129  563  888  818  672 1123  606  662  929 1093  607 1232  862 1006  662  883  387  601  843  688  807 1084  801  764  799  775  756  557  914 1123  421  909  938  679  885  808 1120  943  882  426 1239 1209  870  600  398  661  804 1008  917  988 1179  626  920  873 1139 1162  395  691 1066  892  834  474  798  869  416  961 1022 1090  422  912 1091  620 1025  525  468  871 1127  459  621 1158  709  950 1050  810  784  982 1008  624  430 1199  913 1112  703  804  840 1170  476  632  698  649  746  577  843  568  627 1243 1062 1023  819  606  984  920  496  988  631 
1582 1393 1258  905 1404 1701 1006 1445 1255 1298 1120 1263 1534 1811 1494 1358 1432 1599 1514 1508 1357 1379 1117 1698 1086    0 1203 1504 1065 1203 1259 1157 1645 1046 1195 1521  992 1658 1369 1313 1605 1183 1048 1576 1565 1042 1532 1349 1718 1099 1495 1040 1015 1282 1225 1287 1603 1342 1400 1548 1163 1239 1034 1178 1831 1120 1417 1579 1271 1444 1387 1722 1798 1205 1089 1608 1571 1317 1158 1239 1109 1256 1713 1514 1904 1497 1234 1217 1404 1600 1564 1063 1423 1496 1269 1317 1052 1393 1174 1087 1398 1542 1523  979 1459 1529  943 1532 1008 1045 1344 1557 1183  989 1397 1457 1431 1733 1230 1127 1899 1674 1185 1110 1627 1258 1499 1266 1520 1485 1758  940 1098 1201 1218 1395 1162 1274  916 1185 1586 1555 1567 1527 1223 1627 1644 1095 1612 1471 
1007 1501  837  805  972 1267  832 1113  879 1014  832 1107 1218 1350 1169 1040 1154 1246 1166 1284 1089  980  733 1088  924 1203    0 1188  910 1139 1118  952 1161  848  902 1236  833 1512 1166  995 1260  709  770 1330 1306  770 1426 1247 1292 1158 1274  699  714 1051 1121 1026 1276 1162 1051 1229 1059  981  827 1043 1263  824 1349 1431 1180  916 1044 1547 1474  955  713 1545 1360  921  670  963  837 1078 1286 1359 1281 1331  712 1061 1013 1566 1276  692  995 1232 1065 1041  665  983 1102  891  943 1321 1336  774 1340 1488  861 1244  861  831 1244 1231  671  902 1318 1242 1388 1304 1082 1083 1435 1426  833  847 1200 1021 1436 1101 1068 1225 1219  883  904  855  663 1006  814 1024  694  927 1465 1393 1194 1135  773 1450 1406  954 1333 1155 
1160 1217  686  819 1160 1502  834 1125  857  991  931  922 1163 1423 1159 1153 1487 1379 1466 1336 1079 1161  740 1339  858 1504 1188    0  789 1261 1193  820 1547  801  842 1443  892 1473 1109 1166 1411  866  926 1200 1444  719 1367 1015 1360 1142 1337  822  753 1121 1050 1091 1390 1161 1094  926  934 1027  793 1021 1494  971 1442 1416 1261 1036 1124 1181 1423 1148  751 1141 1246  978  933  859  777 1255 1153 1382 1298 1517  705 1106 1043 1462 1432  727  920 1362  919  998  849 1069 1235  775 1072 1243 1258  947 1458 1267  681 1451  894  767 1157 1478  897  791 1313 1030 1218 1270 1059 1223 1184 1190  714  921 1396 1124 1276 1054 1101 1082 1392  808  876  761  681  899  864 1114  697  743 1431 1195 1443 1115  724 1382 1435  743 1225  872 
 764 1066  430  527  698  884  458  847  509  665  448  745 1143 1272  960  786 1169 1184 1091 1105  870  795  590 1151  531 1065  910  789    0  845  694  653  887  550  543  991  609 1065  800  775  943  495  692 1198 1013  612 1003  802 1136  830 1091  494  451  729  909  887 1113  721  784  699  806  853  649  654 1140  530 1087  934  718  735  638  979  820  758  558 1040 1011  708  532  431  529  851  870  949 1180 1238  633  657  659 1089 1031  614  801 1111  945  681  658  772  873  594  819 1042 1142  535 1251 1173  508 1232  624  609  774 1080  576  454 1028  912 1195  945  976  901 1008 1138  432  672 1210  691  932  766  875  748 1040  616  396  547  542  919  630  830  448  629 1114  994  981  847  650 1033  971  636 1168  794 
1235 1388  688  863  912 1299  770  923  872 1104  923 1005 1281 1163 1011 1150 1399 1393 1408 1377 1188 1081  701 1335  680 1203 1139 1261  845    0 1232  841 1372  656  887 1462  957 1342  969 1094 1472  755  808 1256 1452  690 1357  996 1289  937 1445  703  747 1101 1058 1186 1501 1059  957  966 1118 1073  734  990 1259  683 1492 1291 1119 1194 1203 1404 1506 1056  883 1365 1526  980  777  831  868 1015 1448 1341 1576 1452  728 1011 1064 1251 1397  886 1129 1460 1183 1204  860 1072 1207  672 1146 1187 1560  720 1308 1221  781 1449  906  675 1284 1363  936  868 1259 1179 1201 1280  979 1196 1462 1289  706  902 1462 1162 1442 1198 1014 1106 1412  787  927  877  922 1101  882 1133  937  951 1475 1393 1254 1028  724 1331 1320  770 1446 1224 
1042 1374  690  973 1107 1340  770 1226  776 1150  729 1038 1247 1410 1133  996 1515 1380 1176 1202 1188 1107  872 1266  919 1259 1118 1193  694 1232    0  752 1330  776  886 1375  972 1398 1058 1095 1302  687  761 1523 1207  836 1414 1151 1422 1084 1267  678  676 1137 1023 1077 1108 1082 1010 1025 1099 1081  926  921 1388  850 1382 1422 1242 1145 1273 1412 1344 1050  948 1245 1255 1058  903  745  767 1066 1155 1208 1242 1330  728 1026 1063 1330 1191  741 1159 1394 1279 1052  724 1034 1076  917 1089 1460 1439  900 1443 1442  723 1485  861  838 1152 1290  679  895 1325 1110 1401 1410 1260 1095 1379 1270  783  898 1288 1002 1377 1016 1199 1177 1484  698  687  819  886 1207  914 1135  706  826 1462 1185 1353 1148  843 1327 1316  938 1535 1120 
 995 1063  382  627  715 1015  681  783  621  774  633  929 1096 1102  728  806 1110 1149 1047 1026  755  806  614 1174  646 1157  952  820  653  841  752    0  971  663  637 1034  409 1053  822  870 1066  575  524 1134 1134  530  849  658 1095  897 1097  480  643  823  718  994  825  900  802  783  821  926  591  886 1058  551 1031 1057  660  894  677  986 1050  841  679 1098  998  729  697  635  506  922 1189 1175 1090 1053  570  813  919 1049  887  671  891  927 1009  913  497  837  807  544  916 1259 1056  379  935 1121  668  991  383  418  928 1154  522  439 1261  750 1054  971  792  922 1042  970  519  393  941  699 1065  965  869  875 1062  453  513  517  513  690  567  975  629  588 1056 1150 1009  938  482 1009 1083  692  949  647 
1328 1682 1086  904 1384 1335 1197 1457 1116 1402 1010 1393 1610 1720 1244 1340 1704 1590 1755 1484 1249 1191  901 1553  973 1645 1161 1547  887 1372 1330  971    0 1148 1074 1630  881 1572 1511 1223 1615  885 1081 1398 1576 1197 1508 1593 1567 1513 1660 1218  987 1311 1400 1137 1445 1554 1190 1295 1275 1446  913 1326 1853 1135 1719 1435 1464 1414 1332 1591 1823 1494  928 1473 1411 1159 1042 1114 1075 1351 1741 1571 1490 1447 1003 1477 1368 1638 1533 1191 1354 1494 1339 1308 1039 1442 1241  948 1186 1624 1408 1006 1477 1587 1208 1732 1223 1123 1454 1457 1052 1141 1493 1240 1593 1482 1196 1472 1819 1417  895 1072 1541 1336 1579 1553 1318 1353 1702 1072 1105  939  943 1383  968 1257 1146  941 1482 1765 1680 1223  903 1424 1518 1006 1499 1410 
 892 1055  423  558  931  869  581  879  540  663  492  762  938 1014  842  715 1087 1076 1063 1222  726  783  645  866  630 1046  848  801  550  656  776  663 1148    0  621  954  481 1006  733  819 1081  465  537 1105  920  636 1017  799 1105  914 1138  489  473  719  782  903 1020  864  882  796  851  831  608  888  874  489 1106 1013  811  669  814  893 1022  786  491  999  973  740  582  520  464  886  856 1054  968  941  477  830  704  981  868  566  697 1107  790  736  574  865  735  646  729 1079 1262  387 1191 1145  594  978  486  626  671 1139  600  622 1007  763  911 1092  913  855 1088 1055  438  425  864  745 1152  655  892  946 1032  601  510  459  533  839  423  773  494  472 1212 1074  980  956  588  852  926  455 1229  859 
 698 1067  712  456  878 1063  457  809  467  832  413  915  958 1152  863  667 1086 1053  971  956  849  724  531 1123  683 1195  902  842  543  887  886  637 1074  621    0 1211  562  942  909  922 1101  420  418 1146  980  404 1072  874 1116  691 1015  525  503  713  969  730 1241  945  785  971  696  778  501  654 1125  421 1239 1078  812  905  726 1201  981  776  659 1181 1240  808  595  540  583  836 1102 1185 1273 1107  474  673  871 1157 1059  592  697  982  811  699  434  861  799  563  772 1183 1033  516 1142 1102  619 1108  495  523  798 1086  474  413 1257  862  992  924  683  682  990 1005  627  472 1192  637 1036  691  895  866  944  465  463  552  480  953  643  740  675  442 1087  969  884  785  465 1093 1171  608  983  975 
1435 1704 1020 1108 1336 1661 1110 1379 1013 1282 1033 1400 1608 1400 1238 1315 1595 1615 1742 1617 1582 1530 1081 1491 1129 1521 1236 1443  991 1462 1375 1034 1630  954 1211    0 1166 1689 1276 1514 1723 1136 1046 1798 1649  989 1572 1233 1639 1252 1394 1125 1254 1241 1354 1301 1674 1086 1269 1446 1532 1195  970 1328 1510 1025 1403 1678 1375 1315 1166 1867 1578 1404 1069 1393 1644 1344 1034 1143 1004 1192 1597 1593 1474 1788 1081 1188 1377 1609 1294  906 1364 1376 1111 1486 1033 1327 1461 1030 1310 1713 1822 1024 1717 1453 1101 1395 1160 1006 1246 1555 1057 1257 1646 1283 1561 1501 1306 1365 1651 1770  932 1065 1418 1330 1565 1344 1168 1265 1623 1260  948  963 1077 1305 1105 1383 1052 1171 1742 1606 1819 1476 1078 1656 1529 1050 1663 1307 
 805  965  516  470  833 1031  477  869  389  944  608  756  898  862  824  743 1132 1142 1161 1100  715  900  640 1045  563  992  833  892  609  957  972  409  881  481  562 1166    0 1140  982  651 1083  473  526 1134 1031  558 1001  797 1073  972 1066  573  532  842  849  788 1073  842  868  698  930  842  532  795 1199  427 1117 1033  741  794  824  968 1071  923  562 1017 1133  725  623  443  402  870  964  903 1235 1048  635  876  863  923 1034  570  865 1276  680  759  661  802  795  431  958 1121 1149  612 1273 1051  437 1018  656  608  864  929  437  438 1151  877 1125 1293  731  813 1230  905  406  676  964  711 1149  799  647  933 1120  630  663  642  505  889  603  725  499  451 1210 1056 1066  826  628 1199  890  565 1191  723 
1367 1725  885  970 1355 1683 1060 1386  926 1353 1118 1445 1497 1594 1276 1382 1760 1813 1443 1471 1401 1413  952 1586  888 1658 1512 1473 1065 1342 1398 1053 1572 1006  942 1689 1140    0 1289 1455 1565 1251 1079 1560 1416 1054 1378 1371 1542 1317 1598 1004  934 1475 1249 1274 1565 1312 1150 1170 1453 1432  949 1251 1789  874 1539 1613 1326 1355 1290 1556 1483 1317  992 1535 1479 1264  964 1031 1055 1394 1618 1776 1487 1434  983 1413 1326 1504 1547  890 1447 1432 1220 1280 1031 1308 1496 1092 1386 1649 1466 1000 1475 1537 1143 1559 1194 1037 1339 1493  980  992 1706 1343 1514 1762 1092 1266 1624 1464 1042  887 1454 1305 1558 1275 1233 1202 1368 1072  999 1153 1108 1206  836 1482 1034 1020 1622 1501 1568 1124  939 1652 1504  912 1637 1447 
1182 1424  873  925 1223 1390  809  968  832 1195  973  946 1482 1421  917 1163 1230 1149 1256 1512 1183 1095  708 1198  818 1369 1166 1109  800  969 1058  822 1511  733  909 1276  982 1289    0 1134 1268  850  812 1345 1452  848 1220 1043 1343 1191 1313  735  666 1164 1223 1111 1586 1075 1257 1020  963 1133  944  955 1382  730 1346 1228 1189 1196 1172 1299 1336 1017  718 1294 1319 1103  736  764  820 1018 1155 1265 1223 1227  764 1147  881 1401 1326  738 1149 1222 1186 1177  679 1244 1024  852  990 1542 1444  724 1304 1288  943 1170  717  834 1011 1229  635  749 1262 1169 1401 1457 1221 1188 1188 1409  725  834 1389 1094 1132 1042 1059 1019 1443  819  811  759  882  989  868 1172  727  894 1176 1238 1274  948  906 1367 1265  799 1212 1051 
 998 1527  734  758 1061 1242  950 1031  906 1159  747 1087 1428 1173 1167 1128 1245 1362 1387 1405 1203 1194  961 1324  672 1313  995 1166  775 1094 1095  870 1223  819  922 1514  651 1455 1134    0 1130  969  957 1334 1194  667 1395 1270 1266 1167 1399  835  663 1101 1201 1084 1224 1062 1201 1119  948 1195  870 1194 1343  992 1362 1193 1040 1126 1133 1292 1367 1109  752 1362 1339 1061  705  748  795 1081 1219 1390 1419 1356  798 1082 1154 1326 1420  999 1045 1183 1167 1195  698 1208  998  695  997 1438 1358  896 1228 1443  708 1447  785  797 1217 1214  774  728 1316 1119 1481 1448 1047 1009 1433 1469  940  878 1358 1167 1447  914 1078 1031 1193  756  711  849  839 1146  900  946  862  945 1506 1280 1357 1161  861 1380 1541  724 1250  991 
1518 1602  935 1227 1466 1653 1047 1432 1258 1169 1036 1416 1790 1595 1275 1445 1636 1626 1642 1585 1333 1380 1064 1681 1123 1605 1260 1411  943 1472 1302 1066 1615 1081 1101 1723 1083 1565 1268 1130    0  917  960 1825 1677 1029 1683 1274 1628 1330 1478 1217 1252 1416 1466 1333 1535 1227 1151 1269 1429 1404 1007 1377 1569 1089 1860 1486 1144 1411 1495 1728 1701 1350  921 1566 1509 1261  936 1053 1012 1427 1686 1645 1537 1681 1165 1473 1353 1632 1522 1149 1329 1492 1272 1280 1009 1480 1333  984 1227 1404 1612 1252 1474 1754  894 1511 1098 1067 1479 1542 1087  983 1730 1291 1562 1502 1266 1484 1796 1570 1007  932 1602 1271 1749 1364 1346 1271 1640 1198 1144 1074 1080 1240 1063 1100 1201 1129 1483 1713 1720 1371 1024 1742 1551  937 1552 1349 
 918  889  480  654  689 1178  570  748  680  904  531  787 1175 1160  720  831 1045 1142 1047 1074  720  835  670  965  606 1183  709  866  495  755  687  575  885  465  420 1136  473 1251  850  969  917    0  403 1059 1042  465 1088  966 1056  808 1185  479  439  665  819  924  865  832  844  965  824  849  465  683 1096  567 1072 1075  873  913  698 1100 1183  993  635 1073  884  679  564  681  664  814 1085  934 1099 1087  703  964  734 1165  995  417  792 1099  777  708  649  950  842  624  844 1035 1014  562 1102 1160  556 1151  569  671  887  984  648  440 1131  804 1079 1003  709  854  915  902  625  470  982  908  948  680  877  832  874  388  658  576  570  725  458  781  420  518  995  893 1195  776  625 1136 1045  651 1085  814 
 865 1181  551  460  711 1120  493  715  555  769  388  827 1063 1093  804  881 1064 1032  979 1021  733  838  405 1189  662 1048  770  926  692  808  761  524 1081  537  418 1046  526 1079  812  957  960  403    0 1053 1024  435  888  875 1158  912  958  534  626  639  910  809 1148  843  905  812  689  900  460  935  897  420 1224 1284  758  769  835 1122 1008  776  570 1076  993 1011  694  667  525  711 1188 1003 1159 1221  625  854  766 1060 1038  553  864 1187  824  742  515  958  866  553  932 1107 1173  588  894 1122  496 1015  548  655  756 1061  594  625  999  747 1249 1071  827  788  936  948  594  689  969  765 1144  968  944  788 1106  518  553  568  558  839  615  873  647  560 1167 1002 1010  714  559  811  938  670 1237 1001 
1295 1466  930 1228 1277 1786 1181 1405 1257 1204 1021 1424 1636 1751 1343 1496 1778 1620 1628 1518 1314 1290 1002 1690  929 1576 1330 1200 1198 1256 1523 1134 1398 1105 1146 1798 1134 1560 1345 1334 1825 1059 1053    0 1703 1087 1700 1327 1651 1195 1589 1010  909 1427 1321 1424 1545 1315 1278 1492 1448 1394  928 1282 1328  951 1430 1376 1362 1211 1445 1613 1451 1489 1132 1715 1436 1407  961 1134  989 1157 1501 1599 1706 1456 1014 1498 1256 1487 1675 1071 1543 1560 1240 1366 1069 1331 1347 1155 1360 1688 1490 1124 1754 1483 1010 1488 1076 1131 1275 1561 1181 1244 1434 1499 1434 1541 1349 1402 1539 1526 1087 1096 1545 1393 1438 1287 1342 1563 1532 1155 1132  903 1165 1355  965 1228 1157 1210 1590 1758 1572 1331 1130 1662 1564 1138 1481 1339 
1393 1810 1113  941 1270 1448  928 1504  986 1310 1201 1222 1582 1597 1314 1323 1778 1557 1576 1720 1166 1311 1238 1741 1093 1565 1306 1444 1013 1452 1207 1134 1576  920  980 1649 1031 1416 1452 1194 1677 1042 1024 1703    0 1067 1479 1389 1768 1456 1456  962 1108 1265 1439 1382 1439 1322 1320 1407 1373 1376 1172 1438 1737 1132 1430 1533 1180 1292 1255 1539 1628 1439 1068 1659 1796 1483  883 1210 1051 1230 1468 1676 1524 1671 1106 1444 1346 1441 1489 1144 1328 1619 1161 1435  997 1240 1163 1250 1302 1674 1538 1144 1542 1684 1149 1664 1002  996 1261 1485 1093 1307 1735 1401 1654 1678 1354 1326 1598 1680 1158  858 1743 1305 1521 1384 1196 1331 1594 1063 1138 1210 1015 1390 1043 1415 1114 1239 1548 1680 1840 1392 1017 1586 1503  975 1516 1398 
 831 1052  538  619  675  916  563  691  507  692  638  748 1127  957  840  811 1029  850 1093  996  981  811  634 1155  607 1042  770  719  612  690  836  530 1197  636  404  989  558 1054  848  667 1029  465  435 1087 1067    0 1046  638  982  891 1002  565  541  830  914  770 1219  915  802  879  727  768  491  724 1122  540 1059 1129  847  764  708  994 1220  773  448 1136 1118  874  455  690  520  811 1118  899 1162 1041  409  922  850 1088 1059  458  674 1025  672  686  625  772  902  654  959 1063  987  650 1208 1211  657 1140  495  517  724 1165  402  531 1030  699 1217  969  958  942 1220 1069  590  383 1157  903 1004  722  956  672  998  640  486  659  519  860  650  927  634  571 1027 1066 1122  690  541 1027 1207  633 1080  952 
1299 1701 1124 1046 1239 1530 1192 1338  906 1218 1136 1347 1650 1505 1423 1509 1628 1641 1742 1483 1405 1374 1061 1713 1232 1532 1426 1367 1003 1357 1414  849 1508 1017 1072 1572 1001 1378 1220 1395 1683 1088  888 1700 1479 1046    0 1188 1562 1323 1518 1184 1126 1455 1278 1195 1507 1410 1372 1460 1534 1191  908 1364 1603 1004 1714 1692 1389 1275 1439 1675 1838 1288 1155 1570 1666 1290  911  944 1096 1486 1590 1426 1651 1458 1079 1198 1354 1706 1564 1073 1299 1606 1395 1304 1192 1524 1496 1087 1508 1349 1654 1206 1656 1600 1244 1449 1000 1211 1148 1629 1250 1245 1631 1268 1534 1648 1419 1539 1522 1569  904 1138 1807 1289 1668 1439 1416 1250 1549 1076 1065  936 1097 1206 1105 1271 1079  993 1707 1498 1615 1162 1295 1461 1412  926 1494 1214 
1201 1370  737  826 1051 1406  734 1072  896 1240  792 1062 1466 1139 1022 1133 1259 1289 1207 1347  998 1093  945 1376  862 1349 1247 1015  802  996 1151  658 1593  799  874 1233  797 1371 1043 1270 1274  966  875 1327 1389  638 1188    0 1384 1072 1376  871  844 1232  963 1248 1380 1234 1139 1061 1173 1068  939 1135 1271  901 1133 1358  972 1226 1045 1330 1311  941  950 1324 1462 1088  776  860  977 1116 1321 1242 1259 1534  937  952  879 1357 1292  809 1090 1414 1105 1120  889 1025 1127  848  996 1411 1387  694 1388 1189  966 1423  881  890 1123 1175  944  856 1429 1116 1363 1222 1191 1053 1388 1471  867  950 1296 1114 1358 1114 1182 1141 1339  913  940  801  814 1163  729 1225  772  775 1370 1389 1375 1103  921 1326 1227  900 1328 1095 
1343 1675 1150 1121 1319 1725 1014 1154 1081 1469  994 1346 1652 1525 1414 1364 1616 1494 1607 1628 1281 1254 1044 1577 1006 1718 1292 1360 1136 1289 1422 1095 1567 1105 1116 1639 1073 1542 1343 1266 1628 1056 1158 1651 1768  982 1562 1384    0 1279 1277 1110 1179 1217 1330 1402 1618 1145 1446 1491 1335 1249 1106 1456 1471  935 1681 1745 1142 1296 1252 1616 1591 1366 1193 1784 1516 1360 1217  914  926 1348 1465 1444 1662 1789  878 1282 1313 1759 1537 1079 1157 1411 1527 1493  880 1401 1511 1234 1359 1576 1502 1068 1605 1574  926 1711 1003 1123 1582 1576  945  999 1626 1256 1478 1572 1403 1348 1633 1383  936 1167 1679 1401 1539 1378 1438 1314 1463 1092 1073 1007 1062 1220 1065 1443  966 1129 1698 1570 1680 1515  998 1516 1729 1007 1521 1490 
1142 1485  899  913 1091 1356  920 1142  832 1210  713 1109 1362 1178 1123  922 1225 1279 1268 1220 1191 1116  892 1215  662 1099 1158 1142  830  937 1084  897 1513  914  691 1252  972 1317 1191 1167 1330  808  912 1195 1456  891 1323 1072 1279    0 1221  724  881 1188 1242 1189 1440 1151 1085 1105 1238 1148  722 1224 1201  793 1364 1467 1097 1057 1078 1279 1315  956  760 1201 1264 1019  978  727  832 1112 1297 1511 1326 1268  874 1174 1179 1353 1258  806 1102 1403 1026 1009  797 1207 1147  916 1065 1374 1316  795 1283 1441  943 1516  689  897 1153 1344  780  911 1511  977 1329 1282 1092 1178 1393 1381  849  748 1346 1047 1503  927  923  962 1390  807  663  899  764 1020  738 1040  659  835 1130 1173 1494 1258  796 1318 1431  881 1401  980 
1426 1657 1018 1076 1322 1507 1101 1348 1156 1303 1158 1289 1377 1351 1166 1313 1525 1517 1580 1768 1379 1177 1204 1514  883 1495 1274 1337 1091 1445 1267 1097 1660 1138 1015 1394 1066 1598 1313 1399 1478 1185  958 1589 1456 1002 1518 1376 1277 1221    0 1143 1227 1454 1343 1330 1653 1247 1534 1477 1300 1408 1116 1255 1564 1033 1599 1675 1239 1268 1283 1552 1623 1289 1039 1437 1467 1189  974 1012 1050 1325 1624 1516 1779 1436  944 1352 1290 1806 1427 1276 1462 1575 1154 1378  989 1151 1562 1090 1352 1663 1561 1143 1569 1400 1115 1681 1011 1034 1429 1622 1190 1183 1556 1438 1420 1678 1384 1279 1457 1394 1060 1038 1549 1289 1474 1378 1343 1210 1445 1050 1066  943 1092 1237 1202 1458 1120  874 1625 1536 1653 1442 1089 1728 1552  956 1443 1402 
 875 1121  636  478  703 1100  398  761  501  828  381  783 1093 1038  946  713 1020 1214 1240  999  740  851  499 1203  387 1040  699  822  494  703  678  480 1218  489  525 1125  573 1004  735  835 1217  479  534 1010  962  565 1184  871 1110  724 1143    0  551  714  661  842 1231  714  780  717  705  739  517  819 1122  636  916 1199  810  777  887  844 1086  754  623  982 1133  749  438  602  594  777  989 1192 1220 1153  574  754  835  961  942  532  696 1087  809  882  514  945  844  608  795 1106 1167  640 1088  981  606 1034  532  657  929 1017  694  430 1116  956 1043 1147  788  916  980  987  623  562  930  774 1096  896  849  641 1036  392  533  517  552  958  700  883  574  393  972  995  970  913  635  929 1007  511  978  848 
 892  869  382  441  680  940  542  930  526  930  536  712  978 1102  751  794  891 1001  916 1023  717  877  385 1240  601 1015  714  753  451  747  676  643  987  473  503 1254  532  934  666  663 1252  439  626  909 1108  541 1126  844 1179  881 1227  551    0  889  770  694  920  758  869  668  868  764  561  766 1178  490 1285  953  885  656  706 1201  989  757  613 1158  961  707  560  449  528  805 1067 1100  990 1241  665  877  839 1264 1074  573  941 1226  935  760  509  788  784  574  894 1106 1148  508 1099 1003  469 1048  493  592  788  988  559  580 1104  818  938 1210  746  903  901 1150  570  627 1121  770 1139  731  940  705 1228  581  476  618  660  764  522  812  540  465 1225 1082 1118  877  647 1063 1028  443 1070  921 
