200 4 16 2659

   0  958  628  449 1123  524  718  612  645  772  649  890 1067  960  678  934 1182  726 1096  541  960  593  555  844  733  451  822 1150  761  656  562 1156  465  847  471 1051  512  813  935  890  495  667  945  525  595  771  447 1217  905 1067 1012  691  914  870  755  558  993  902 1210  543  762  920 1021  673 1107 1121  561  860  475  945 1128  808  867  605  701  528 1252  388  807  910  504  643  543  887  684 1000 1199  714  962  967  979 1232 1041  686  699  773 1007  856 1030  449  864  913  728  884 1089  772  568  985  772  856 1011  744  512  776  961  710 1143 1254  962  432  868  910  740  504  836 1057 1097  949  521  560  416  711 1182  969  979  764  649  850  432 1052  544 1204  713  905  523 1007  765  861  423  767  795  543  520  796  985  388 1025 1298  778  798  824  559  987  709 1175 1166  822  785  834 1053  719  957  734 1039  492  715  791 1009 1120  586  553  991  551 1210  579  896  521 1210  993  922  827  620  422  403  932  848  950  898  520 1016 
 958    0  684  742 1465  842 1030  872  873 1319  811 1046 1220 1261 1096 1189 1249 1010 1493  726 1396  893  900 1164 1222  768 1069 1274  975 1257  852 1481  675 1099  837 1276  745 1237 1070 1020  782  675 1185  748  873 1056  664 1428 1057 1471 1429 1267 1197 1072  940  763 1180 1153 1394  921 1112 1120 1268 1224 1224 1378  886 1018  993 1156 1193  958 1345  868 1256  859 1279  804 1028 1127  773  807  719  912 1130 1365 1354 1172 1382 1255 1388 1300 1322 1155 1076 1211 1286 1109 1233  722 1169 1045 1101 1221 1317 1165  914 1158 1172 1059 1231  966  807 1044 1178 1079 1320 1167 1486  723  961 1060 1040  747  975 1329 1326 1284  825  847  685 1068 1218 1424 1265 1177  970 1095  727 1385  896 1426 1179 1131  717 1384 1059 1045  705 1040  957  796  851 1103 1503  739 1502 1389  939 1141 1002  788 1322 1074 1103 1493  942 1137  952 1212  993 1013 1155 1216  951 1177 1157 1381 1228  877  778 1255  892 1222  717 1089  855 1535 1202 1397  991 1025  980  633 1130  955  951 1265  719 1338 
 628  684    0  598 1006  670  909  670  418  790  541  924 1174 1103  845  935 1222  872 1005  667 1090  437  670  646  734  573  678 1041  831  865  474  903  482  758  460 1201  670  764  704  762  546  534  699  565  604  647  580 1161  802 1210 1199  721  829  708  769  496 1296  682 1092  421  867  880 1011  780 1090 1116  653  990  501  925 1215  926 1084  632  766  589 1216  496  897  875  485  635  597  950  697 1070  873  890  997  991 1168 1087 1241  998  859 1011 1197  874 1161  590  803  708  719  897 1067  635  646  650  914  867  923  740  549  818  715  741 1085 1060 1090  432  684  669  736  641  786 1217 1028 1152  420  636  539  892 1225 1128 1064  913  701  840  486 1087  605  941  893  875  488 1249  925  744  591  756  865  502  558  713  972  590 1007  942  922  706  904  699  971  962 1051  919  830  749  739 1063  966  946  896 1126  577  832  899 1019  853  421  424 1030  553 1153  569  871  568 1027  774  960  786  943  443  508  711  892  752  800  701 1074 
 449  742  598    0  949  486  973  509  660  896  445  917 1132 1008  779  790  956  925 1204  620 1115  632  424  793  732  477  707 1299  837  797  507 1107  662  837  644 1087  610  897  704  832  512  418  857  499  630  980  644 1116  633  871  887  822  961  870  663  575 1109  736 1102  573  896  708  973  719  851 1115  572  939  457  937  942  991 1175  451  960  607 1131  436  909  909  456  515  546  719  725 1067 1103  818 1187  913 1116 1141  941  903  794  940  928  782 1217  647  821  705  797 1051 1143  998  646  861  894  769  997  727  510  841  970  780  940 1098 1005  466  962  802  767  656  711 1112 1049 1146  653  469  427  774 1132  948 1160  939  862  688  507  910  462 1181  914  810  490 1155  878  987  595  833  727  480  570  921  944  640 1119  918  814  647  758  685 1091  951  937 1107  854  839  683 1078  748  779  844 1160  527  871  812 1083  961  496  491  984  554 1253  675  813  678  961  935 1041  822  787  389  537  952  788  698  864  460  904 
1123 1465 1006  949    0 1095 1573 1040 1052 1261 1112 1176 1666 1461 1425 1268 1804 1493 1590  917 1706  978 1160 1299 1512  969 1279 1358 1318 1390 1084 1515 1124 1391 1286 1658 1182 1221 1412 1410  955 1079 1295 1056  997 1377  929 1526 1306 1592 1593 1437 1410 1494 1407 1046 1473 1159 1482  969 1155 1323 1495 1301 1822 1726 1155 1347 1104 1507 1540 1271 1688  956 1411 1088 1578  920 1416 1313 1057 1195 1037 1183 1203 1674 1632 1271 1769 1538 1740 1627 1721 1246 1430 1193 1578 1274 1535  887 1322 1503 1109 1472 1542 1511 1218 1383 1336 1169 1464 1542 1069 1194 1340 1380 1645 1526 1527 1084 1303 1321 1431  904 1371 1530 1786 1826 1221  898  973 1297 1538 1615 1492 1197 1392 1282 1150 1493  949 1674 1380 1188 1046 1630 1211 1165  995 1575 1255 1102 1084 1276 1779 1107 1572 1591 1311 1354 1279  970 1527 1368 1688 1657 1296 1396 1454 1503 1364 1401 1578 1650 1167 1350 1230 1609 1414 1114  994 1434 1109 1524 1136 1450 1165 1548 1441 1581 1373 1404 1238 1187 1250 1430 1201 1538 1159 1604 
 524  842  670  486 1095    0  982  630  580  731  575  871  864 1253  660  864 1148  895 1093  425 1147  586  649  856  717  480  916 1067  795  728  640 1118  634  943  590 1022  589  858  851 1007  593  434  818  494  632  727  581  868  736  955 1134  919  681  747  896  624 1166  680 1181  540  717  702 1011  924 1031 1052  634  752  689  893  936  818 1122  606  677  504  913  609  780  871  579  563  579  902  818 1221  991  777  922 1158 1143  951 1060  806  787  820 1268  675 1131  641  883  706  953 1047 1021  920  505  734  874  735  831  643  436  640  696  681 1070 1232  952  483  781  758  925  420  783 1078  906 1244  468  614  573  856 1178 1106 1134  662  726  745  445 1073  563 1183  694  943  487 1018  927  740  496  883  733  610  521  693 1003  571 1109 1121  821  844  677  519 1052  666  952 1055  638  817  770 1069  930  719  740 1089  542  921  805  999 1202  485  627 1060  506 1107  630  880  601 1057  728 1161  882  819  485  622  917  919  694  810  615 1099 
 718 1030  909  973 1573  982    0  795  931 1191  815 1191 1360 1275 1270 1278 1365 1160 1182  915 1371  685  835  963 1179  745 1201 1479  986 1156  696 1394  768 1166  864 1385  721 1144 1225 1252  911  916 1103  684  868 1170  755 1265 1073 1356 1344  970 1154 1292  962  943 1543 1108 1305  739  955 1058 1520  921 1304 1515  772 1110  787 1100 1312 1073 1287  692 1159  790 1191  969 1036 1051  691  983  744  946  979 1555 1247 1031 1259 1142 1347 1480 1286 1051 1017 1122 1481  968 1312  774 1182 1133 1164 1288 1281 1029  826 1046 1117 1105 1418 1039  885  947  979 1057 1342 1285 1342  843 1130 1103 1099  859 1096 1291 1450 1164  787  750  829 1006 1386 1243 1239 1170 1034  981  784 1258  924 1316 1071 1293  918 1228  956 1139  676 1175 1110  796  891 1106 1150  890 1360 1266 1045 1109 1198  895 1188 1138 1183 1217 1089  986 1059 1351 1073  901 1243 1287  933 1060 1246 1346 1495  754  835 1263  905 1366  954 1222  721 1315 1164 1424 1125 1158  763  799  996 1080 1180 1185  838 1377 
 612  872  670  509 1040  630  795    0  462  981  631  814 1032 1278  720  756 1048  670 1116  603 1118  577  495  676  799  410  843 1189  751  853  478 1091  666  776  485 1088  458  926  901  843  614  488  723  417  421  761  570 1197  794 1163 1058  826  862  776  716  594 1138  960 1053  597  711  875 1306  711  887 1232  484  862  607  922 1017  750  986  470  840  688 1125  445  807  816  597  480  655  783  929 1151 1024  739 1174  977 1212 1094 1129  838  937  841 1217  756  971  596  762  858  774 1037  955  784  477  768  946  722 1031  904  511  803  930  867 1032  954 1238  395  708  872  686  623  891 1025 1016 1106  697  437  516  887 1203 1003 1029  831  865  746  545 1230  668  965  896  798  602 1135  805  711  468 1017  772  520  706  751  950  548  989 1014  800  831  715  596 1185  834 1155 1051  930  775  685 1027  801  911  817 1054  555  930  693 1030 1066  536  465  970  389 1028  460  770  679  984  686 1022  753  730  606  392  828  744  713  781  380  846 
 645  873  418  660 1052  580  931  462    0  832  687  809 1112 1280  795  840  976  860  953  565 1098  671  427  739  713  432  812  937  989  736  593 1175  599  856  496  983  543  902  919  702  477  439  964  451  465  934  622  957  853 1099  991  673  912  725  897  618 1117  792  912  554  833  703 1021  834  867 1098  404  699  668  679  932  888 1142  529  950  517 1268  644  877  703  495  622  604  727  853 1100 1129  845  981 1067 1136  948 1131  774  943  713  918  852 1145  536  834  786  882 1032 1225  783  594  710  890  845 1096  940  633  859  728  793 1064  954  954  463  955  720  890  572  685 1206 1015 1212  538  433  576  927  992 1084  972  701  903  976  656 1205  613  936  824  886  660 1028  805  703  475  778  768  467  582  838 1090  527 1031 1236  921  661  741  495  885  844 1025  976  770  905  739  998  853  865  892 1047  459  690  728  958 1120  635  598 1145  628  915  657  827  536  919  829 1163  855  744  473  474  819  877  798  672  571 1146 
 772 1319  790  896 1261  731 1191  981  832    0  719 1208 1245 1500  937 1067 1403  924 1421  646 1528  738  699 1029 1230  925 1242 1407  953 1061  890 1263  925 1063  832 1468  732 1112 1108 1157  950  752 1193  701  780  994  823 1580  945 1339 1301 1035 1263 1197 1085  860 1336 1151 1482  872 1127 1281 1516 1133 1525 1487  847 1053  826 1122 1303 1084 1574  869 1274  983 1393  788 1090 1247  834  808  732 1160 1106 1517 1187 1095 1510 1247 1162 1289 1267 1283  964 1068 1397  975 1406  945 1145 1010 1105 1252 1401 1143  889 1191  956 1017 1244 1163  667  966 1120 1150 1276 1387 1152  843  892 1051 1021  747 1176 1363 1538 1291  779  816  859 1241 1376 1341 1425 1180 1222 1195  686 1439  753 1389 1045 1034  694 1186  987  959  878 1193 1295  985  925 1011 1373  752 1312 1264 1042 1018 1183  782 1386  971 1203 1303 1194 1148 1241 1563 1223 1206 1143 1423  805 1165 1007 1398 1383  877  731 1327  697 1290  736 1065  916 1321 1228 1113  991 1170  819  821 1017 1135 1081 1123  853 1413 
 649  811  541  445 1112  575  815  631  687  719    0  930 1141  989  873  704 1022  666 1021  428 1047  668  586  654  729  472  794 1010  845  779  652 1156  643  900  466 1137  637  691  885  744  580  649 1005  393  608  891  498  828  828 1208 1024  890  916  948  827  584  904  785 1202  515  806  776 1064  963  824 1037  512  666  514  851 1076  797  961  608  878  598 1027  438  766  900  545  667  633  903  942 1125 1092  912  985 1145 1012  968 1065  928  737  694 1021  980 1121  654  735  790  758 1187 1225  878  435  763  880  743 1208  700  454  708  757  824 1059 1153 1071  612  766  682  807  526  846 1097 1250 1086  576  441  615  784  916 1051 1136  926  873  890  463 1145  505 1001  893  832  551 1015  909  771  472  808  872  702  635  874 1118  492 1039 1034  778  751  886  463 1145  862 1091 1072  904  898  632  881  646  874  921 1025  595  732  824 1101  901  611  420 1213  602 1176  497  864  476 1186  843 1052  700  847  615  485  946  912  899  660  458 1133 
 890 1046  924  917 1176  871 1191  814  809 1208  930    0 1231 1260  989  958 1493 1057 1276  891 1244  832  930  969 1005  808 1150 1274 1088 1173  857 1246  674 1009  693 1210  882  953 1212  990  754  931 1176  920  848  934  893 1481 1222 1244 1475 1095 1049  988 1165  868 1218 1119 1530  807 1184  983 1404 1209 1246 1503  904 1120  932 1169 1376 1046 1418  749 1097  922 1159  854 1014 1089  856  975  773 1073 1025 1515 1280 1111 1382 1427 1162 1488 1571 1056 1005  931 1307 1091 1114  850 1178  985 1014 1200 1472 1207  746 1026 1166 1042 1360 1085  787  934  931  941 1577 1365 1435  637 1066 1202 1157  982  981 1490 1270 1356  915  745  752 1164 1475 1473 1329 1140 1119 1063  874 1519  766 1244 1070  963  756 1300 1077 1171  882 1004 1213  856  797 1159 1066  674 1293 1334 1156  919 1030  946 1545  961 1258 1506 1124 1152 1049 1442 1167 1064 1223 1414  735 1069 1182 1270 1548  712  714 1530  844 1488  732 1071  725 1349 1169 1299  967  990  785  744 1191 1063 1130 1131  924 1194 
1067 1220 1174 1132 1666  864 1360 1032 1112 1245 1141 1231    0 1729 1390 1251 1566 1390 1389 1030 1656  967 1092 1338 1199 1004 1257 1606 1269 1515 1025 1390 1031 1246 1201 1462 1096 1265 1252 1284 1017 1086 1186 1144 1186 1564  977 1664 1412 1511 1691 1447 1450 1261 1419 1057 1390 1330 1626  930 1448 1401 1577 1338 1606 1457 1122 1223 1065 1538 1454 1456 1528  993 1272 1232 1721 1097 1372 1188 1027 1121 1241 1347 1194 1431 1540 1208 1386 1568 1512 1462 1661 1207 1466 1291 1519 1397 1423 1010 1497 1375 1341 1701 1583 1308  925 1528 1128 1360 1713 1458 1201 1411 1260 1330 1666 1556 1699 1113 1194 1291 1299 1098 1404 1734 1594 1587 1123 1183 1225 1246 1715 1382 1542 1340 1411 1474  870 1484 1143 1800 1179 1407 1148 1532 1375 1482 1066 1403 1330 1246 1112 1277 1487 1242 1545 1701 1197 1186 1458  849 1426 1414 1709 1429 1357 1433 1425 1561 1352 1177 1301 1581 1101 1408 1314 1345 1616 1111  957 1661  935 1411 1177 1375 1233 1440 1403 1403 1362 1284 1172  958 1240 1225 1266 1229 1062 1684 
 960 1261 1103 1008 1461 1253 1275 1278 1280 1500  989 1260 1729    0 1255 1244 1716 1247 1473 1139 1533 1107 1122 1374 1235  982 1344 1648 1425 1375  819 1339  885 1493  887 1429 1062 1269 1302 1401 1015 1103 1417 1033  948 1317  941 1659 1462 1732 1397 1400 1453 1309 1353 1075 1718 1104 1398  946 1531 1204 1430 1341 1820 1414 1233 1267 1148 1477 1536 1336 1528  917 1269 1089 1587  970 1406 1277 1052  908  969 1293 1440 1706 1386 1396 1435 1818 1737 1547 1441 1499 1421 1208 1668 1571 1682 1043 1475 1198 1347 1839 1517 1504 1125 1351 1165 1264 1541 1373 1032 1522 1405 1484 1672 1405 1523 1045 1379 1364 1171 1116 1337 1645 1740 1453 1001  877  917 1311 1624 1544 1544 1293 1268 1462 1214 1377  877 1464 1425 1245 1236 1662 1340 1603  993 1434 1311 1068 1004 1475 1663 1058 1410 1712 1370 1249 1313 1099 1596 1257 1453 1479 1581 1328 1448 1554 1555 1322 1137 1426 1292 1258 1318 1587 1615 1107 1067 1436 1268 1720 1106 1325  968 1456 1229 1470 1198 1365 1019  883 1382 1260 1222 1310 1011 1596 
 678 1096  845  779 1425  660 1270  720  795  937  873  989 1390 1255    0  920 1450 1110 1124  796 1441  712  826 1028 1031  750  974 1196 1010 1185  706 1206  770 1106  752 1181  788 1197 1015 1097  833  833 1247  750  675 1164  680 1142 1201 1453 1378 1048  959 1169 1020  925 1161  982 1376  744 1034 1034 1276 1088 1213 1463  904 1136  763 1115 1548 1024 1362  941 1056  860 1516  805  999 1126  742  751  750 1174 1198 1406 1180 1151 1228 1451 1227 1281 1378 1094 1082 1215 1332 1075 1197  718 1101  934 1148 1399 1204 1062  893 1058 1137 1135 1390  953  802 1026 1191 1044 1343 1210 1256  799 1187 1043  968  912 1223 1182 1378 1362  805  853  970 1009 1284 1257 1361  960 1186 1263  939 1404  796 1349 1041 1138  808 1411 1018  990  748 1122 1015  653  909 1184 1345  857 1396 1277 1184 1002 1127  843 1309 1110 1216 1416 1048 1117 1048 1293 1055 1101 1173 1488  825 1014 1092 1370 1464  872  771 1373  844 1376  704  996  793 1353 1070 1492 1110 1111  829  861 1221 1136 1095 1001  761 1264 
 934 1189  935  790 1268  864 1278  756  840 1067  704  958 1251 1244  920    0 1355  902 1330  731 1385  731  814 1077 1012  702  943 1178 1282 1038  813 1290  893 1135  741 1329  699 1232 1156 1085  704  723 1198  798  836  981  835 1149 1167 1221 1275 1112 1066 1121 1270 1000 1423 1214 1439  922  964 1084 1385 1141 1273 1412  882 1071  684 1155 1505 1078 1418  838  963  956 1313  658 1222 1029  786  846  906 1006 1275 1400 1213 1240 1541 1485 1175 1244 1453 1211  940 1200 1285 1238 1353  822 1146 1103 1109 1453 1173 1187  786  949 1083  969 1446 1194  758 1029 1105 1076 1506 1468 1342  771 1106 1015 1162  726 1049 1316 1542 1406  856  877  762 1064 1461 1380 1278 1222 1060  958  856 1302  666 1220 1150 1034  710 1185 1187 1103  823 1022  991  715  849 1120 1380  919 1340 1462 1067  971 1080  867 1125 1118 1345 1284 1060 1210 1165 1268 1138 1152 1261 1484  748 1311 1067 1271 1258  927  718 1536  690 1193  911 1173  972 1364 1183 1449 1151 1102  839  790 1269 1192 1205 1267  923 1425 
1182 1249 1222  956 1804 1148 1365 1048  976 1403 1022 1493 1566 1716 1450 1355    0 1302 1529  903 1736 1004 1015 1239 1263  895 1415 1665 1159 1279 1099 1615 1195 1384 1065 1443 1252 1229 1316 1434  952 1147 1355 1200  906 1438 1082 1572 1271 1638 1678 1265 1203 1163 1457 1123 1624 1317 1516 1094 1372 1253 1602 1231 1377 1552 1157 1339 1187 1546 1727 1500 1685 1070 1293 1112 1530 1166 1398 1287  936  818 1005 1265 1316 1678 1445 1273 1396 1743 1611 1570 1786 1441 1366 1296 1574 1252 1737  953 1466 1415 1201 1654 1733 1198  849 1416 1304 1313 1616 1209  933 1284 1169 1337 1712 1507 1644  970 1334 1416 1220 1270 1375 1554 1622 1598 1220 1163 1085 1333 1772 1492 1354 1499 1251 1304 1055 1707 1282 1537 1385 1421 1100 1766 1434 1274  859 1253 1309  916 1184 1526 1566 1233 1484 1544 1342 1450 1278 1157 1611 1260 1649 1476 1253 1262 1263 1709 1418 1355 1232 1578 1081 1541 1412 1675 1640 1050 1108 1753 1108 1556 1028 1330 1234 1403 1440 1556 1432 1351 1177 1022 1437 1440 1226 1305 1016 1407 
 726 1010  872  925 1493  895 1160  670  860  924  666 1057 1390 1247 1110  902 1302    0 1278  987 1454  712  939 1128 1049  958 1026 1210 1037 1235  890 1203  768  987  791 1389  780  979 1175 1160  892  888  907  865  905 1196  849 1200 1174 1397 1344  986 1194 1197 1189  608 1199 1187 1404  721 1090 1131 1587 1143 1447 1551  959 1087  835 1196 1278  957 1301  779 1130  917 1478  678  989 1134  723  651  852 1050 1015 1391 1369 1212 1343 1358 1428 1210 1471  957 1036 1059 1314  998 1515  922  958 1073 1000 1250 1115 1159  732 1025 1213 1246 1333 1194  796  910 1031 1180 1176 1422 1447  975 1019 1068 1024  719 1048 1483 1488 1134  835  883  732 1228 1430 1331 1331 1255 1130 1191  820 1277  887 1330 1113 1126  699 1423 1160 1131  871  949  912  764  867  958 1204  705 1321 1283 1215 1216 1033  854 1234 1196 1239 1536 1052  964 1126 1388 1098 1099 1115 1326  880  990 1053 1270 1273  735  732 1165  832 1209  785 1226  740 1329 1014 1330 1025 1011  821  925 1217 1036 1216 1225  938 1148 
1096 1493 1005 1204 1590 1093 1182 1116  953 1421 1021 1276 1389 1473 1124 1330 1529 1278    0 1077 1401 1133 1182 1282 1510 1002 1259 1690 1308 1403 1233 1724 1080 1316 1106 1731 1066 1327 1381 1423 1110 1046 1188  946 1227 1348 1053 1642 1176 1832 1631 1183 1248 1224 1391 1162 1668 1210 1558 1130 1335 1181 1742 1239 1649 1540 1122 1166 1098 1376 1521 1262 1774 1060 1237  968 1607 1081 1155 1500  922 1069 1217 1235 1277 1625 1628 1344 1505 1542 1536 1532 1633 1556 1444 1125 1706 1399 1699 1067 1138 1414 1564 1455 1683 1266  993 1473 1458 1238 1731 1430  960 1081 1347 1500 1614 1684 1597  881 1375 1328 1183 1080 1465 1535 1473 1433 1180 1072 1091 1297 1710 1362 1552 1260 1339 1452 1018 1769 1047 1690 1335 1407 1099 1574 1420 1503 1143 1376 1434  990  901 1402 1452 1146 1494 1416 1313 1301 1369  988 1625 1457 1661 1638 1285 1347 1269 1771 1359 1381 1405 1552 1063 1471 1330 1699 1577 1004  993 1549  992 1677  909 1201 1175 1722 1302 1476 1399 1348 1049 1058 1502 1334 1338 1504  979 1531 
 541  726  667  620  917  425  915  603  565  646  428  891 1030 1139  796  731  903  987 1077    0 1042  565  466  893  942  574  688 1027  768  907  546 1083  426  807  597 1181  466  761  712  635  471  629  909  510  418  806  421 1011  827  974 1064  861  780  665  667  621 1034  724  989  492  790  859 1066  892 1000  969  492  751  561  734 1182  734 1034  447  784  511 1010  676  941  842  549  513  449  861  816 1113 1122  911 1147 1188 1118 1075 1061  894  740  826 1110  849 1108  517  872  919  821 1101 1190  709  481  966  762  637 1216  950  482  775  790  712 1209 1129 1112  603  922  941  800  485  860  908 1296 1147  457  461  644  757 1031 1019  825  693  961  801  425  957  595 1030  783  648  560 1072  777  963  612  789  755  685  600  744  994  453  946  921  788  958  639  560 1076  701  860  991  981  807  750 1197  935  786  934  996  520  805  828 1130 1152  408  658  883  616 1150  423  640  439 1113  826  990  983  762  507  472  718  935  965  733  563 1036 
 960 1396 1090 1115 1706 1147 1371 1118 1098 1528 1047 1244 1656 1533 1441 1385 1736 1454 1401 1042    0  997 1065 1207 1362 1199 1385 1492 1363 1377  859 1567 1127 1235 1126 1818 1260 1271 1504 1124  955 1134 1140 1180 1146 1392 1082 1668 1398 1624 1807 1513 1395 1371 1259  991 1563 1272 1462 1145 1310 1388 1665 1332 1450 1880  977 1360 1174 1463 1482 1391 1683  986 1338 1055 1460 1050 1377 1186  939 1151  976 1437 1263 1594 1398 1213 1654 1486 1517 1709 1572 1286 1392 1367 1464 1194 1532 1162 1474 1275 1467 1763 1591 1562 1217 1337 1163 1393 1720 1450  874 1539 1552 1480 1664 1545 1665  986 1391 1300 1421 1045 1407 1674 1506 1691 1087 1103  981 1296 1569 1413 1548 1476 1317 1421  980 1603  929 1397 1546 1526 1030 1766 1272 1435  984 1371 1440  845  943 1280 1678 1093 1603 1421 1306 1152 1346 1133 1538 1500 1739 1496 1186 1349 1258 1613 1290 1474 1392 1564 1128 1425 1518 1730 1483 1027  924 1617 1154 1501  884 1321 1120 1484 1418 1652 1293 1283  962 1061 1492 1317 1224 1264 1179 1694 
 593  893  437  632  978  586  685  577  671  738  668  832  967 1107  712  731 1004  712 1133  565  997    0  648  698  958  529  894 1082  668  875  634  982  648  877  513 1080  549  838  757  724  427  632  835  425  494  680  564  978  858  973 1285  925  667  697  931  542 1208  784 1017  660  819  765 1074  837 1201 1098  477  763  398  777 1101  915  975  625  839  645 1117  478  791  886  536  424  547  965  756  946  999  796 1150 1047 1014  992  943  713  706  647 1063  826 1270  434  752  763  821 1094 1211  697  657  806  896  773 1130  700  522  863  937  699  994 1065 1157  548  817  723  739  488  842 1162 1139 1012  475  506  441  773 1001 1277 1101  729  750  874  579 1054  636  913  736  786  551 1083  763  919  433  730  888  461  624  929 1250  479  830  949  864  773  703  393  879  816 1250 1030  954  776  742 1157  936  843  777 1016  518  637  729 1136 1024  578  515 1221  458 1106  606  709  534 1224  657 1149  882  925  474  469  672  672  657  894  420  923 
 555  900  670  424 1160  649  835  495  427  699  586  930 1092 1122  826  814 1015  939 1182  466 1065  648    0  683  770  577 1001 1208  719  745  523  898  544  824  446 1141  488  778  908  917  610  658  916  663  439  699  543 1071  877  997 1244  869  890  882  767  475 1054  880  888  408  963  751 1130  643  978 1233  506  892  657  795  841  765 1036  669  715  448  965  550  671  769  474  530  596  877  906 1212 1025  785 1300 1007 1034 1080 1001  755  755  789  950  765 1125  520  788  855  676 1114 1053  684  512  854  816  683 1245  774  542  879  808  942  963 1133 1003  557  840  715  710  468  678 1034  972  972  650  623  620  902 1049 1159  976  786  763  829  582  897  641 1003  922  804  487  873  844  822  410  811  860  632  476  746  991  422 1018 1006  683  731  669  552  999  711  942 1007  785  950  644 1186  939  725  879  884  559  808  903  994  937  640  435 1010  479  923  518  930  463  901  813  938  651  856  416  463  880  824  737  802  598 1017 
 844 1164  646  793 1299  856  963  676  739 1029  654  969 1338 1374 1028 1077 1239 1128 1282  893 1207  698  683    0  982  755 1028 1449 1167 1224  755 1142  841 1024  819 1281  684 1268 1120 1250  978  907 1170  861  786 1230  744 1123 1136 1344 1356  988  985 1108  983  858 1314 1004 1416  858  946 1101 1255 1040 1299 1349  897 1211  877 1138 1209 1046 1462  830  937  737 1241  694 1145 1047  878  926  684 1033 1015 1243 1469 1126 1303 1316 1466 1415 1192  980 1142 1142 1533  981 1322  912  970  984  960 1146 1305 1095  863  910 1186 1178 1213  981  727  993 1111 1046 1313 1566 1347  939 1110 1042  914  720  930 1423 1387 1406  717  916  950 1063 1426 1468 1268 1118 1206 1016  773 1356  938 1316 1087 1244  716 1398 1048 1110  826  963  930  812  916  962 1424  744 1366 1369 1135 1141 1099  933 1319 1138 1285 1330 1087 1149 1241 1340 1084  996 1156 1489  765 1200 1176 1154 1564  669  834 1226  754 1265  860  995  720 1460  936 1285  957 1196  926  785 1240 1110  942 1218  716 1518 
 733 1222  734  732 1512  717 1179  799  713 1230  729 1005 1199 1235 1031 1012 1263 1049 1510  942 1362  958  770  982    0  727  999 1401 1054 1176  676 1362  803 1131  790 1245  843  943 1074 1254  811  718 1240  912  632 1100  891 1413 1119 1321 1409 1156  901 1033 1046  838 1407 1200 1432  903 1152 1181 1176 1015 1373 1494  682 1172  820 1040 1495  925 1312  864 1227  806 1381  678 1058 1165  953  939  904 1018  932 1456 1344 1133 1355 1150 1220 1403 1356 1223 1149 1152 1344  940 1212  838  921 1276  989 1333 1346 1032  684 1174 1171  976 1284 1212  796 1118 1002 1155 1267 1266 1385  958 1147 1238 1085  862 1017 1411 1439 1321  748  882  723  933 1370 1231 1422 1055 1265 1136  941 1320  787 1237 1045 1084  701 1431 1223 1149  716  968 1046  758  842 1103 1279  680 1288 1377  983 1004 1050  742 1467 1068 1242 1249 1162 1017 1120 1271 1033 1176 1076 1266  999 1143 1179 1184 1162  801  720 1317  785 1280  773 1136  894 1312 1200 1437 1071 1017  952  855 1188  975  970 1037  912 1506 
 451  768  573  477  969  480  745  410  432  925  472  808 1004  982  750  702  895  958 1002  574 1199  529  577  755  727    0  778 1078  807  899  617  998  530  862  692  943  586  926  713  887  351  592  863  456  518  783  593  958  979  934  948  956  780  758  876  575  990  795 1082  564  812  764 1170  720 1205 1169  679  916  549  749 1178  705 1216  398  726  548 1112  519  844  847  540  487  466  651  748 1072 1223  920 1171 1011 1094 1172  919  676  682  839  933  704 1048  507  852  881  654 1036 1075  792  459  984  749  969  971  901  426  792  900  773  990 1244 1133  572  848  807  768  405  819  936 1237 1100  484  552  491  726 1081 1015 1126  721  703  831  524 1048  536 1191  929  930  477 1159  879  921  436  670  760  523  650  951 1227  582 1017 1197  726  756  713  514 1041  781  869 1227  743  906  923  901  928  687  766 1196  563  960  766 1243 1045  589  627 1116  512 1094  499  827  656 1058  718 1069  784  904  591  590  848  690  705  817  611  970 
 822 1069  678  707 1279  916 1201  843  812 1242  794 1150 1257 1344  974  943 1415 1026 1259  688 1385  894 1001 1028  999  778    0 1249 1066  946  959 1445  801  897  684 1357  793  944 1167 1036  861  968  949  981  700  999  855 1323 1230 1335 1262 1160 1140 1269 1083  686 1254  991 1195  668 1092 1130 1394  972 1291 1304  946 1038  749 1077 1401 1041 1484  664 1122  795 1341  785 1177 1046  889  882  849 1106 1181 1434 1327 1168 1483 1200 1389 1399 1479 1073 1008 1012 1362 1019 1444  744  907  909 1115 1217 1450 1021  795 1061 1236 1065 1297 1018  834 1061 1092 1097 1232 1377 1272  827 1037 1011 1211 1003 1071 1541 1391 1317  907  961  663 1073 1319 1225 1288 1178 1006 1076  674 1447  772 1461 1066 1085  924 1489 1106 1236  892 1009 1045  863  889 1138 1605  807 1398 1213 1103 1121 1074  837 1423 1066 1257 1215 1270 1010 1024 1173 1118  994 1208 1245  864 1233 1135 1375 1238  749  721 1366  816 1298  719  962  760 1332  975 1356 1162  917  722  655 1225 1011 1086 1205  760 1425 
1150 1274 1041 1299 1358 1067 1479 1189  937 1407 1010 1274 1606 1648 1196 1178 1665 1210 1690 1027 1492 1082 1208 1449 1401 1078 1249    0 1395 1327 1041 1624 1011 1225 1154 1512 1039 1322 1210 1239  950 1036 1429 1176  876 1443 1116 1603 1200 1515 1649 1326 1601 1500 1213  936 1504 1389 1532 1172 1540 1507 1656 1181 1450 1376 1081 1374  963 1159 1632 1323 1500  919 1195 1086 1570 1029 1286 1491  872 1190 1083 1279 1489 1629 1732 1569 1632 1571 1402 1528 1688 1150 1397 1423 1734 1422 1801 1199 1276 1338 1412 1608 1509 1253 1215 1366 1321 1225 1575 1345 1117 1426 1328 1330 1585 1490 1693 1190 1246 1331 1276 1179 1331 1488 1559 1490  910 1131 1078 1280 1354 1784 1598 1353 1318 1232 1101 1630 1032 1592 1496 1434 1051 1473 1351 1352 1131 1237 1286 1053 1103 1287 1661  874 1568 1479 1409 1276 1458  904 1664 1419 1463 1554 1356 1472 1540 1603 1198 1527 1468 1374 1039 1396 1270 1448 1632 1034 1253 1408 1073 1771 1193 1256 1063 1657 1258 1657 1456 1354 1020 1112 1347 1330 1258 1294 1028 1490 
 761  975  831  837 1318  795  986  751  989  953  845 1088 1269 1425 1010 1282 1159 1037 1308  768 1363  668  719 1167 1054  807 1066 1395    0 1019  767 1451  656 1128  963 1134  675 1150  891  946  746  698 1217  785  808 1056  889 1384  925 1338 1316 1118 1178  964  971  861 1312 1123 1310  869 1135 1093 1362 1283 1313 1431  679 1020  709  959 1324 1191 1230  832 1164  928 1445  856 1073 1135  932  801  882 1097 1039 1154 1223 1016 1464 1244 1380 1093 1360 1033 1171 1137 1126 1160 1256  794 1263 1092 1174 1522 1398 1022  734 1005  900  911 1310 1298  753 1036 1184  984 1365 1327 1316  719 1222 1162 1218  766 1188 1321 1275 1321  676  870  737 1121 1489 1198 1529 1102 1102 1166  813 1441  629 1317  966 1021  902 1282 1021  969  933  947  981  698  720 1208 1284  901 1431 1384 1036 1109  959  658 1303 1108 1369 1241 1028 1026 1101 1264 1183  989  998 1475  805 1274 1107 1421 1391  705  813 1205  922 1365  768 1246  922 1257 1142 1367  995 1255  814  717 1134  967  966 1092  837 1372 
 656 1257  865  797 1390  728 1156  853  736 1061  779 1173 1515 1375 1185 1038 1279 1235 1403  907 1377  875  745 1224 1176  899  946 1327 1019    0  905 1415  747 1206  940 1334  703 1133 1011 1197  980  847 1039  782  728  991  759 1284 1097 1306 1419 1032 1195 1061 1104  700 1290 1100 1150  756 1069 1113 1211 1109 1490 1487  859  987  899 1180 1192  924 1311  852 1036  844 1539  727 1049 1029  818  899  661  925 1098 1490 1080 1011 1277 1469 1240 1457 1422 1178 1234 1121 1295 1092 1412  824 1061 1004  939 1357 1374 1180  855 1170 1115 1091 1203 1139  909 1002 1005 1061 1420 1204 1413  755 1209 1224  973  746  918 1480 1504 1488  812  939  793 1157 1248 1196 1418 1083 1143  973  810 1290  781 1429 1026 1049  684 1275 1098 1283  852 1034 1225  749  750 1077 1297  741 1455 1143 1175 1088 1010  760 1375 1155 1402 1384 1111  942 1215 1442 1141 1100 1267 1243  783  940 1131 1303 1325  807  786 1373 1002 1504  816 1220  813 1333 1235 1402 1046 1135  973  973 1210 1233  978 1302  881 1304 
 562  852  474  507 1084  640  696  478  593  890  652  857 1025  819  706  813 1099  890 1233  546  859  634  523  755  676  617  959 1041  767  905    0 1103  614  819  594 1122  438  699  834  754  496  531  915  440  616  912  549 1049  814 1054 1167  952  967  782  696  597 1004  966  919  589  804  752 1141  929 1044 1036  484  729  432  749  877  831  952  445  914  434 1001  585  830  842  577  595  697  954  913 1204 1036  752  980  912 1146 1155 1200  961  803  772 1127  682  867  447  909  829  740 1064 1069  640  555  665  755  934 1047  978  457  735  788  958 1130 1260  943  539  799  678  829  592  857 1093 1074 1037  507  548  531  748  988 1212 1120  739  666  656  475 1014  441 1005  870  848  528  911  719  680  531  878  843  614  630  798 1051  464  989 1252  883  958  972  654 1049  883 1190 1048  782  775  903 1071  721  919  819 1077  558  707  740 1064 1098  699  628 1040  540 1051  619  935  562 1086  687 1065  927  768  459  497  910  831  768  888  453  915 
1156 1481  903 1107 1515 1118 1394 1091 1175 1263 1156 1246 1390 1339 1206 1290 1615 1203 1724 1083 1567  982  898 1142 1362  998 1445 1624 1451 1415 1103    0 1009 1461  923 1580 1157 1351 1378 1159 1191 1103 1372 1130 1052 1323 1089 1568 1174 1547 1649 1295 1225 1441 1487  960 1578 1354 1503  947 1399 1424 1711 1537 1459 1723  866 1394  910 1345 1480 1335 1601 1125 1417 1024 1448  855 1335 1224 1091 1105  943 1310 1413 1640 1722 1280 1452 1668 1675 1642 1510 1507 1313 1307 1662 1395 1523 1049 1403 1339 1461 1807 1288 1425 1254 1519 1220 1366 1661 1295 1064 1316 1179 1522 1538 1565 1679 1077 1260 1591 1227  943 1306 1577 1363 1513 1084 1250 1222 1308 1642 1630 1590 1369 1545 1365  848 1675 1059 1542 1189 1356 1134 1522 1361 1549 1147 1293 1299 1158  950 1179 1591 1158 1727 1426 1302 1180 1350 1203 1724 1364 1700 1341 1475 1215 1264 1662 1355 1450 1328 1610 1050 1147 1206 1528 1464 1185 1170 1450 1252 1543 1062 1404 1056 1513 1324 1709 1151 1202 1144 1076 1453 1314 1112 1210 1099 1620 
 465  675  482  662 1124  634  768  666  599  925  643  674 1031  885  770  893 1195  768 1080  426 1127  648  544  841  803  530  801 1011  656  747  614 1009    0  862  655 1015  472  754  808  853  454  511  638  642  502  842  646 1056  868 1213  917  819  821  960  824  533 1137  830  982  529  807  785 1161  807 1105 1130  426  824  528  940  974  759  949  714  948  544 1009  654  790  929  658  577  661  808  784 1151 1085  859  906  943 1099 1008 1143  930  671  921  897  957  962  455  689  948  869 1231 1121  711  498  697  840  730 1048  788  513  772  932  777 1090 1185 1004  587  661  862  876  569  876 1062 1165 1190  416  428  487  845  993 1006 1017  690  734  799  572 1168  416 1120  895  905  447 1054  731  880  493  802  731  547  595  646  957  628  940 1014  857  814  864  420 1033  906 1007 1159  860  933  774 1249  950  813  696 1039  464  794  677  828  944  446  606 1034  511  913  642  725  436  949  899 1149  742  776  547  603  825  836  839  976  617 1036 
 847 1099  758  837 1391  943 1166  776  856 1063  900 1009 1246 1493 1106 1135 1384  987 1316  807 1235  877  824 1024 1131  862  897 1225 1128 1206  819 1461  862    0  885 1267  919 1166 1193 1213  876  820 1066  758  861  984  905 1139 1074 1219 1212 1003 1081 1241 1098  949 1222 1066 1339  898 1055 1156 1245  959 1141 1330  952 1072  704 1226 1255 1140 1318  884 1045  745 1172  909  974 1091  801  873  808 1192 1148 1336 1325 1144 1453 1381 1322 1345 1368 1223  996 1107 1430 1208 1349  879 1017 1143 1070 1411 1201 1108  818 1008  973  906 1309 1176  754 1230 1036  911 1177 1314 1237  677 1120 1107 1088  877 1038 1399 1368 1449  884  757  785  973 1380 1247 1406 1036 1120  992  891 1178  978 1401 1104 1087  839 1397  999 1189  945 1103 1217  740  908 1018 1171  740 1209 1318 1252 1093 1088  971 1337 1007 1372 1337  942 1207 1094 1365 1069 1056  959 1406  657  921 1203 1305 1268  812  807 1424  945 1290  697 1228  787 1287 1285 1425 1135 1016  775  730  966 1089  981 1097  758 1243 
 471  837  460  644 1286  590  864  485  496  832  466  693 1201  887  752  741 1065  791 1106  597 1126  513  446  819  790  692  684 1154  963  940  594  923  655  885    0 1066  588  802  757  757  541  440  715  567  600  757  428 1159  923 1107 1024  724  887  765  865  561  985  944 1141  475  898  906 1152  924 1103 1095  461  722  508  835 1106  735 1037  459  887  500  960  470  701  761  434  473  497  846  832 1078 1100  724 1172  978 1014 1052 1067  657  895  786 1293  690 1259  512  834  690  916 1054  969  777  457  882  860  784  843  648  452  890  902  717 1167  879 1105  646  874  896  766  675  917 1012 1110 1199  420  445  539  675 1223 1118 1140  748  748  904  489  998  436 1031  718  886  435 1192  900  865  509  742  815  550  625  770 1058  616  996 1000  846  888  887  423  951  677  892  920  781  820  797 1154  862  881  865  980  508  797  998 1047  922  500  415 1018  623 1037  423  840  598 1086  753 1074  735  907  631  537  705  747  688  683  539 1108 
1051 1276 1201 1087 1658 1022 1385 1088  983 1468 1137 1210 1462 1429 1181 1329 1443 1389 1731 1181 1818 1080 1141 1281 1245  943 1357 1512 1134 1334 1122 1580 1015 1267 1066    0  893 1392 1453 1397 1109  954 1421 1082  991 1299  921 1694 1411 1434 1432 1519 1476 1278 1325 1109 1466 1271 1588 1032 1241 1278 1621 1319 1713 1498  979 1372 1229 1207 1614 1513 1564  929 1491  968 1647 1019 1446 1316 1206 1144 1122 1288 1300 1764 1595 1233 1558 1384 1533 1494 1777 1384 1257 1150 1612 1437 1807 1116 1418 1337 1364 1606 1430 1261 1098 1371 1198 1550 1498 1245 1142 1364 1173 1327 1753 1547 1643 1036 1339 1402 1424 1099 1295 1505 1602 1488 1129  886 1209 1428 1644 1484 1347 1367 1345 1152 1034 1421 1182 1644 1428 1356 1104 1540 1557 1298 1033 1142 1395 1038 1146 1392 1680 1080 1732 1734 1299 1336 1213 1072 1446 1235 1730 1776 1483 1382 1426 1739 1208 1294 1133 1530 1016 1382 1395 1571 1602 1180 1033 1586  982 1762 1159 1448 1002 1513 1429 1603 1399 1385  891 1098 1420 1259 1414 1402 1037 1653 
 512  745  670  610 1182  589  721  458  543  732  637  882 1096 1062  788  699 1252  780 1066  466 1260  549  488  684  843  586  793 1039  675  703  438 1157  472  919  588  893    0  735  893  912  661  498  912  669  634  739  500  941  721 1064 1045  851  876  904  715  606 1016  755 1196  618  784  869  917  869 1094 1010  597  855  493  772 1103  937 1119  630  801  412  958  535  772  861  552  519  669  701  880  938  883  932 1112 1027  956 1208 1072  889  912  742 1234  706  982  485  761  691  796 1092  914  742  443  954  763  725  932  678  626  905  769  907 1171 1057  971  577  755  816  825  523  920 1061  951  888  622  379  541  934 1004 1039 1038  840  654  815  566  914  405 1143  948  881  446  935  780  808  390  703  837  611  482  698 1238  445 1037  939  810  916  850  429  887  649 1103  929  662  955  658  994  771  912  672 1082  520  888  813 1070 1085  705  552 1006  529  930  497  678  497 1213  949 1066  804  902  612  626  713  908  818  730  454 1012 
 813 1237  764  897 1221  858 1144  926  902 1112  691  953 1265 1269 1197 1232 1229  979 1327  761 1271  838  778 1268  943  926  944 1322 1150 1133  699 1351  754 1166  802 1392  735    0  997 1113  965  692 1164  877  730 1160  762 1395 1104 1352 1383 1097 1024 1066 1174  717 1093 1125 1501  829 1166  988 1214  972 1581 1416  796 1086  907 1066 1542 1206 1309  902 1236  768 1259  698  995 1094  745  857  816 1164 1111 1350 1103  965 1313 1309 1311 1181 1175 1039 1065 1055 1440 1108 1324  858  981 1055 1218 1415 1279  898  780 1015 1099 1086 1360  987  642  994  996 1011 1342 1362 1411  715 1097  981 1015  748 1165 1315 1365 1331  929  888  754 1138 1383 1286 1324  985 1196 1075  709 1262  782 1373 1062 1121  795 1442 1084 1021  689 1052 1040  801  950 1149 1422  870 1334 1164  993  966 1018  813 1333 1065 1339 1219 1223 1193 1126 1334 1239 1124 1008 1132  694 1085 1126 1535 1459  761  953 1384  768 1388  996  985  895 1197 1205 1219 1198  974  696  896 1174  989 1111 1240  947 1502 
 935 1070  704  704 1412  851 1225  901  919 1108  885 1212 1252 1302 1015 1156 1316 1175 1381  712 1504  757  908 1120 1074  713 1167 1210  891 1011  834 1378  808 1193  757 1453  893  997    0 1028  758  907  929  916  896 1154  933 1374 1079 1365 1465 1169 1100 1221 1176  847 1327 1163 1264  761 1114 1192 1350 1155 1409 1500  891 1085  653 1111 1378 1044 1560  915 1059  733 1465  700 1107 1010  741  734  768 1264 1042 1246 1324 1042 1357 1373 1346 1133 1382 1143 1019 1176 1244 1043 1256  875 1010 1193 1113 1525 1414 1209  728 1105 1131 1206 1305 1147  763 1135 1132 1028 1362 1300 1323  899 1043 1002  940  926 1160 1245 1198 1356  907  889  717 1074 1441 1321 1398 1208  930  978  875 1418  771 1410 1046  937  713 1473  953 1238  668 1041 1102  745  751 1049 1166  727 1250 1394 1045  916 1016  747 1142 1118 1535 1289 1063 1111 1027 1332 1167 1265 1216 1383  714 1280  991 1076 1451  798  803 1394  847 1330  656 1004  837 1368 1122 1247 1167 1145  930  681 1018 1028 1125 1059  695 1347 
