20 4 16 268

   0 1227 1191  686 1452 1011  734 1398  928 1229 1367 1342  690 1284 1169  882 1391 1380  969 1155 
1227    0 1033  833 1178 1193  858 1586  693 1087 1345 1275  888 1127 1151  817 1254 1385  997 1223 
1191 1033    0  765 1326 1003  987 1152  865 1221 1276 1293  654 1180 1024  772 1335 1394  995 1019 
 686  833  765    0 1142  888  538 1046  519  868 1087 1023  561  998  742  501 1148 1181  783  738 
1452 1178 1326 1142    0 1467  935 1644  918 1299 1598 1581 1165 1494 1537  975 1605 1605 1394 1317 
1011 1193 1003  888 1467    0  690 1320  882 1165 1449 1179  791 1333 1093  827 1200 1454 1032  950 
 734  858  987  538  935  690    0 1124  459  959 1130 1042  495 1063  880  435 1190  953  880  743 
1398 1586 1152 1046 1644 1320 1124    0 1067 1192 1628 1552 1101 1676 1325  950 1718 1430 1385 1369 
 928  693  865  519  918  882  459 1067    0  960 1156 1173  493 1253  908  482 1169  935  865  950 
1229 1087 1221  868 1299 1165  959 1192  960    0 1232 1452  902 1432 1149  681 1249 1250 1155  986 
1367 1345 1276 1087 1598 1449 1130 1628 1156 1232    0 1573 1109 1606 1370  995 1604 1830 1206 1320 
1342 1275 1293 1023 1581 1179 1042 1552 1173 1452 1573    0 1060 1399 1533 1087 1683 1362 1415 1476 
 690  888  654  561 1165  791  495 1101  493  902 1109 1060    0 1036  989  594 1092 1120  923  882 
1284 1127 1180  998 1494 1333 1063 1676 1253 1432 1606 1399 1036    0 1374 1097 1823 1754 1513 1450 
1169 1151 1024  742 1537 1093  880 1325  908 1149 1370 1533  989 1374    0  731 1419 1291  963  999 
 882  817  772  501  975  827  435  950  482  681  995 1087  594 1097  731    0  980 1140  878  862 
1391 1254 1335 1148 1605 1200 1190 1718 1169 1249 1604 1683 1092 1823 1419  980    0 1710 1375 1315 
1380 1385 1394 1181 1605 1454  953 1430  935 1250 1830 1362 1120 1754 1291 1140 1710    0 1380 1290 
 969  997  995  783 1394 1032  880 1385  865 1155 1206 1415  923 1513  963  878 1375 1380    0  968 
1155 1223 1019  738 1317  950  743 1369  950  986 1320 1476  882 1450  999  862 1315 1290  968    0 

   0 1028  659 1017  958  696  927 1152  717  654  709  776  911  617 1081  780 1024 1164 1138  641 
1028    0  640  637  661  905  684 1195 1167 1092  870 1195  915  764  748  805  655  684 1152  939 
 659  640    0 1106  715 1132 1175  816 1198  858  619  643  773  881 1056 1084  982 1057  640  875 
1017  637 1106    0 1110 1136  945  840 1137 1186 1045  993  915 1047  882 1122  988  994  937  831 
 958  661  715 1110    0 1135  782 1088 1036  728 1089 1035  723  652 1107  737  702  663 1190  997 
 696  905 1132 1136 1135    0  738 1177  766 1037 1137  813  942  806  659 1199  676  804  855 1166 
 927  684 1175  945  782  738    0 1008  984 1162  863  743  835 1019  845  657  990  694 1103  852 
1152 1195  816  840 1088 1177 1008    0  727 1193  987  980  954  747  856 1073  642  925  792  828 
 717 1167 1198 1137 1036  766  984  727    0 1167  737 1040  830  888 1027 1061  893  821  858  892 
 654 1092  858 1186  728 1037 1162 1193 1167    0  822  747 1016 1152  738  852  715 1174  719 1170 
 709  870  619 1045 1089 1137  863  987  737  822    0 1034  888  826  716  980  892  772  675  635 
 776 1195  643  993 1035  813  743  980 1040  747 1034    0 1149  733 1004  690 1172 1174  768  742 
 911  915  773  915  723  942  835  954  830 1016  888 1149    0 1043 1067 1090 1004  833 1074 1066 
 617  764  881 1047  652  806 1019  747  888 1152  826  733 1043    0  674  943  826  750  782  908 
1081  748 1056  882 1107  659  845  856 1027  738  716 1004 1067  674    0  901 1185 1135 1024 1137 
 780  805 1084 1122  737 1199  657 1073 1061  852  980  690 1090  943  901    0  846 1095  653  628 
1024  655  982  988  702  676  990  642  893  715  892 1172 1004  826 1185  846    0  709  986  711 
1164  684 1057  994  663  804  694  925  821 1174  772 1174  833  750 1135 1095  709    0  641 1067 
1138 1152  640  937 1190  855 1103  792  858  719  675  768 1074  782 1024  653  986  641    0  763 
 641  939  875  831  997 1166  852  828  892 1170  635  742 1066  908 1137  628  711 1067  763    0 

0 371 923
1 385 790
2 367 751
3 201 749
4 673 893
5 513 873
6 336 703
7 698 878
8 208 829
9 449 1027
10 629 882
11 675 758
12 304 1078
13 585 885
14 446 806
15 273 779
16 667 1099
17 652 974
18 384 760
19 488 1027

0 4 14679 18166 5808 
0 12 6750 8644 1380 
0 4 3897 6062 5808 
0 10 19296 21359 5468 
0 13 806 3230 2568 
0 1 4497 8095 2454 
0 19 17371 19640 3465 
0 15 17208 20109 2646 
0 10 6749 8542 5468 
0 8 22268 24777 2784 
0 17 20853 24810 4140 
0 5 16857 18917 4044 
0 17 1284 3681 4140 
1 5 9957 13314 3579 
1 11 11107 14966 3825 
1 8 14410 17502 2079 
1 18 18910 22596 3988 
1 7 22789 26911 6344 
1 6 5992 8591 3432 
1 12 9257 11983 2664 
1 0 3995 6965 4908 
1 5 3268 6444 2386 
1 0 19662 22889 3681 
1 6 21940 23355 2574 
1 19 8645 11217 4892 
2 7 20828 23512 3456 
2 8 3363 7651 1730 
2 3 13976 17935 3060 
2 11 14426 15969 2586 
2 8 3067 6625 1730 
2 13 17737 20327 4720 
2 17 22811 26764 4182 
2 8 22785 27133 1730 
2 15 18731 22481 3088 
2 13 12577 15246 3540 
2 12 20281 22182 1308 
2 19 16507 18668 3057 
2 4 18247 19741 2652 
3 19 10994 12905 2952 
3 19 13706 16888 1476 
3 13 10168 13141 3992 
3 12 80 2038 1683 
3 1 21212 23511 1666 
3 7 21777 23532 4184 
3 15 6358 9892 1002 
3 11 1616 5488 2046 
3 1 21679 23570 1666 
3 11 1361 4995 2046 
3 9 13345 16570 1736 
3 19 10683 12951 1476 
4 14 12417 15383 6148 
4 14 4656 7678 4611 
4 8 8343 10632 3672 
4 15 9383 11409 1950 
4 9 820 3557 5196 
4 17 4076 5402 3210 
4 16 11536 13333 3210 
4 18 16470 18909 5576 
4 7 5351 8723 6576 
4 19 22561 26259 5268 
4 15 5124 7128 1950 
4 17 2338 4068 4815 
4 9 20462 22820 2598 
4 0 14449 17658 4356 
4 0 13141 16934 2904 
5 2 17153 21284 2006 
5 14 8685 10128 4372 
5 10 11622 14782 4347 
5 1 10801 14402 4772 
5 13 8660 11053 2666 
5 17 20592 22995 2908 
5 16 1210 3143 2400 
5 19 17064 19500 1900 
5 14 14553 15903 2186 
5 8 19170 22126 3528 
5 9 5872 9470 2330 
5 12 12696 16369 1582 
5 17 18789 20405 5816 
5 12 6562 9990 1582 
5 11 11323 13851 4716 
6 5 89 2118 2760 
6 14 3217 5295 3520 
6 2 12189 16454 2961 
6 4 21693 23421 1870 
6 12 21103 23591 1980 
6 12 6124 9096 1485 
6 9 20848 25159 1918 
6 1 637 3119 2574 
6 1 17935 20103 1716 
6 1 12520 15037 1716 
6 15 22215 23719 1740 
6 18 11466 15194 2640 
6 0 2409 4958 2202 
6 14 18367 21087 2640 
6 9 3248 6617 3836 
7 15 11993 15287 3800 
7 8 4001 6007 2134 
7 18 19615 21325 5540 
7 6 11482 14788 2248 
7 10 10365 12546 3256 
7 15 10858 14474 2850 
7 1 18814 22673 3172 
7 8 18210 20049 4268 
7 16 8242 9680 6872 
7 12 22605 25533 3303 
7 9 8137 10523 4768 
7 12 20479 23302 3303 
7 11 19277 22883 3104 
7 16 22680 24143 5154 
7 19 9449 12653 4107 
8 18 14667 17060 1730 
8 19 392 3103 3800 
8 2 8615 11705 2595 
8 16 14833 17119 4676 
8 10 13793 15974 2312 
8 16 12541 14737 2338 
8 15 770 4260 1446 
8 0 17459 18900 1856 
8 4 10119 12574 1836 
9 10 10093 12748 2464 
9 17 9495 12418 2500 
9 4 1247 2717 2598 
9 15 18889 21376 2043 
9 13 4173 7536 5728 
9 14 14526 16164 4596 
9 10 21418 24073 3696 
9 13 20678 25216 5728 
9 4 9174 10753 5196 
9 15 22405 25174 2043 
9 7 22100 24951 2384 
9 3 2420 6132 3472 
9 10 14792 17693 4928 
9 7 18801 23525 4768 
9 4 6633 9530 5196 
10 4 21554 25419 6392 
10 6 9026 10993 4520 
10 2 9300 10618 3828 
10 7 22237 24576 3256 
10 6 18495 20669 3390 
10 0 17844 20119 5468 
10 3 14067 18173 2174 
10 6 144 2974 2260 
10 19 8531 10277 5280 
10 11 17369 21050 4719 
10 17 21501 23268 3660 
10 4 20399 24123 3196 
11 8 20566 22989 4692 
11 10 22508 26623 4719 
11 0 16961 19917 5368 
11 0 4916 7244 2684 
11 19 19503 21157 5904 
11 13 229 1885 2798 
11 17 5608 10010 5448 
11 13 19168 21997 2798 
11 14 8946 11636 4599 
11 19 22529 24287 5904 
11 3 20712 24584 2046 
11 17 10785 13778 2724 
11 8 20205 23325 4692 
11 10 6796 10714 6292 
11 5 8527 11120 2358 
12 18 18917 22181 2769 
12 5 22853 25358 3164 
12 11 12732 16213 4240 
12 4 2808 4868 4660 
12 4 16208 17740 4660 
12 2 5682 7830 1308 
12 4 22382 24478 3495 
12 0 12850 15838 1380 
12 7 3559 6306 3303 
12 0 20894 24073 2760 
12 5 12056 15230 1582 
12 6 10660 13139 990 
12 2 9607 12505 2616 
12 16 3987 6075 4368 
13 8 19455 22243 2506 
13 7 16444 18109 3352 
13 10 21000 23337 4818 
13 11 19736 21399 2798 
13 4 4991 6751 5976 
13 18 1633 3353 6052 
13 8 558 2644 3759 
13 0 11202 12522 3852 
13 6 9886 12759 4252 
13 16 2634 5368 3646 
13 11 6566 8193 2798 
13 17 12641 14193 3508 
14 16 12719 15100 4257 
14 3 8868 11231 2226 
14 0 13584 15994 4676 
14 19 3263 7424 2997 
14 12 441 2927 1978 
14 6 14895 17404 3520 
14 17 13763 17360 3873 
14 5 4640 6518 3279 
14 4 6038 9491 4611 
14 12 16430 18841 3956 
14 10 22412 24073 5480 
14 17 12244 16670 5164 
14 5 10766 13092 2186 
14 5 19523 21796 4372 
14 7 1960 4579 3975 
14 8 2946 7012 2724 
15 9 6407 8724 1362 
15 19 5868 7708 2586 
15 17 8214 12046 3420 
15 11 9785 11744 2174 
15 13 6695 10278 2194 
15 6 17235 19626 1740 
15 13 1127 4050 4388 
15 13 11531 13511 3291 
15 6 14847 16837 1305 
15 1 10218 12246 3268 
15 5 1048 5496 2481 
15 10 261 4092 1990 
16 4 5617 7779 3210 
16 6 3599 7172 3570 
16 19 4781 7077 2630 
16 9 10333 13078 2498 
16 18 3788 7475 4125 
16 12 5162 8957 2184 
16 6 8674 10921 2380 
16 14 2263 5723 5676 
16 19 9224 12060 3945 
16 8 9651 12749 2338 
16 13 5687 7908 3646 
16 19 1494 3996 3945 
17 11 17120 20360 5448 
17 2 11486 13673 2788 
17 4 21545 23427 4815 
17 2 11735 15540 4182 
17 7 13054 16735 4290 
17 2 13353 15805 2788 
17 4 17134 19540 4815 
17 19 5546 9333 2580 
17 4 3906 5967 6420 
17 19 619 3073 2580 
17 1 1898 4483 4155 
17 3 16847 20067 3543 
17 1 9121 10933 5540 
18 13 2906 5658 3026 
18 15 1147 3027 2634 
18 0 12364 14719 3876 
18 17 5221 6567 4140 
18 8 17928 20570 3460 
18 0 13624 18050 1938 
18 9 21052 23590 3465 
18 8 18580 20476 2595 
18 16 2286 5362 4125 
18 8 21991 23715 2595 
18 19 12590 14207 2904 
18 0 6451 9307 2907 
19 1 21183 23417 4892 
19 1 9410 11334 2446 
19 17 20191 22474 2580 
19 18 8989 10698 1936 
19 13 17321 20562 4350 
19 8 19256 21976 1900 
19 18 5897 8758 1936 
19 2 12634 15232 4076 
19 4 2437 5617 3951 
19 18 21500 24139 1936 
19 17 8715 12748 2580 
19 14 12583 16551 3996 
19 7 19326 21652 5476 
19 5 8910 11755 2850 
19 13 2784 6352 5800 
19 18 12 2987 1936 

0 1 0 3296
0 1 1 3296
0 1 2 3296
0 1 3 0
0 1 4 0
0 2 0 0
0 2 1 0
0 2 2 0
0 2 3 0
0 2 4 0
0 3 0 0
0 3 1 0
0 3 2 0
0 3 3 0
0 3 4 0
0 4 0 0
0 4 1 0
0 4 2 0
0 4 3 0
0 4 4 0
0 5 0 0
0 5 1 0
0 5 2 0
0 5 3 0
0 5 4 0
0 6 0 4311
0 6 1 4311
0 6 2 0
0 6 3 0
0 6 4 0
0 7 0 3380
0 7 1 3380
0 7 2 0
0 7 3 0
0 7 4 0
0 8 0 0
0 8 1 0
0 8 2 0
0 8 3 0
0 8 4 0
0 9 0 0
0 9 1 0
0 9 2 0
0 9 3 0
0 9 4 0
0 10 0 0
0 10 1 0
0 10 2 0
0 10 3 0
0 10 4 0
0 11 0 0
0 11 1 0
0 11 2 0
0 11 3 0
0 11 4 0
0 12 0 4861
0 12 1 4861
0 12 2 4861
0 12 3 0
0 12 4 0
0 13 0 0
0 13 1 0
0 13 2 0
0 13 3 0
0 13 4 0
0 14 0 3271
0 14 1 3271
0 14 2 0
0 14 3 0
0 14 4 0
0 15 0 0
0 15 1 0
0 15 2 0
0 15 3 0
0 15 4 0
0 16 0 3439
0 16 1 3439
0 16 2 0
0 16 3 0
0 16 4 0
0 17 0 0
0 17 1 0
0 17 2 0
0 17 3 0
0 17 4 0
0 18 0 0
0 18 1 0
0 18 2 0
0 18 3 0
0 18 4 0
0 19 0 3466
0 19 1 3466
0 19 2 3466
0 19 3 0
0 19 4 0
1 0 0 3296
1 0 1 3296
1 0 2 3296
1 0 3 0
1 0 4 0
1 2 0 3204
1 2 1 3204
1 2 2 3204
1 2 3 0
1 2 4 0
1 3 0 0
1 3 1 0
1 3 2 0
1 3 3 0
1 3 4 0
1 4 0 0
1 4 1 0
1 4 2 0
1 4 3 0
1 4 4 0
1 5 0 0
1 5 1 0
1 5 2 0
1 5 3 0
1 5 4 0
1 6 0 4117
1 6 1 4117
1 6 2 0
1 6 3 0
1 6 4 0
1 7 0 3324
1 7 1 3324
1 7 2 3324
1 7 3 0
1 7 4 0
1 8 0 4072
1 8 1 4072
1 8 2 4072
1 8 3 0
1 8 4 0
1 9 0 3682
1 9 1 3682
1 9 2 3682
1 9 3 0
1 9 4 0
1 10 0 0
1 10 1 0
1 10 2 0
1 10 3 0
1 10 4 0
1 11 0 0
1 11 1 0
1 11 2 0
1 11 3 0
1 11 4 0
1 12 0 0
1 12 1 0
1 12 2 0
1 12 3 0
1 12 4 0
1 13 0 3603
1 13 1 3603
1 13 2 3603
1 13 3 0
1 13 4 0
1 14 0 0
1 14 1 0
1 14 2 0
1 14 3 0
1 14 4 0
1 15 0 4727
1 15 1 4727
1 15 2 4727
1 15 3 0
1 15 4 0
1 16 0 3861
1 16 1 3861
1 16 2 0
1 16 3 0
1 16 4 0
1 17 0 3025
1 17 1 3025
1 17 2 3025
1 17 3 0
1 17 4 0
1 18 0 0
1 18 1 0
1 18 2 0
1 18 3 0
1 18 4 0
1 19 0 0
1 19 1 0
1 19 2 0
1 19 3 0
1 19 4 0
2 0 0 0
2 0 1 0
2 0 2 0
2 0 3 0
2 0 4 0
2 1 0 3204
2 1 1 3204
2 1 2 3204
2 1 3 0
2 1 4 0
2 3 0 0
2 3 1 0
2 3 2 0
2 3 3 0
2 3 4 0
2 4 0 0
2 4 1 0
2 4 2 0
2 4 3 0
2 4 4 0
2 5 0 3124
2 5 1 3124
2 5 2 0
2 5 3 0
2 5 4 0
2 6 0 0
2 6 1 0
2 6 2 0
2 6 3 0
2 6 4 0
2 7 0 3097
2 7 1 3097
2 7 2 0
2 7 3 0
2 7 4 0
2 8 0 0
2 8 1 0
2 8 2 0
2 8 3 0
2 8 4 0
2 9 0 0
2 9 1 0
2 9 2 0
2 9 3 0
2 9 4 0
2 10 0 0
2 10 1 0
2 10 2 0
2 10 3 0
2 10 4 0
2 11 0 3173
2 11 1 3173
2 11 2 0
2 11 3 0
2 11 4 0
2 12 0 4418
2 12 1 4418
2 12 2 0
2 12 3 0
2 12 4 0
2 13 0 0
2 13 1 0
2 13 2 0
2 13 3 0
2 13 4 0
2 14 0 0
2 14 1 0
2 14 2 0
2 14 3 0
2 14 4 0
2 15 0 4041
2 15 1 4041
2 15 2 0
2 15 3 0
2 15 4 0
2 16 0 0
2 16 1 0
2 16 2 0
2 16 3 0
2 16 4 0
2 17 0 3238
2 17 1 3238
2 17 2 3238
2 17 3 0
2 17 4 0
2 18 0 0
2 18 1 0
2 18 2 0
2 18 3 0
2 18 4 0
2 19 0 0
2 19 1 0
2 19 2 0
2 19 3 0
2 19 4 0
3 0 0 0
3 0 1 0
3 0 2 0
3 0 3 0
3 0 4 0
3 1 0 0
3 1 1 0
3 1 2 0
3 1 3 0
3 1 4 0
3 2 0 0
3 2 1 0
3 2 2 0
3 2 3 0
3 2 4 0
3 4 0 0
3 4 1 0
3 4 2 0
3 4 3 0
3 4 4 0
3 5 0 0
3 5 1 0
3 5 2 0
3 5 3 0
3 5 4 0
3 6 0 0
3 6 1 0
3 6 2 0
3 6 3 0
3 6 4 0
3 7 0 0
3 7 1 0
3 7 2 0
3 7 3 0
3 7 4 0
3 8 0 4711
3 8 1 4711
3 8 2 0
3 8 3 0
3 8 4 0
3 9 0 4336
3 9 1 4336
3 9 2 0
3 9 3 0
3 9 4 0
3 10 0 0
3 10 1 0
3 10 2 0
3 10 3 0
3 10 4 0
3 11 0 0
3 11 1 0
3 11 2 0
3 11 3 0
3 11 4 0
3 12 0 4268
3 12 1 4268
3 12 2 4268
3 12 3 0
3 12 4 0
3 13 0 3774
3 13 1 3774
3 13 2 3774
3 13 3 0
3 13 4 0
3 14 0 4217
3 14 1 4217
3 14 2 0
3 14 3 0
3 14 4 0
3 15 0 4771
3 15 1 4771
3 15 2 4771
3 15 3 0
3 15 4 0
3 16 0 0
3 16 1 0
3 16 2 0
3 16 3 0
3 16 4 0
3 17 0 3610
3 17 1 3610
3 17 2 0
3 17 3 0
3 17 4 0
3 18 0 4109
3 18 1 4109
3 18 2 0
3 18 3 0
3 18 4 0
3 19 0 4870
3 19 1 4870
3 19 2 0
3 19 3 0
3 19 4 0
4 0 0 0
4 0 1 0
4 0 2 0
4 0 3 0
4 0 4 0
4 1 0 0
4 1 1 0
4 1 2 0
4 1 3 0
4 1 4 0
4 2 0 0
4 2 1 0
4 2 2 0
4 2 3 0
4 2 4 0
4 3 0 0
4 3 1 0
4 3 2 0
4 3 3 0
4 3 4 0
4 5 0 0
4 5 1 0
4 5 2 0
4 5 3 0
4 5 4 0
4 6 0 0
4 6 1 0
4 6 2 0
4 6 3 0
4 6 4 0
4 7 0 0
4 7 1 0
4 7 2 0
4 7 3 0
4 7 4 0
4 8 0 0
4 8 1 0
4 8 2 0
4 8 3 0
4 8 4 0
4 9 0 3668
4 9 1 3668
4 9 2 0
4 9 3 0
4 9 4 0
4 10 0 0
4 10 1 0
4 10 2 0
4 10 3 0
4 10 4 0
4 11 0 3105
4 11 1 3105
4 11 2 3105
4 11 3 0
4 11 4 0
4 12 0 3602
4 12 1 3602
4 12 2 0
4 12 3 0
4 12 4 0
4 13 0 0
4 13 1 0
4 13 2 0
4 13 3 0
4 13 4 0
4 14 0 0
4 14 1 0
4 14 2 0
4 14 3 0
4 14 4 0
4 15 0 0
4 15 1 0
4 15 2 0
4 15 3 0
4 15 4 0
4 16 0 3117
4 16 1 3117
4 16 2 3117
4 16 3 0
4 16 4 0
4 17 0 0
4 17 1 0
4 17 2 0
4 17 3 0
4 17 4 0
4 18 0 0
4 18 1 0
4 18 2 0
4 18 3 0
4 18 4 0
4 19 0 0
4 19 1 0
4 19 2 0
4 19 3 0
4 19 4 0
5 0 0 0
5 0 1 0
5 0 2 0
5 0 3 0
5 0 4 0
5 1 0 0
5 1 1 0
5 1 2 0
5 1 3 0
5 1 4 0
5 2 0 3124
5 2 1 3124
5 2 2 0
5 2 3 0
5 2 4 0
5 3 0 0
5 3 1 0
5 3 2 0
5 3 3 0
5 3 4 0
5 4 0 0
5 4 1 0
5 4 2 0
5 4 3 0
5 4 4 0
5 6 0 4847
5 6 1 4847
5 6 2 4847
5 6 3 0
5 6 4 0
5 7 0 0
5 7 1 0
5 7 2 0
5 7 3 0
5 7 4 0
5 8 0 0
5 8 1 0
5 8 2 0
5 8 3 0
5 8 4 0
5 9 0 0
5 9 1 0
5 9 2 0
5 9 3 0
5 9 4 0
5 10 0 3493
5 10 1 3493
5 10 2 3493
5 10 3 0
5 10 4 0
5 11 0 0
5 11 1 0
5 11 2 0
5 11 3 0
5 11 4 0
5 12 0 4454
5 12 1 4454
5 12 2 4454
5 12 3 0
5 12 4 0
5 13 0 0
5 13 1 0
5 13 2 0
5 13 3 0
5 13 4 0
5 14 0 3526
5 14 1 3526
5 14 2 0
5 14 3 0
5 14 4 0
5 15 0 4299
5 15 1 4299
5 15 2 4299
5 15 3 0
5 15 4 0
5 16 0 3319
5 16 1 3319
5 16 2 3319
5 16 3 0
5 16 4 0
5 17 0 3958
5 17 1 3958
5 17 2 0
5 17 3 0
5 17 4 0
5 18 0 0
5 18 1 0
5 18 2 0
5 18 3 0
5 18 4 0
5 19 0 3894
5 19 1 3894
5 19 2 3894
5 19 3 0
5 19 4 0
6 0 0 4311
6 0 1 4311
6 0 2 0
6 0 3 0
6 0 4 0
6 1 0 4117
6 1 1 4117
6 1 2 0
6 1 3 0
6 1 4 0
6 2 0 0
6 2 1 0
6 2 2 0
6 2 3 0
6 2 4 0
6 3 0 0
6 3 1 0
6 3 2 0
6 3 3 0
6 3 4 0
6 4 0 0
6 4 1 0
6 4 2 0
6 4 3 0
6 4 4 0
6 5 0 4847
6 5 1 4847
6 5 2 4847
6 5 3 0
6 5 4 0
6 7 0 3643
6 7 1 3643
6 7 2 0
6 7 3 0
6 7 4 0
6 8 0 0
6 8 1 0
6 8 2 0
6 8 3 0
6 8 4 0
6 9 0 3903
6 9 1 3903
6 9 2 0
6 9 3 0
6 9 4 0
6 10 0 0
6 10 1 0
6 10 2 0
6 10 3 0
6 10 4 0
6 11 0 0
6 11 1 0
6 11 2 0
6 11 3 0
6 11 4 0
6 12 0 0
6 12 1 0
6 12 2 0
6 12 3 0
6 12 4 0
6 13 0 0
6 13 1 0
6 13 2 0
6 13 3 0
6 13 4 0
6 14 0 0
6 14 1 0
6 14 2 0
6 14 3 0
6 14 4 0
6 15 0 0
6 15 1 0
6 15 2 0
6 15 3 0
6 15 4 0
6 16 0 3939
6 16 1 3939
6 16 2 0
6 16 3 0
6 16 4 0
6 17 0 0
6 17 1 0
6 17 2 0
6 17 3 0
6 17 4 0
6 18 0 4588
6 18 1 4588
6 18 2 0
6 18 3 0
6 18 4 0
6 19 0 0
6 19 1 0
6 19 2 0
6 19 3 0
6 19 4 0
7 0 0 3380
7 0 1 3380
7 0 2 0
7 0 3 0
7 0 4 0
7 1 0 3324
7 1 1 3324
7 1 2 3324
7 1 3 0
7 1 4 0
7 2 0 3097
7 2 1 3097
7 2 2 0
7 2 3 0
7 2 4 0
7 3 0 0
7 3 1 0
7 3 2 0
7 3 3 0
7 3 4 0
7 4 0 0
7 4 1 0
7 4 2 0
7 4 3 0
7 4 4 0
7 5 0 0
7 5 1 0
7 5 2 0
7 5 3 0
7 5 4 0
7 6 0 3643
7 6 1 3643
7 6 2 0
7 6 3 0
7 6 4 0
7 8 0 0
7 8 1 0
7 8 2 0
7 8 3 0
7 8 4 0
7 9 0 0
7 9 1 0
7 9 2 0
7 9 3 0
7 9 4 0
7 10 0 0
7 10 1 0
7 10 2 0
7 10 3 0
7 10 4 0
7 11 0 3575
7 11 1 3575
7 11 2 0
7 11 3 0
7 11 4 0
7 12 0 3866
7 12 1 3866
7 12 2 3866
7 12 3 0
7 12 4 0
7 13 0 0
7 13 1 0
7 13 2 0
7 13 3 0
7 13 4 0
7 14 0 0
7 14 1 0
7 14 2 0
7 14 3 0
7 14 4 0
7 15 0 3076
7 15 1 3076
7 15 2 0
7 15 3 0
7 15 4 0
7 16 0 0
7 16 1 0
7 16 2 0
7 16 3 0
7 16 4 0
7 17 0 0
7 17 1 0
7 17 2 0
7 17 3 0
7 17 4 0
7 18 0 0
7 18 1 0
7 18 2 0
7 18 3 0
7 18 4 0
7 19 0 0
7 19 1 0
7 19 2 0
7 19 3 0
7 19 4 0
8 0 0 0
8 0 1 0
8 0 2 0
8 0 3 0
8 0 4 0
8 1 0 4072
8 1 1 4072
8 1 2 4072
8 1 3 0
8 1 4 0
8 2 0 0
8 2 1 0
8 2 2 0
8 2 3 0
8 2 4 0
8 3 0 4711
8 3 1 4711
8 3 2 0
8 3 3 0
8 3 4 0
8 4 0 0
8 4 1 0
8 4 2 0
8 4 3 0
8 4 4 0
8 5 0 0
8 5 1 0
8 5 2 0
8 5 3 0
8 5 4 0
8 6 0 0
8 6 1 0
8 6 2 0
8 6 3 0
8 6 4 0
8 7 0 0
8 7 1 0
8 7 2 0
8 7 3 0
8 7 4 0
8 9 0 3441
8 9 1 3441
8 9 2 0
8 9 3 0
8 9 4 0
8 10 0 0
8 10 1 0
8 10 2 0
8 10 3 0
8 10 4 0
8 11 0 3520
8 11 1 3520
8 11 2 3520
8 11 3 0
8 11 4 0
8 12 0 5957
8 12 1 5957
8 12 2 5957
8 12 3 0
8 12 4 0
8 13 0 0
8 13 1 0
8 13 2 0
8 13 3 0
8 13 4 0
8 14 0 0
8 14 1 0
8 14 2 0
8 14 3 0
8 14 4 0
8 15 0 0
8 15 1 0
8 15 2 0
8 15 3 0
8 15 4 0
8 16 0 0
8 16 1 0
8 16 2 0
8 16 3 0
8 16 4 0
8 17 0 0
8 17 1 0
8 17 2 0
8 17 3 0
8 17 4 0
8 18 0 0
8 18 1 0
8 18 2 0
8 18 3 0
8 18 4 0
8 19 0 3393
8 19 1 3393
8 19 2 3393
8 19 3 0
8 19 4 0
9 0 0 0
9 0 1 0
9 0 2 0
9 0 3 0
9 0 4 0
9 1 0 3682
9 1 1 3682
9 1 2 3682
9 1 3 0
9 1 4 0
9 2 0 0
9 2 1 0
9 2 2 0
9 2 3 0
9 2 4 0
9 3 0 4336
9 3 1 4336
9 3 2 0
9 3 3 0
9 3 4 0
9 4 0 3668
9 4 1 3668
9 4 2 0
9 4 3 0
9 4 4 0
9 5 0 0
9 5 1 0
9 5 2 0
9 5 3 0
9 5 4 0
9 6 0 3903
9 6 1 3903
9 6 2 0
9 6 3 0
9 6 4 0
9 7 0 0
9 7 1 0
9 7 2 0
9 7 3 0
9 7 4 0
9 8 0 3441
9 8 1 3441
9 8 2 0
9 8 3 0
9 8 4 0
9 10 0 3619
9 10 1 3619
9 10 2 0
9 10 3 0
9 10 4 0
9 11 0 3071
9 11 1 3071
9 11 2 0
9 11 3 0
9 11 4 0
9 12 0 0
9 12 1 0
9 12 2 0
9 12 3 0
9 12 4 0
9 13 0 0
9 13 1 0
9 13 2 0
9 13 3 0
9 13 4 0
9 14 0 0
9 14 1 0
9 14 2 0
9 14 3 0
9 14 4 0
9 15 0 0
9 15 1 0
9 15 2 0
9 15 3 0
9 15 4 0
9 16 0 3061
9 16 1 3061
9 16 2 0
9 16 3 0
9 16 4 0
9 17 0 0
9 17 1 0
9 17 2 0
9 17 3 0
9 17 4 0
9 18 0 0
9 18 1 0
9 18 2 0
9 18 3 0
9 18 4 0
9 19 0 0
9 19 1 0
9 19 2 0
9 19 3 0
9 19 4 0
10 0 0 0
10 0 1 0
10 0 2 0
10 0 3 0
10 0 4 0
10 1 0 0
10 1 1 0
10 1 2 0
10 1 3 0
10 1 4 0
10 2 0 0
10 2 1 0
10 2 2 0
10 2 3 0
10 2 4 0
10 3 0 0
10 3 1 0
10 3 2 0
10 3 3 0
10 3 4 0
10 4 0 0
10 4 1 0
10 4 2 0
10 4 3 0
10 4 4 0
10 5 0 3493
10 5 1 3493
10 5 2 3493
10 5 3 0
10 5 4 0
10 6 0 0
10 6 1 0
10 6 2 0
10 6 3 0
10 6 4 0
10 7 0 0
10 7 1 0
10 7 2 0
10 7 3 0
10 7 4 0
10 8 0 0
10 8 1 0
10 8 2 0
10 8 3 0
10 8 4 0
10 9 0 3619
10 9 1 3619
10 9 2 0
10 9 3 0
10 9 4 0
10 11 0 3411
10 11 1 3411
10 11 2 0
10 11 3 0
10 11 4 0
10 12 0 0
10 12 1 0
10 12 2 0
10 12 3 0
10 12 4 0
10 13 0 0
10 13 1 0
10 13 2 0
10 13 3 0
10 13 4 0
10 14 0 3116
10 14 1 3116
10 14 2 3116
10 14 3 0
10 14 4 0
10 15 0 0
10 15 1 0
10 15 2 0
10 15 3 0
10 15 4 0
10 16 0 0
10 16 1 0
10 16 2 0
10 16 3 0
10 16 4 0
10 17 0 0
10 17 1 0
10 17 2 0
10 17 3 0
10 17 4 0
10 18 0 0
10 18 1 0
10 18 2 0
10 18 3 0
10 18 4 0
10 19 0 0
10 19 1 0
10 19 2 0
10 19 3 0
10 19 4 0
11 0 0 0
11 0 1 0
11 0 2 0
11 0 3 0
11 0 4 0
11 1 0 0
11 1 1 0
11 1 2 0
11 1 3 0
11 1 4 0
11 2 0 3173
11 2 1 3173
11 2 2 0
11 2 3 0
11 2 4 0
11 3 0 0
11 3 1 0
11 3 2 0
11 3 3 0
11 3 4 0
11 4 0 3105
11 4 1 3105
11 4 2 3105
11 4 3 0
11 4 4 0
11 5 0 0
11 5 1 0
11 5 2 0
11 5 3 0
11 5 4 0
11 6 0 0
11 6 1 0
11 6 2 0
11 6 3 0
11 6 4 0
11 7 0 3575
11 7 1 3575
11 7 2 0
11 7 3 0
11 7 4 0
11 8 0 3520
11 8 1 3520
11 8 2 3520
11 8 3 0
11 8 4 0
11 9 0 3071
11 9 1 3071
11 9 2 0
11 9 3 0
11 9 4 0
11 10 0 3411
11 10 1 3411
11 10 2 0
11 10 3 0
11 10 4 0
11 12 0 3013
11 12 1 3013
11 12 2 0
11 12 3 0
11 12 4 0
11 13 0 0
11 13 1 0
11 13 2 0
11 13 3 0
11 13 4 0
11 14 0 0
11 14 1 0
11 14 2 0
11 14 3 0
11 14 4 0
11 15 0 3406
11 15 1 3406
11 15 2 3406
11 15 3 0
11 15 4 0
11 16 0 0
11 16 1 0
11 16 2 0
11 16 3 0
11 16 4 0
11 17 0 0
11 17 1 0
11 17 2 0
11 17 3 0
11 17 4 0
11 18 0 0
11 18 1 0
11 18 2 0
11 18 3 0
11 18 4 0
11 19 0 0
11 19 1 0
11 19 2 0
11 19 3 0
11 19 4 0
12 0 0 4861
12 0 1 4861
12 0 2 4861
12 0 3 0
12 0 4 0
12 1 0 0
12 1 1 0
12 1 2 0
12 1 3 0
12 1 4 0
12 2 0 4418
12 2 1 4418
12 2 2 0
12 2 3 0
12 2 4 0
12 3 0 4268
12 3 1 4268
12 3 2 4268
12 3 3 0
12 3 4 0
12 4 0 3602
12 4 1 3602
12 4 2 0
12 4 3 0
12 4 4 0
12 5 0 4454
12 5 1 4454
12 5 2 4454
12 5 3 0
12 5 4 0
12 6 0 0
12 6 1 0
12 6 2 0
12 6 3 0
12 6 4 0
12 7 0 3866
12 7 1 3866
12 7 2 3866
12 7 3 0
12 7 4 0
12 8 0 5957
12 8 1 5957
12 8 2 5957
12 8 3 0
12 8 4 0
12 9 0 0
12 9 1 0
12 9 2 0
12 9 3 0
12 9 4 0
12 10 0 0
12 10 1 0
12 10 2 0
12 10 3 0
12 10 4 0
12 11 0 3013
12 11 1 3013
12 11 2 0
12 11 3 0
12 11 4 0
12 13 0 3547
12 13 1 3547
12 13 2 0
12 13 3 0
12 13 4 0
12 14 0 0
12 14 1 0
12 14 2 0
12 14 3 0
12 14 4 0
12 15 0 0
12 15 1 0
12 15 2 0
12 15 3 0
12 15 4 0
12 16 0 3565
12 16 1 3565
12 16 2 3565
12 16 3 0
12 16 4 0
12 17 0 3881
12 17 1 3881
12 17 2 0
12 17 3 0
12 17 4 0
12 18 0 3706
12 18 1 3706
12 18 2 3706
12 18 3 0
12 18 4 0
12 19 0 0
12 19 1 0
12 19 2 0
12 19 3 0
12 19 4 0
13 0 0 0
13 0 1 0
13 0 2 0
13 0 3 0
13 0 4 0
13 1 0 3603
13 1 1 3603
13 1 2 3603
13 1 3 0
13 1 4 0
13 2 0 0
13 2 1 0
13 2 2 0
13 2 3 0
13 2 4 0
13 3 0 3774
13 3 1 3774
13 3 2 3774
13 3 3 0
13 3 4 0
13 4 0 0
13 4 1 0
13 4 2 0
13 4 3 0
13 4 4 0
13 5 0 0
13 5 1 0
13 5 2 0
13 5 3 0
13 5 4 0
13 6 0 0
13 6 1 0
13 6 2 0
13 6 3 0
13 6 4 0
13 7 0 0
13 7 1 0
13 7 2 0
13 7 3 0
13 7 4 0
13 8 0 0
13 8 1 0
13 8 2 0
13 8 3 0
13 8 4 0
13 9 0 0
13 9 1 0
13 9 2 0
13 9 3 0
13 9 4 0
13 10 0 0
13 10 1 0
13 10 2 0
13 10 3 0
13 10 4 0
13 11 0 0
13 11 1 0
13 11 2 0
13 11 3 0
13 11 4 0
13 12 0 3547
13 12 1 3547
13 12 2 0
13 12 3 0
13 12 4 0
13 14 0 3877
13 14 1 3877
13 14 2 3877
13 14 3 0
13 14 4 0
13 15 0 0
13 15 1 0
13 15 2 0
13 15 3 0
13 15 4 0
13 16 0 3581
13 16 1 3581
13 16 2 0
13 16 3 0
13 16 4 0
13 17 0 0
13 17 1 0
13 17 2 0
13 17 3 0
13 17 4 0
13 18 0 0
13 18 1 0
13 18 2 0
13 18 3 0
13 18 4 0
13 19 0 0
13 19 1 0
13 19 2 0
13 19 3 0
13 19 4 0
14 0 0 3271
14 0 1 3271
14 0 2 0
14 0 3 0
14 0 4 0
14 1 0 0
14 1 1 0
14 1 2 0
14 1 3 0
14 1 4 0
14 2 0 0
14 2 1 0
14 2 2 0
14 2 3 0
14 2 4 0
14 3 0 4217
14 3 1 4217
14 3 2 0
14 3 3 0
14 3 4 0
14 4 0 0
14 4 1 0
14 4 2 0
14 4 3 0
14 4 4 0
14 5 0 3526
14 5 1 3526
14 5 2 0
14 5 3 0
14 5 4 0
14 6 0 0
14 6 1 0
14 6 2 0
14 6 3 0
14 6 4 0
14 7 0 0
14 7 1 0
14 7 2 0
14 7 3 0
14 7 4 0
14 8 0 0
14 8 1 0
14 8 2 0
14 8 3 0
14 8 4 0
14 9 0 0
14 9 1 0
14 9 2 0
14 9 3 0
14 9 4 0
14 10 0 3116
14 10 1 3116
14 10 2 3116
14 10 3 0
14 10 4 0
14 11 0 0
14 11 1 0
14 11 2 0
14 11 3 0
14 11 4 0
14 12 0 0
14 12 1 0
14 12 2 0
14 12 3 0
14 12 4 0
14 13 0 3877
14 13 1 3877
14 13 2 3877
14 13 3 0
14 13 4 0
14 15 0 4415
14 15 1 4415
14 15 2 0
14 15 3 0
14 15 4 0
14 16 0 0
14 16 1 0
14 16 2 0
14 16 3 0
14 16 4 0
14 17 0 0
14 17 1 0
14 17 2 0
14 17 3 0
14 17 4 0
14 18 0 0
14 18 1 0
14 18 2 0
14 18 3 0
14 18 4 0
14 19 0 0
14 19 1 0
14 19 2 0
14 19 3 0
14 19 4 0
15 0 0 0
15 0 1 0
15 0 2 0
15 0 3 0
15 0 4 0
15 1 0 4727
15 1 1 4727
15 1 2 4727
15 1 3 0
15 1 4 0
15 2 0 4041
15 2 1 4041
15 2 2 0
15 2 3 0
15 2 4 0
15 3 0 4771
15 3 1 4771
15 3 2 4771
15 3 3 0
15 3 4 0
15 4 0 0
15 4 1 0
15 4 2 0
15 4 3 0
15 4 4 0
15 5 0 4299
15 5 1 4299
15 5 2 4299
15 5 3 0
15 5 4 0
15 6 0 0
15 6 1 0
15 6 2 0
15 6 3 0
15 6 4 0
15 7 0 3076
15 7 1 3076
15 7 2 0
15 7 3 0
15 7 4 0
15 8 0 0
15 8 1 0
15 8 2 0
15 8 3 0
15 8 4 0
15 9 0 0
15 9 1 0
15 9 2 0
15 9 3 0
15 9 4 0
15 10 0 0
15 10 1 0
15 10 2 0
15 10 3 0
15 10 4 0
15 11 0 3406
15 11 1 3406
15 11 2 3406
15 11 3 0
15 11 4 0
15 12 0 0
15 12 1 0
15 12 2 0
15 12 3 0
15 12 4 0
15 13 0 0
15 13 1 0
15 13 2 0
15 13 3 0
15 13 4 0
15 14 0 4415
15 14 1 4415
15 14 2 0
15 14 3 0
15 14 4 0
15 16 0 0
15 16 1 0
15 16 2 0
15 16 3 0
15 16 4 0
15 17 0 0
15 17 1 0
15 17 2 0
15 17 3 0
15 17 4 0
15 18 0 0
15 18 1 0
15 18 2 0
15 18 3 0
15 18 4 0
15 19 0 0
15 19 1 0
15 19 2 0
15 19 3 0
15 19 4 0
16 0 0 3439
16 0 1 3439
16 0 2 0
16 0 3 0
16 0 4 0
16 1 0 3861
16 1 1 3861
16 1 2 0
16 1 3 0
16 1 4 0
16 2 0 0
16 2 1 0
16 2 2 0
16 2 3 0
16 2 4 0
16 3 0 0
16 3 1 0
16 3 2 0
16 3 3 0
16 3 4 0
16 4 0 3117
16 4 1 3117
16 4 2 3117
16 4 3 0
16 4 4 0
16 5 0 3319
16 5 1 3319
16 5 2 3319
16 5 3 0
16 5 4 0
16 6 0 3939
16 6 1 3939
16 6 2 0
16 6 3 0
16 6 4 0
16 7 0 0
16 7 1 0
16 7 2 0
16 7 3 0
16 7 4 0
16 8 0 0
16 8 1 0
16 8 2 0
16 8 3 0
16 8 4 0
16 9 0 3061
16 9 1 3061
16 9 2 0
16 9 3 0
16 9 4 0
16 10 0 0
16 10 1 0
16 10 2 0
16 10 3 0
16 10 4 0
16 11 0 0
16 11 1 0
16 11 2 0
16 11 3 0
16 11 4 0
16 12 0 3565
16 12 1 3565
16 12 2 3565
16 12 3 0
16 12 4 0
16 13 0 3581
16 13 1 3581
16 13 2 0
16 13 3 0
16 13 4 0
16 14 0 0
16 14 1 0
16 14 2 0
16 14 3 0
16 14 4 0
16 15 0 0
16 15 1 0
16 15 2 0
16 15 3 0
16 15 4 0
16 17 0 3376
16 17 1 3376
16 17 2 3376
16 17 3 0
16 17 4 0
16 18 0 0
16 18 1 0
16 18 2 0
16 18 3 0
16 18 4 0
16 19 0 0
16 19 1 0
16 19 2 0
16 19 3 0
16 19 4 0
17 0 0 0
17 0 1 0
17 0 2 0
17 0 3 0
17 0 4 0
17 1 0 3025
17 1 1 3025
17 1 2 3025
17 1 3 0
17 1 4 0
17 2 0 3238
17 2 1 3238
17 2 2 3238
17 2 3 0
17 2 4 0
17 3 0 3610
17 3 1 3610
17 3 2 0
17 3 3 0
17 3 4 0
17 4 0 0
17 4 1 0
17 4 2 0
17 4 3 0
17 4 4 0
17 5 0 3958
17 5 1 3958
17 5 2 0
17 5 3 0
17 5 4 0
17 6 0 0
17 6 1 0
17 6 2 0
17 6 3 0
17 6 4 0
17 7 0 0
17 7 1 0
17 7 2 0
17 7 3 0
17 7 4 0
17 8 0 0
17 8 1 0
17 8 2 0
17 8 3 0
17 8 4 0
17 9 0 0
17 9 1 0
17 9 2 0
17 9 3 0
17 9 4 0
17 10 0 0
17 10 1 0
17 10 2 0
17 10 3 0
17 10 4 0
17 11 0 0
17 11 1 0
17 11 2 0
17 11 3 0
17 11 4 0
17 12 0 3881
17 12 1 3881
17 12 2 0
17 12 3 0
17 12 4 0
17 13 0 0
17 13 1 0
17 13 2 0
17 13 3 0
17 13 4 0
17 14 0 0
17 14 1 0
17 14 2 0
17 14 3 0
17 14 4 0
17 15 0 0
17 15 1 0
17 15 2 0
17 15 3 0
17 15 4 0
17 16 0 3376
17 16 1 3376
17 16 2 3376
17 16 3 0
17 16 4 0
17 18 0 3447
17 18 1 3447
17 18 2 0
17 18 3 0
17 18 4 0
17 19 0 0
17 19 1 0
17 19 2 0
17 19 3 0
17 19 4 0
18 0 0 0
18 0 1 0
18 0 2 0
18 0 3 0
18 0 4 0
18 1 0 0
18 1 1 0
18 1 2 0
18 1 3 0
18 1 4 0
18 2 0 0
18 2 1 0
18 2 2 0
18 2 3 0
18 2 4 0
18 3 0 4109
18 3 1 4109
18 3 2 0
18 3 3 0
18 3 4 0
18 4 0 0
18 4 1 0
18 4 2 0
18 4 3 0
18 4 4 0
18 5 0 0
18 5 1 0
18 5 2 0
18 5 3 0
18 5 4 0
18 6 0 4588
18 6 1 4588
18 6 2 0
18 6 3 0
18 6 4 0
18 7 0 0
18 7 1 0
18 7 2 0
18 7 3 0
18 7 4 0
18 8 0 0
18 8 1 0
18 8 2 0
18 8 3 0
18 8 4 0
18 9 0 0
18 9 1 0
18 9 2 0
18 9 3 0
18 9 4 0
18 10 0 0
18 10 1 0
18 10 2 0
18 10 3 0
18 10 4 0
18 11 0 0
18 11 1 0
18 11 2 0
18 11 3 0
18 11 4 0
18 12 0 3706
18 12 1 3706
18 12 2 3706
18 12 3 0
18 12 4 0
18 13 0 0
18 13 1 0
18 13 2 0
18 13 3 0
18 13 4 0
18 14 0 0
18 14 1 0
18 14 2 0
18 14 3 0
18 14 4 0
18 15 0 0
18 15 1 0
18 15 2 0
18 15 3 0
18 15 4 0
18 16 0 0
18 16 1 0
18 16 2 0
18 16 3 0
18 16 4 0
18 17 0 3447
18 17 1 3447
18 17 2 0
18 17 3 0
18 17 4 0
18 19 0 0
18 19 1 0
18 19 2 0
18 19 3 0
18 19 4 0
19 0 0 3466
19 0 1 3466
19 0 2 3466
19 0 3 0
19 0 4 0
19 1 0 0
19 1 1 0
19 1 2 0
19 1 3 0
19 1 4 0
19 2 0 0
19 2 1 0
19 2 2 0
19 2 3 0
19 2 4 0
19 3 0 4870
19 3 1 4870
19 3 2 0
19 3 3 0
19 3 4 0
19 4 0 0
19 4 1 0
19 4 2 0
19 4 3 0
19 4 4 0
19 5 0 3894
19 5 1 3894
19 5 2 3894
19 5 3 0
19 5 4 0
19 6 0 0
19 6 1 0
19 6 2 0
19 6 3 0
19 6 4 0
19 7 0 0
19 7 1 0
19 7 2 0
19 7 3 0
19 7 4 0
19 8 0 3393
19 8 1 3393
19 8 2 3393
19 8 3 0
19 8 4 0
19 9 0 0
19 9 1 0
19 9 2 0
19 9 3 0
19 9 4 0
19 10 0 0
19 10 1 0
19 10 2 0
19 10 3 0
19 10 4 0
19 11 0 0
19 11 1 0
19 11 2 0
19 11 3 0
19 11 4 0
19 12 0 0
19 12 1 0
19 12 2 0
19 12 3 0
19 12 4 0
19 13 0 0
19 13 1 0
19 13 2 0
19 13 3 0
19 13 4 0
19 14 0 0
19 14 1 0
19 14 2 0
19 14 3 0
19 14 4 0
19 15 0 0
19 15 1 0
19 15 2 0
19 15 3 0
19 15 4 0
19 16 0 0
19 16 1 0
19 16 2 0
19 16 3 0
19 16 4 0
19 17 0 0
19 17 1 0
19 17 2 0
19 17 3 0
19 17 4 0
19 18 0 0
19 18 1 0
19 18 2 0
19 18 3 0
19 18 4 0

