40 4 16 510

   0 1603 1376 1484 1504 1526 1418 1086 1503 1241  991  851 1312 1631 1679 1439 1571 1041 1624 1458 1305 1382 1625 1232 1620 1472 1258  914 1311 1417 1157 1196 1293 1416  964 1680  913 1346 1198 1259 
1603    0 1469 1569 1315 1634 1407 1066 1710 1473  879 1247 1682 1553 1423 1309 1362 1013 1556 1508 1210 1396 1747 1180 1430 1284 1201 1121 1288 1630  979  912 1388 1393  996 1574 1264 1484 1069 1400 
1376 1469    0 1450 1093 1421 1077  811 1354 1236  746  709 1257 1497 1281 1053 1322  863 1206 1131 1096 1129 1261  920 1134 1170  975  793 1185 1311  702  730 1210 1042  914 1213  714 1105  761 1171 
1484 1569 1450    0 1182 1544 1508 1043 1373 1184 1024 1085 1645 1436 1545 1379 1479 1258 1651 1432 1363 1572 1662  985 1601 1476 1330 1191 1310 1728 1118  987 1259 1166  915 1512 1086 1267  934 1351 
1504 1315 1093 1182    0 1271  994  686 1417 1061  956  863 1313 1359 1334  976 1269  760 1361  977 1099 1419 1292  650 1314 1038 1071  722 1135 1354  720  703  988  987  798 1467  824 1053  758 1037 
1526 1634 1421 1544 1271    0 1292 1231 1600 1338 1244 1101 1456 1619 1591 1358 1661  930 1724 1434 1391 1623 1460  887 1503 1264 1490 1011 1252 1489 1083 1021 1416 1364  873 1638 1001 1344 1050 1408 
1418 1407 1077 1508  994 1292    0  828 1393 1187  807  796 1457 1292 1140 1069 1443  678 1336 1167 1212 1300 1290  870 1324  940 1092  827  901 1561  796  735  946 1040  783 1261  719 1049  939 1081 
1086 1066  811 1043  686 1231  828    0 1105  813  475  410 1112 1043 1057  865 1180  491 1001  730  813 1016  964  438 1044  809  672  492  925 1142  618  548  825  708  527 1085  569  872  669  709 
1503 1710 1354 1373 1417 1600 1393 1105    0 1307 1148  933 1549 1555 1488 1298 1497 1022 1442 1275 1290 1688 1601  889 1763 1311 1380  866 1134 1605 1112 1209 1265 1399 1071 1495 1095 1572 1120 1454 
1241 1473 1236 1184 1061 1338 1187  813 1307    0  676  776 1343 1238 1240  949 1527  864 1399  961 1082 1372 1297  965 1224 1133 1007  873  949 1307  815  685  907 1048  685 1208  821 1221  863  962 
 991  879  746 1024  956 1244  807  475 1148  676    0  416 1107 1074 1075  757 1134  613 1175  754  947 1058 1221  471 1046  861  812  457  698 1020  505  455  696  835  513 1027  486  680  616  826 
 851 1247  709 1085  863 1101  796  410  933  776  416    0 1066 1205 1006  634  867  676 1294  622  811  979 1146  684  919  726  811  486  969 1013  457  419  665  869  525  925  553  741  498  639 
1312 1682 1257 1645 1313 1456 1457 1112 1549 1343 1107 1066    0 1565 1866 1418 1595  941 1822 1144 1166 1532 1627 1099 1588 1332 1213  848 1329 1492 1026 1138 1358 1225 1170 1744  931 1223 1092 1285 
1631 1553 1497 1436 1359 1619 1292 1043 1555 1238 1074 1205 1565    0 1543 1386 1683 1079 1558 1248 1347 1626 1689 1237 1861 1373 1396 1034 1352 1672 1091 1074 1432 1371 1064 1629 1031 1292 1153 1418 
1679 1423 1281 1545 1334 1591 1140 1057 1488 1240 1075 1006 1866 1543    0 1389 1438  980 1566 1435 1444 1583 1339  980 1668 1279 1379  994 1247 1415 1121 1200 1354 1217 1202 1507 1015 1445 1099 1248 
1439 1309 1053 1379  976 1358 1069  865 1298  949  757  634 1418 1386 1389    0 1245  766 1392 1033 1192 1517 1236  678 1348 1247 1179  796 1220 1464  739  788 1031 1162  913 1445  765 1106  771 1140 
1571 1362 1322 1479 1269 1661 1443 1180 1497 1527 1134  867 1595 1683 1438 1245    0 1004 1482 1346 1328 1666 1565 1050 1732 1387 1558 1163 1276 1400 1071  904 1386 1494 1106 1598 1010 1390 1168 1195 
1041 1013  863 1258  760  930  678  491 1022  864  613  676  941 1079  980  766 1004    0 1053  977  762 1004 1002  577 1097  801  747  464  694  956  453  531  887  940  495 1133  394  886  438  949 
1624 1556 1206 1651 1361 1724 1336 1001 1442 1399 1175 1294 1822 1558 1566 1392 1482 1053    0 1266 1362 1681 1637 1101 1644 1253 1313 1061 1213 1749 1198 1094 1180 1317  856 1766  983 1485 1038 1474 
1458 1508 1131 1432  977 1434 1167  730 1275  961  754  622 1144 1248 1435 1033 1346  977 1266    0 1110 1281 1397  686 1274 1122 1165  851  977 1381  678  670 1194 1073  738 1297  763 1046  721 1147 
1305 1210 1096 1363 1099 1391 1212  813 1290 1082  947  811 1166 1347 1444 1192 1328  762 1362 1110    0 1309 1218  704 1480 1180 1101  780 1161 1276  896  998 1260  940  871 1297  805  919  881 1039 
1382 1396 1129 1572 1419 1623 1300 1016 1688 1372 1058  979 1532 1626 1583 1517 1666 1004 1681 1281 1309    0 1338 1003 1695 1302 1353 1024 1452 1648 1166  956 1522 1189  878 1789 1069 1440 1026 1402 
1625 1747 1261 1662 1292 1460 1290  964 1601 1297 1221 1146 1627 1689 1339 1236 1565 1002 1637 1397 1218 1338    0 1230 1684 1218 1269 1010 1433 1755 1041 1216 1310 1428 1028 1606 1189 1257 1094 1475 
1232 1180  920  985  650  887  870  438  889  965  471  684 1099 1237  980  678 1050  577 1101  686  704 1003 1230    0 1048  733  717  606  700 1152  465  657  757  706  433  961  703  816  582  940 
1620 1430 1134 1601 1314 1503 1324 1044 1763 1224 1046  919 1588 1861 1668 1348 1732 1097 1644 1274 1480 1695 1684 1048    0 1391 1140 1136 1325 1494 1107  966 1398 1471 1045 1508 1027 1348  953 1282 
1472 1284 1170 1476 1038 1264  940  809 1311 1133  861  726 1332 1373 1279 1247 1387  801 1253 1122 1180 1302 1218  733 1391    0 1059  800 1312 1410  804  746 1224 1108  748 1463  666 1264  834  997 
1258 1201  975 1330 1071 1490 1092  672 1380 1007  812  811 1213 1396 1379 1179 1558  747 1313 1165 1101 1353 1269  717 1140 1059    0  840 1214 1345  743  901 1249 1059  726 1405  945 1052  901 1034 
 914 1121  793 1191  722 1011  827  492  866  873  457  486  848 1034  994  796 1163  464 1061  851  780 1024 1010  606 1136  800  840    0  904 1017  558  529  921  802  528 1187  503  813  553  881 
1311 1288 1185 1310 1135 1252  901  925 1134  949  698  969 1329 1352 1247 1220 1276  694 1213  977 1161 1452 1433  700 1325 1312 1214  904    0 1501  745  839  986  971  769 1293  722 1067  720 1097 
1417 1630 1311 1728 1354 1489 1561 1142 1605 1307 1020 1013 1492 1672 1415 1464 1400  956 1749 1381 1276 1648 1755 1152 1494 1410 1345 1017 1501    0  929 1022 1443 1269 1077 1513  974 1416  940 1245 
1157  979  702 1118  720 1083  796  618 1112  815  505  457 1026 1091 1121  739 1071  453 1198  678  896 1166 1041  465 1107  804  743  558  745  929    0  608  758  772  370 1151  551  994  670  855 
1196  912  730  987  703 1021  735  548 1209  685  455  419 1138 1074 1200  788  904  531 1094  670  998  956 1216  657  966  746  901  529  839 1022  608    0  831  816  438  963  577  701  503  848 
1293 1388 1210 1259  988 1416  946  825 1265  907  696  665 1358 1432 1354 1031 1386  887 1180 1194 1260 1522 1310  757 1398 1224 1249  921  986 1443  758  831    0 1186  883 1393  782 1140  897 1064 
1416 1393 1042 1166  987 1364 1040  708 1399 1048  835  869 1225 1371 1217 1162 1494  940 1317 1073  940 1189 1428  706 1471 1108 1059  802  971 1269  772  816 1186    0  878 1372  909  913  696 1133 
 964  996  914  915  798  873  783  527 1071  685  513  525 1170 1064 1202  913 1106  495  856  738  871  878 1028  433 1045  748  726  528  769 1077  370  438  883  878    0 1098  581  748  496  675 
1680 1574 1213 1512 1467 1638 1261 1085 1495 1208 1027  925 1744 1629 1507 1445 1598 1133 1766 1297 1297 1789 1606  961 1508 1463 1405 1187 1293 1513 1151  963 1393 1372 1098    0 1067 1378 1156 1259 
 913 1264  714 1086  824 1001  719  569 1095  821  486  553  931 1031 1015  765 1010  394  983  763  805 1069 1189  703 1027  666  945  503  722  974  551  577  782  909  581 1067    0  841  581  674 
1346 1484 1105 1267 1053 1344 1049  872 1572 1221  680  741 1223 1292 1445 1106 1390  886 1485 1046  919 1440 1257  816 1348 1264 1052  813 1067 1416  994  701 1140  913  748 1378  841    0  786 1035 
1198 1069  761  934  758 1050  939  669 1120  863  616  498 1092 1153 1099  771 1168  438 1038  721  881 1026 1094  582  953  834  901  553  720  940  670  503  897  696  496 1156  581  786    0  925 
1259 1400 1171 1351 1037 1408 1081  709 1454  962  826  639 1285 1418 1248 1140 1195  949 1474 1147 1039 1402 1475  940 1282  997 1034  881 1097 1245  855  848 1064 1133  675 1259  674 1035  925    0 

   0 1004  930  687  841 1129  787  807 1075 1133  696 1024  994  890 1054  608  625  838 1039  805 1067 1036  856  995  601 1093 1197  836  979  641  996  680  619  873  917 1151  767 1042  983 1073 
1004    0 1184  716  763 1132  824  898  840 1120  622 1133 1057  979 1090  694  608  809  758  831  766  670  759  898  646 1173  989  880  769  999  906  858  915  646  659 1174  661  979  880  894 
 930 1184    0 1114  879 1034  823  630  860 1086  654 1168 1020  843 1031  724  789  901 1071  601  617 1062  975  703  844  631  611 1181  939 1126  751 1179  752 1066  922  917  707 1003 1058  866 
 687  716 1114    0 1130  922 1066 1058 1036  610  692  762  927  729 1139  703  989  982 1105  889 1103  932 1114  630  868  753 1060  653  672 1040 1183  630 1046 1075  923  737  736  850  979 1024 
 841  763  879 1130    0  796 1189  958 1180  906  837  922  669  620 1068  955  904  765  696  620  705  798  654  656 1003 1051 1106 1144  769 1067 1079  963  996  802 1140 1139  722 1092  646  877 
1129 1132 1034  922  796    0  712  667  924  708 1185 1040  976 1095 1187 1000  972  828 1099  714  628 1147  811  830  723  714  729 1104  734  886 1145  740  928  646  854 1127 1114  673  791 1072 
 787  824  823 1066 1189  712    0 1101  655  698  732  799  634  619  664 1077  927 1072 1160  648 1137 1040  760 1173 1159  670 1111  875  688  693  968 1174 1158  721  643  720  935 1025 1041 1179 
 807  898  630 1058  958  667 1101    0  761  741  831 1199 1052 1114  794  946 1152  903  785  916  743 1145 1163 1115  948  862  946  732  960  906  763 1102 1169  669 1115 1111 1021  659  730  730 
1075  840  860 1036 1180  924  655  761    0  892  605 1177  865 1166 1194  739 1186  687  669  886  603  681  791  854  742  743 1055  742  915 1119  620  982  872 1185 1132  974 1130  601 1062  984 
1133 1120 1086  610  906  708  698  741  892    0  855  782 1180  940 1149  992  877 1088  618  991  608  894  600  776 1194  910  893 1128  901 1140  742  892  719  797 1026  898 1186  962  683 1172 
 696  622  654  692  837 1185  732  831  605  855    0 1126  652  927  920 1089  767 1142 1144 1074 1056 1139  986  727  772 1084 1195  775  639  645  694  997  649  938  608  912  930  894  836  646 
1024 1133 1168  762  922 1040  799 1199 1177  782 1126    0  864 1103  626  632 1048  961 1038  866 1185  768 1089  844  810 1084  637  911 1043  914  870  654  984  952  938  900  977  910  617 1126 
 994 1057 1020  927  669  976  634 1052  865 1180  652  864    0 1019  795  742  926  686  923  769  862 1170  703  732 1180  903 1037 1149  716  607  636  979 1123  621  983  878  754  804  981 1077 
 890  979  843  729  620 1095  619 1114 1166  940  927 1103 1019    0 1190 1075 1154  956  688  765 1089 1114  857  682  963  717  614 1025 1171  698  721  941 1044  786  909  822  620 1084 1177 1071 
1054 1090 1031 1139 1068 1187  664  794 1194 1149  920  626  795 1190    0  842 1063  608  909 1146 1111 1068  740 1195 1085  709  848  665 1143  607  750  732 1098  811  680  999 1130  663 1050  712 
 608  694  724  703  955 1000 1077  946  739  992 1089  632  742 1075  842    0  975  708  662 1020  836  683  913  869  723  959  968 1041 1197 1047 1192 1016 1090  738  862  887 1035  769  695 1139 
 625  608  789  989  904  972  927 1152 1186  877  767 1048  926 1154 1063  975    0 1052  813  608  692  918 1170  628  715 1173  837  968  635  820  901  664  728  953  724  711 1196 1045 1147  894 
 838  809  901  982  765  828 1072  903  687 1088 1142  961  686  956  608  708 1052    0 1116  741  926  749  732  607  841 1198  603  601 1160 1028 1114  619  683  781  777  861  853  815  763  601 
1039  758 1071 1105  696 1099 1160  785  669  618 1144 1038  923  688  909  662  813 1116    0 1085  827  861  733 1178  904  638 1121  949  643  706  720 1067 1173 1051  975  746 1014  725 1024  881 
 805  831  601  889  620  714  648  916  886  991 1074  866  769  765 1146 1020  608  741 1085    0 1079  716  607  759  797 1084  750  837  909  893 1128  938 1181  733  894 1169  831  927 1157 1033 
1067  766  617 1103  705  628 1137  743  603  608 1056 1185  862 1089 1111  836  692  926  827 1079    0  859  974  821  959 1055  649  776  855  689  927 1166  761  872 1076  863 1000  762 1109  944 
1036  670 1062  932  798 1147 1040 1145  681  894 1139  768 1170 1114 1068  683  918  749  861  716  859    0 1166  818  609  786 1159  868  899  725  728 1120  605 1043 1198 1005  905 1177  953  896 
 856  759  975 1114  654  811  760 1163  791  600  986 1089  703  857  740  913 1170  732  733  607  974 1166    0 1039 1178  708  675  779  812  651  613 1047  608  829  692  864  633  962  802 1002 
 995  898  703  630  656  830 1173 1115  854  776  727  844  732  682 1195  869  628  607 1178  759  821  818 1039    0 1095 1096 1077  913 1081 1039  663  976 1134  780 1077 1175  973  776 1001  801 
 601  646  844  868 1003  723 1159  948  742 1194  772  810 1180  963 1085  723  715  841  904  797  959  609 1178 1095    0  785  635 1071  707  632  690 1169  781  707  668 1165  825 1147  847  895 
1093 1173  631  753 1051  714  670  862  743  910 1084 1084  903  717  709  959 1173 1198  638 1084 1055  786  708 1096  785    0  829  805  778  815 1104  674 1174  816  700 1028  712 1005 1196  654 
1197  989  611 1060 1106  729 1111  946 1055  893 1195  637 1037  614  848  968  837  603 1121  750  649 1159  675 1077  635  829    0  713  848  987  790  733  678  683  723  975 1121  762 1004  786 
 836  880 1181  653 1144 1104  875  732  742 1128  775  911 1149 1025  665 1041  968  601  949  837  776  868  779  913 1071  805  713    0 1177 1067 1126 1106  908 1011 1144  713 1110  827  668  787 
 979  769  939  672  769  734  688  960  915  901  639 1043  716 1171 1143 1197  635 1160  643  909  855  899  812 1081  707  778  848 1177    0  650  882 1105 1174  652  817  946 1050  921 1153 1048 
 641  999 1126 1040 1067  886  693  906 1119 1140  645  914  607  698  607 1047  820 1028  706  893  689  725  651 1039  632  815  987 1067  650    0  636  690  620  889  976  603  887  899  675  857 
 996  906  751 1183 1079 1145  968  763  620  742  694  870  636  721  750 1192  901 1114  720 1128  927  728  613  663  690 1104  790 1126  882  636    0  979 1007  800  769  680  858  889  861 1127 
 680  858 1179  630  963  740 1174 1102  982  892  997  654  979  941  732 1016  664  619 1067  938 1166 1120 1047  976 1169  674  733 1106 1105  690  979    0  999  971 1100 1156  697  653  730 1030 
 619  915  752 1046  996  928 1158 1169  872  719  649  984 1123 1044 1098 1090  728  683 1173 1181  761  605  608 1134  781 1174  678  908 1174  620 1007  999    0  797 1113  853  639  971  713  689 
 873  646 1066 1075  802  646  721  669 1185  797  938  952  621  786  811  738  953  781 1051  733  872 1043  829  780  707  816  683 1011  652  889  800  971  797    0  605  621 1059 1066 1155  862 
 917  659  922  923 1140  854  643 1115 1132 1026  608  938  983  909  680  862  724  777  975  894 1076 1198  692 1077  668  700  723 1144  817  976  769 1100 1113  605    0 1109  869  722  628  747 
1151 1174  917  737 1139 1127  720 1111  974  898  912  900  878  822  999  887  711  861  746 1169  863 1005  864 1175 1165 1028  975  713  946  603  680 1156  853  621 1109    0 1071 1157  623 1115 
 767  661  707  736  722 1114  935 1021 1130 1186  930  977  754  620 1130 1035 1196  853 1014  831 1000  905  633  973  825  712 1121 1110 1050  887  858  697  639 1059  869 1071    0  676 1133  739 
1042  979 1003  850 1092  673 1025  659  601  962  894  910  804 1084  663  769 1045  815  725  927  762 1177  962  776 1147 1005  762  827  921  899  889  653  971 1066  722 1157  676    0  710 1102 
 983  880 1058  979  646  791 1041  730 1062  683  836  617  981 1177 1050  695 1147  763 1024 1157 1109  953  802 1001  847 1196 1004  668 1153  675  861  730  713 1155  628  623 1133  710    0  940 
1073  894  866 1024  877 1072 1179  730  984 1172  646 1126 1077 1071  712 1139  894  601  881 1033  944  896 1002  801  895  654  786  787 1048  857 1127 1030  689  862  747 1115  739 1102  940    0 

0 673 1086
1 559 1080
2 459 886
3 607 831
4 462 1059
5 618 903
6 378 947
7 296 714
8 697 805
9 529 1045
10 202 1058
11 296 1044
12 647 990
13 623 1042
14 600 972
15 469 991
16 576 975
17 334 759
18 613 942
19 475 920
20 460 979
21 552 744
22 563 933
23 243 841
24 679 813
25 447 846
26 387 755
27 279 826
28 472 715
29 553 812
30 241 898
31 267 834
32 390 1044
33 541 864
34 214 1011
35 623 893
36 205 966
37 464 1062
38 229 718
39 458 1017

0 17 5748 7650 2082 
0 18 34175 37229 6496 
0 35 39216 42081 3360 
0 30 16573 19750 2314 
0 26 3681 7475 2516 
0 20 3533 7438 2610 
0 7 16067 17721 4344 
0 38 42084 44050 2396 
0 17 42232 44067 2082 
0 38 31453 35168 2396 
0 33 6786 9806 5664 
0 37 38588 41015 2692 
0 12 19954 23015 5248 
0 6 5483 7694 4254 
1 6 6122 7819 2814 
1 2 42285 45979 2938 
1 25 37221 40775 2568 
1 37 18495 21343 4452 
1 15 9819 11401 3927 
1 36 4837 6311 5056 
1 6 30902 33818 2814 
1 6 12241 15157 2814 
1 30 26874 28930 1958 
1 9 21480 24011 5892 
1 3 17305 19044 6276 
1 28 16808 19630 3864 
1 0 23420 26030 3206 
2 20 2491 4286 2192 
2 13 30512 32703 4491 
2 6 307 1994 2154 
2 31 15643 19745 2920 
2 17 16292 18184 3452 
2 33 32857 35394 4168 
2 24 38595 41540 4536 
2 33 9876 14129 3126 
2 3 27823 31165 5800 
2 8 26697 28958 4062 
2 20 180 2216 2192 
2 34 2541 5445 1828 
2 28 4059 6059 4740 
3 29 1287 3502 5184 
3 0 5268 6896 5936 
3 1 17908 19454 3138 
3 22 16412 20645 4986 
3 12 8964 10957 6580 
3 20 2086 6365 5452 
3 21 10774 13616 6288 
3 19 23818 26093 5728 
3 17 38156 40385 2516 
3 27 18355 20679 3573 
3 7 42687 46199 4172 
3 14 35065 39176 6180 
3 29 11154 13878 5184 
3 1 4111 6158 3138 
3 0 35359 37736 4452 
3 28 17592 19003 5240 
4 11 26628 29735 1726 
4 11 17325 20671 3452 
4 6 38880 42470 3976 
4 6 19013 23602 2982 
4 24 36978 40799 5256 
4 15 1387 3784 3904 
4 5 4829 7519 3813 
4 12 21578 23457 3939 
4 5 38170 40279 5084 
4 23 9402 11219 1950 
4 19 39448 41128 3908 
4 38 16392 18943 3032 
5 39 41925 44562 5632 
5 38 10406 13127 2100 
5 39 7927 10467 2816 
5 2 18040 20500 4263 
5 32 24055 26922 2832 
5 20 27359 28897 4173 
5 24 30620 33490 6012 
5 27 23766 27552 3033 
5 17 9643 11895 2790 
5 3 32520 34649 6176 
5 34 34966 38185 1746 
5 6 5764 7956 3876 
5 4 23639 26281 5084 
5 23 9534 12148 2661 
6 2 18639 20935 3231 
6 29 20324 22929 3122 
6 4 40608 43164 1988 
6 23 15300 19077 1740 
6 33 8291 10280 4160 
6 18 39705 42106 4008 
6 32 41228 45153 3784 
6 10 36931 38607 2421 
6 38 31584 33863 3756 
6 37 38810 41085 4196 
6 21 397 4307 5200 
6 14 12457 13937 3420 
7 3 2329 5280 2086 
7 25 1332 4478 2427 
7 29 22005 25565 3426 
7 16 22308 25591 3540 
7 18 39853 42836 4004 
7 6 20119 23499 3312 
7 1 24927 27342 4264 
7 19 10218 12453 2190 
7 17 17190 19041 982 
8 26 11438 13822 4140 
8 17 21274 23747 4088 
8 36 23237 25700 4380 
8 29 17975 20358 4815 
8 26 40403 43800 2760 
8 34 20108 23175 3213 
8 31 4855 8606 4836 
8 36 31007 34046 4380 
8 0 550 3377 4509 
8 3 36544 40128 2746 
8 32 19306 22183 2530 
8 2 18933 20962 2708 
8 35 15331 18204 4485 
8 18 32059 33450 4326 
8 28 11118 14448 4536 
8 22 33078 35506 3202 
9 24 36638 39026 2448 
9 27 43133 46584 3492 
9 24 33082 36652 4896 
9 11 31941 33903 1552 
9 0 25608 29210 4964 
9 7 12245 15053 1626 
9 13 40571 44077 4952 
9 28 10858 13083 1898 
9 3 8612 10631 4736 
9 25 41426 44083 2266 
9 6 5831 7918 2374 
9 3 21362 23509 4736 
9 28 6492 9600 2847 
9 19 20333 23979 1922 
9 23 10112 12595 3860 
9 5 37890 39483 2676 
10 30 32551 33973 1515 
10 26 35105 39693 1624 
10 22 33607 36081 4884 
10 36 5219 7990 1944 
10 34 22519 24105 2052 
10 19 22084 24511 3016 
10 2 18698 20064 2238 
10 24 26860 29376 3138 
10 23 42069 44351 942 
10 31 17789 20121 1820 
10 23 42364 45061 942 
10 23 37640 40344 1413 
11 16 21003 23549 1734 
11 0 22309 24899 3404 
11 17 41663 44151 2704 
11 13 31412 35559 3615 
11 13 17602 20337 3615 
11 24 36586 39145 3676 
11 29 23788 27178 3039 
11 36 40660 44480 1106 
11 3 41909 44446 4340 
11 23 11732 14373 2736 
11 0 40020 43542 1702 
12 27 37823 40442 1696 
12 31 6792 9523 3414 
12 29 38084 40153 5968 
12 30 22716 24197 2052 
12 20 4806 7323 2332 
12 31 27441 30358 2276 
12 37 40036 43195 2446 
12 17 42290 44718 1882 
12 27 42527 45410 1696 
12 0 4350 7332 5248 
12 4 41364 43451 2626 
12 14 31951 34614 5526 
12 35 31099 33373 6976 
12 14 20685 23030 7368 
12 30 33417 35547 4104 
12 32 522 3351 5432 
13 2 11739 14259 4491 
13 32 2857 4955 5728 
13 36 31237 32601 2062 
13 19 4133 6129 4992 
13 4 16635 18042 4077 
13 38 524 3125 2306 
13 8 23516 25941 6220 
13 33 8735 10778 5484 
13 32 7130 10272 4296 
13 21 9489 13232 3252 
13 17 7382 10240 4316 
13 3 16531 19344 5744 
14 28 42727 45824 2494 
14 30 3605 6575 2242 
14 9 24131 26670 4960 
14 6 20349 22513 3420 
14 35 31977 35223 3014 
14 17 24782 25998 2940 
14 36 353 3155 4060 
14 2 977 3420 3843 
14 16 32576 36498 4314 
14 9 36497 39277 2480 
14 25 42476 45042 3837 
14 33 41903 43662 3651 
15 16 36104 38765 4980 
15 2 30840 33569 3159 
15 34 30876 32789 2739 
15 14 39125 42324 4167 
15 29 15679 19856 4392 
15 12 11171 12744 5672 
15 5 33283 35613 5432 
15 25 38236 41784 3741 
15 1 10052 12543 2618 
15 33 20881 22511 4648 
15 14 40144 42518 4167 
15 24 32507 34444 5392 
15 11 33352 35342 1902 
16 11 38455 40551 1734 
16 35 8246 11040 3196 
16 37 16396 20063 4170 
16 18 15850 18906 5928 
16 6 41219 43647 2886 
16 37 20400 24381 5560 
16 29 32951 35640 2800 
16 5 16155 18497 6644 
16 29 23534 26617 5600 
16 30 42935 45728 4284 
16 12 2966 6318 4785 
16 9 33936 35795 3054 
17 4 25821 27358 2280 
17 14 43130 45555 3920 
17 26 37694 39834 2241 
17 24 7628 9722 4388 
17 39 18163 19659 3796 
17 22 4994 6824 2004 
17 14 6210 7869 3920 
17 16 32730 35791 2008 
17 10 16129 18607 1226 
17 7 9478 11735 1964 
17 39 459 1799 2847 
17 27 38170 40057 928 
17 37 26871 29935 1772 
17 39 12169 13755 2847 
17 26 37667 39759 2988 
17 25 7385 11578 2403 
18 28 38144 39610 4852 
18 25 42983 45018 3759 
18 24 11966 14714 6576 
18 7 9696 11485 2002 
18 36 25581 28247 1966 
18 2 11610 14298 2412 
18 0 8805 10903 6496 
18 24 31409 34392 3288 
18 10 33950 37530 3525 
18 21 16789 19578 3362 
18 4 42445 43948 2722 
18 8 7601 9795 2884 
18 23 17034 20332 2202 
18 19 41937 44888 5064 
18 31 16739 20185 2188 
19 10 4524 7853 1508 
19 21 5227 7102 2562 
19 34 20149 22643 2214 
19 12 20704 22272 4576 
19 16 27353 29481 5384 
19 17 19060 21942 1954 
19 37 34832 38382 4184 
19 32 43216 47184 3582 
19 30 30992 34353 2712 
19 5 24229 26556 2868 
19 27 11396 14300 3404 
19 22 4791 6278 4191 
19 3 38705 41629 4296 
20 27 20842 23705 3120 
20 2 30996 33161 4384 
20 8 40194 41912 5160 
20 2 38388 40183 3288 
20 7 38105 40935 3252 
20 37 27537 29213 3676 
20 16 692 2290 5312 
20 21 15242 18351 2618 
20 30 33278 36735 1792 
20 22 34532 37502 3654 
20 0 26674 29907 2610 
20 4 18109 19533 3297 
20 2 23938 25455 2192 
21 5 37268 41798 3246 
21 31 23330 27171 2868 
21 35 39818 42561 5367 
21 23 5315 8357 2006 
21 31 42730 45093 3824 
21 29 12791 15683 3296 
21 12 26589 29373 4596 
21 24 24360 26028 5085 
21 1 30687 32234 2792 
21 10 1495 4148 3174 
21 20 39341 42192 2618 
21 16 9065 11084 6664 
22 21 36643 40560 2676 
22 9 7883 9989 3891 
22 23 11745 14820 2460 
22 5 17702 20086 2920 
22 11 41099 45226 2292 
22 35 24184 25920 4818 
22 14 23349 25028 2678 
22 17 12576 14911 3006 
22 0 6948 9199 6500 
22 26 35009 37445 3807 
22 34 2927 4906 2056 
22 34 19286 21867 4112 
22 11 567 4302 2292 
22 0 2488 5586 3250 
22 15 39655 42530 2472 
22 3 21048 24111 3324 
23 27 25528 28084 2424 
23 31 35246 38964 1971 
23 13 33341 35516 2474 
23 32 42959 47426 2271 
23 9 37148 40220 1930 
23 39 10150 11960 3760 
23 13 41526 42971 4948 
23 31 22186 24479 1314 
24 31 6072 10093 3864 
24 11 23868 26103 2757 
24 1 6830 9394 4290 
24 23 2115 5750 2096 
24 18 8300 11210 3288 
24 19 33426 35840 2548 
24 28 39900 42586 5300 
24 11 34586 36351 1838 
24 5 11261 13654 6012 
24 6 22255 25326 5296 
24 39 12398 14232 2564 
24 33 26814 29041 4413 
24 8 6680 9432 7052 
24 35 42355 45453 3016 
24 10 32373 34727 2092 
25 29 18410 20838 4230 
25 28 40371 42619 3936 
25 11 34887 37358 1452 
25 18 3737 5389 2506 
25 24 19854 22295 4173 
25 17 17550 20485 2403 
25 37 10331 12461 2528 
25 3 10575 12321 5904 
25 30 19213 22105 2412 
25 7 27266 30093 3236 
25 28 40830 43467 2624 
25 39 25358 27391 2991 
25 2 7060 8826 2340 
25 2 23968 26157 2340 
26 38 26768 28946 2703 
26 18 12510 15032 3939 
26 8 17764 20401 4140 
26 29 23866 26047 5380 
26 5 16143 18898 5960 
26 4 16871 20476 2142 
26 38 18164 20884 1802 
26 5 4599 6465 5960 
26 30 38885 41894 2972 
26 7 39683 41650 2016 
26 11 27375 29751 3244 
26 28 8360 11675 3642 
26 28 9854 12465 3642 
26 2 40909 42192 1950 
26 15 11357 14686 3537 
27 10 20153 22416 914 
27 16 34355 36697 3489 
27 33 19098 23061 2406 
27 9 27149 31175 3492 
27 1 19728 22438 2242 
27 19 17743 20513 1702 
27 9 11083 14703 3492 
27 14 17048 19195 2982 
27 5 720 5036 4044 
27 9 32948 36568 2619 
27 11 38448 41663 1458 
28 12 42778 44381 3987 
28 14 26725 29102 3741 
28 1 36894 38716 2576 
28 27 5608 9868 1808 
28 17 27089 30522 2082 
28 10 32237 34415 2792 
28 31 3889 7590 3356 
28 37 20700 24282 4268 
28 38 34356 37861 2880 
28 37 10767 14312 4268 
28 33 20168 21902 2913 
28 20 21669 24139 3483 
28 36 19701 22924 2888 
29 17 15193 18996 1912 
29 19 2320 4248 2762 
29 24 25176 26756 4482 
29 30 39885 41239 3716 
29 6 10100 11714 3122 
29 18 5278 7847 3498 
29 25 4864 8050 2820 
29 24 32748 34871 2988 
29 26 9468 13110 2690 
29 26 753 3358 4035 
29 15 8545 10722 4392 
29 33 34505 37767 3807 
29 19 18252 21404 2762 
30 16 34892 38261 3213 
30 25 21828 25140 3216 
30 22 19880 22025 4164 
30 9 10926 13278 1630 
30 3 18766 21273 3354 
30 24 16746 18353 3321 
30 6 37637 41179 2388 
30 3 3063 7416 2236 
30 14 758 3517 4484 
30 39 39899 43787 1710 
30 9 7906 10829 1630 
30 31 39934 43663 1824 
31 30 15890 19629 1824 
31 3 35240 36632 2961 
31 32 12025 15851 1662 
31 1 17155 19531 3648 
31 21 15534 19767 2868 
31 10 24161 26274 1365 
31 7 23778 28042 2192 
31 32 43171 45478 2493 
31 6 36013 38619 2940 
32 30 9870 11944 1516 
32 17 41291 43360 1774 
32 1 32126 35337 4164 
32 18 38268 42244 2360 
32 2 4859 7566 4840 
32 19 20658 23846 3582 
32 31 43094 45931 2493 
32 33 20459 22993 4744 
32 2 19208 20862 3630 
32 33 27196 29467 4744 
32 15 12557 14955 2062 
32 27 10009 12787 2763 
33 17 10321 12015 3760 
33 34 20427 22417 3512 
33 2 19771 22713 3126 
33 19 27327 29870 4292 
33 22 4707 7583 4284 
33 27 17375 20751 3208 
33 14 17405 20259 4868 
33 3 12631 16651 3498 
33 4 8217 10623 1974 
33 25 21405 23477 3324 
33 18 19241 22194 2634 
33 8 16948 20953 4197 
33 9 34223 37395 4192 
34 27 6982 9441 1584 
34 7 15378 19637 1054 
34 13 39197 42278 2128 
34 23 12897 15406 866 
34 9 22464 26537 1370 
34 32 34994 38310 1766 
34 10 27333 29011 2052 
34 15 33342 36419 3652 
34 23 16541 19631 1732 
34 28 26566 28600 1538 
35 8 41678 44561 5980 
35 38 31058 33462 4624 
35 25 37569 41177 2926 
35 15 7261 10649 4335 
35 4 32198 35375 4401 
35 15 6982 10237 2890 
35 36 33155 36678 2134 
35 12 4540 6418 5232 
35 19 15743 19133 3891 
35 37 19559 22474 5512 
35 16 18436 19936 6392 
35 28 30940 33607 5172 
36 27 27065 31116 1006 
36 37 35768 37782 1682 
36 35 40101 43913 3201 
36 15 38861 41707 3060 
36 5 42977 46720 3003 
36 28 21489 23872 2888 
36 20 22180 26170 3220 
36 2 30464 33143 1428 
37 25 34703 37597 5056 
37 9 25044 28728 4884 
37 2 32325 36296 2210 
37 17 12466 15652 2658 
37 19 5310 7840 4184 
37 17 31348 34053 3544 
37 2 12857 16527 2210 
37 38 34230 36253 1572 
37 14 34870 37236 4335 
37 10 1933 4221 1360 
37 34 10619 12849 2244 
37 24 27071 30408 5392 
37 21 21117 24024 4320 
37 18 12543 14478 5940 
38 2 39586 43162 2283 
38 34 20764 22352 1984 
38 16 6313 10694 4672 
38 13 42607 46373 3459 
38 0 1655 4869 2396 
38 17 10504 12693 876 
38 21 4356 7319 4104 
38 3 34286 36449 3736 
38 30 4741 7797 1340 
39 32 9693 12428 2128 
39 23 9627 11389 3760 
39 6 15763 20467 3243 
39 26 470 2490 2068 
39 29 7641 10246 4980 
39 1 22832 25835 2800 
39 13 1967 5747 5672 
39 22 24856 27571 4425 
39 1 24178 25983 2800 
39 31 18252 21939 2544 
39 33 37486 39459 3399 
39 29 783 3756 3735 
39 33 18472 21859 2266 
39 15 42481 45920 2280 

0 1 0 0
0 1 1 0
0 1 2 0
0 1 3 0
0 1 4 0
0 2 0 0
0 2 1 0
0 2 2 0
0 2 3 0
0 2 4 0
0 3 0 0
0 3 1 0
0 3 2 0
0 3 3 0
0 3 4 0
0 4 0 3854
0 4 1 3854
0 4 2 0
0 4 3 0
0 4 4 0
0 5 0 3392
0 5 1 3392
0 5 2 3392
0 5 3 0
0 5 4 0
0 6 0 0
0 6 1 0
0 6 2 0
0 6 3 0
0 6 4 0
0 7 0 0
0 7 1 0
0 7 2 0
0 7 3 0
0 7 4 0
0 8 0 3517
0 8 1 3517
0 8 2 0
0 8 3 0
0 8 4 0
0 9 0 0
0 9 1 0
0 9 2 0
0 9 3 0
0 9 4 0
0 10 0 0
0 10 1 0
0 10 2 0
0 10 3 0
0 10 4 0
0 11 0 0
0 11 1 0
0 11 2 0
0 11 3 0
0 11 4 0
0 12 0 3504
0 12 1 3504
0 12 2 0
0 12 3 0
0 12 4 0
0 13 0 0
0 13 1 0
0 13 2 0
0 13 3 0
0 13 4 0
0 14 0 0
0 14 1 0
0 14 2 0
0 14 3 0
0 14 4 0
0 15 0 3692
0 15 1 3692
0 15 2 3692
0 15 3 0
0 15 4 0
0 16 0 0
0 16 1 0
0 16 2 0
0 16 3 0
0 16 4 0
0 17 0 3281
0 17 1 3281
0 17 2 3281
0 17 3 0
0 17 4 0
0 18 0 0
0 18 1 0
0 18 2 0
0 18 3 0
0 18 4 0
0 19 0 3273
0 19 1 3273
0 19 2 0
0 19 3 0
0 19 4 0
0 20 0 0
0 20 1 0
0 20 2 0
0 20 3 0
0 20 4 0
0 21 0 0
0 21 1 0
0 21 2 0
0 21 3 0
0 21 4 0
0 22 0 0
0 22 1 0
0 22 2 0
0 22 3 0
0 22 4 0
0 23 0 3478
0 23 1 3478
0 23 2 0
0 23 3 0
0 23 4 0
0 24 0 3071
0 24 1 3071
0 24 2 0
0 24 3 0
0 24 4 0
0 25 0 0
0 25 1 0
0 25 2 0
0 25 3 0
0 25 4 0
0 26 0 3426
0 26 1 3426
0 26 2 3426
0 26 3 0
0 26 4 0
0 27 0 3764
0 27 1 3764
0 27 2 3764
0 27 3 0
0 27 4 0
0 28 0 0
0 28 1 0
0 28 2 0
0 28 3 0
0 28 4 0
0 29 0 3025
0 29 1 3025
0 29 2 3025
0 29 3 0
0 29 4 0
0 30 0 3929
0 30 1 3929
0 30 2 0
0 30 3 0
0 30 4 0
0 31 0 3613
0 31 1 3613
0 31 2 0
0 31 3 0
0 31 4 0
0 32 0 0
0 32 1 0
0 32 2 0
0 32 3 0
0 32 4 0
0 33 0 3422
0 33 1 3422
0 33 2 0
0 33 3 0
0 33 4 0
0 34 0 0
0 34 1 0
0 34 2 0
0 34 3 0
0 34 4 0
0 35 0 0
0 35 1 0
0 35 2 0
0 35 3 0
0 35 4 0
0 36 0 0
0 36 1 0
0 36 2 0
0 36 3 0
0 36 4 0
0 37 0 3876
0 37 1 3876
0 37 2 3876
0 37 3 0
0 37 4 0
0 38 0 0
0 38 1 0
0 38 2 0
0 38 3 0
0 38 4 0
0 39 0 3434
0 39 1 3434
0 39 2 0
0 39 3 0
0 39 4 0
1 0 0 0
1 0 1 0
1 0 2 0
1 0 3 0
1 0 4 0
1 2 0 3363
1 2 1 3363
1 2 2 0
1 2 3 0
1 2 4 0
1 3 0 0
1 3 1 0
1 3 2 0
1 3 3 0
1 3 4 0
1 4 0 0
1 4 1 0
1 4 2 0
1 4 3 0
1 4 4 0
1 5 0 0
1 5 1 0
1 5 2 0
1 5 3 0
1 5 4 0
1 6 0 0
1 6 1 0
1 6 2 0
1 6 3 0
1 6 4 0
1 7 0 3535
1 7 1 3535
1 7 2 0
1 7 3 0
1 7 4 0
1 8 0 0
1 8 1 0
1 8 2 0
1 8 3 0
1 8 4 0
1 9 0 3536
1 9 1 3536
1 9 2 3536
1 9 3 0
1 9 4 0
1 10 0 4182
1 10 1 4182
1 10 2 0
1 10 3 0
1 10 4 0
1 11 0 0
1 11 1 0
1 11 2 0
1 11 3 0
1 11 4 0
1 12 0 3298
1 12 1 3298
1 12 2 3298
1 12 3 0
1 12 4 0
1 13 0 3072
1 13 1 3072
1 13 2 0
1 13 3 0
1 13 4 0
1 14 0 3660
1 14 1 3660
1 14 2 0
1 14 3 0
1 14 4 0
1 15 0 3428
1 15 1 3428
1 15 2 0
1 15 3 0
1 15 4 0
1 16 0 3144
1 16 1 3144
1 16 2 3144
1 16 3 0
1 16 4 0
1 17 0 3319
1 17 1 3319
1 17 2 3319
1 17 3 0
1 17 4 0
1 18 0 0
1 18 1 0
1 18 2 0
1 18 3 0
1 18 4 0
1 19 0 3602
1 19 1 3602
1 19 2 3602
1 19 3 0
1 19 4 0
1 20 0 0
1 20 1 0
1 20 2 0
1 20 3 0
1 20 4 0
1 21 0 0
1 21 1 0
1 21 2 0
1 21 3 0
1 21 4 0
1 22 0 0
1 22 1 0
1 22 2 0
1 22 3 0
1 22 4 0
1 23 0 3320
1 23 1 3320
1 23 2 0
1 23 3 0
1 23 4 0
1 24 0 0
1 24 1 0
1 24 2 0
1 24 3 0
1 24 4 0
1 25 0 0
1 25 1 0
1 25 2 0
1 25 3 0
1 25 4 0
1 26 0 0
1 26 1 0
1 26 2 0
1 26 3 0
1 26 4 0
1 27 0 0
1 27 1 0
1 27 2 0
1 27 3 0
1 27 4 0
1 28 0 3701
1 28 1 3701
1 28 2 0
1 28 3 0
1 28 4 0
1 29 0 3188
1 29 1 3188
1 29 2 0
1 29 3 0
1 29 4 0
1 30 0 3095
1 30 1 3095
1 30 2 0
1 30 3 0
1 30 4 0
1 31 0 0
1 31 1 0
1 31 2 0
1 31 3 0
1 31 4 0
1 32 0 3323
1 32 1 3323
1 32 2 0
1 32 3 0
1 32 4 0
1 33 0 0
1 33 1 0
1 33 2 0
1 33 3 0
1 33 4 0
1 34 0 0
1 34 1 0
1 34 2 0
1 34 3 0
1 34 4 0
1 35 0 3998
1 35 1 3998
1 35 2 3998
1 35 3 0
1 35 4 0
1 36 0 0
1 36 1 0
1 36 2 0
1 36 3 0
1 36 4 0
1 37 0 3753
1 37 1 3753
1 37 2 3753
1 37 3 0
1 37 4 0
1 38 0 3403
1 38 1 3403
1 38 2 0
1 38 3 0
1 38 4 0
1 39 0 3721
1 39 1 3721
1 39 2 0
1 39 3 0
1 39 4 0
2 0 0 0
2 0 1 0
2 0 2 0
2 0 3 0
2 0 4 0
2 1 0 3363
2 1 1 3363
2 1 2 0
2 1 3 0
2 1 4 0
2 3 0 3317
2 3 1 3317
2 3 2 3317
2 3 3 0
2 3 4 0
2 4 0 0
2 4 1 0
2 4 2 0
2 4 3 0
2 4 4 0
2 5 0 0
2 5 1 0
2 5 2 0
2 5 3 0
2 5 4 0
2 6 0 3456
2 6 1 3456
2 6 2 3456
2 6 3 0
2 6 4 0
2 7 0 4033
2 7 1 4033
2 7 2 4033
2 7 3 0
2 7 4 0
2 8 0 0
2 8 1 0
2 8 2 0
2 8 3 0
2 8 4 0
2 9 0 3928
2 9 1 3928
2 9 2 0
2 9 3 0
2 9 4 0
2 10 0 4825
2 10 1 4825
2 10 2 0
2 10 3 0
2 10 4 0
2 11 0 0
2 11 1 0
2 11 2 0
2 11 3 0
2 11 4 0
2 12 0 0
2 12 1 0
2 12 2 0
2 12 3 0
2 12 4 0
2 13 0 3232
2 13 1 3232
2 13 2 0
2 13 3 0
2 13 4 0
2 14 0 0
2 14 1 0
2 14 2 0
2 14 3 0
2 14 4 0
2 15 0 0
2 15 1 0
2 15 2 0
2 15 3 0
2 15 4 0
2 16 0 3126
2 16 1 3126
2 16 2 0
2 16 3 0
2 16 4 0
2 17 0 0
2 17 1 0
2 17 2 0
2 17 3 0
2 17 4 0
2 18 0 0
2 18 1 0
2 18 2 0
2 18 3 0
2 18 4 0
2 19 0 3356
2 19 1 3356
2 19 2 0
2 19 3 0
2 19 4 0
2 20 0 0
2 20 1 0
2 20 2 0
2 20 3 0
2 20 4 0
2 21 0 0
2 21 1 0
2 21 2 0
2 21 3 0
2 21 4 0
2 22 0 0
2 22 1 0
2 22 2 0
2 22 3 0
2 22 4 0
2 23 0 0
2 23 1 0
2 23 2 0
2 23 3 0
2 23 4 0
2 24 0 3521
2 24 1 3521
2 24 2 3521
2 24 3 0
2 24 4 0
2 25 0 3252
2 25 1 3252
2 25 2 0
2 25 3 0
2 25 4 0
2 26 0 3602
2 26 1 3602
2 26 2 0
2 26 3 0
2 26 4 0
2 27 0 4061
2 27 1 4061
2 27 2 4061
2 27 3 0
2 27 4 0
2 28 0 0
2 28 1 0
2 28 2 0
2 28 3 0
2 28 4 0
2 29 0 0
2 29 1 0
2 29 2 0
2 29 3 0
2 29 4 0
2 30 0 4253
2 30 1 4253
2 30 2 0
2 30 3 0
2 30 4 0
2 31 0 4069
2 31 1 4069
2 31 2 4069
2 31 3 0
2 31 4 0
2 32 0 3093
2 32 1 3093
2 32 2 0
2 32 3 0
2 32 4 0
2 33 0 0
2 33 1 0
2 33 2 0
2 33 3 0
2 33 4 0
2 34 0 0
2 34 1 0
2 34 2 0
2 34 3 0
2 34 4 0
2 35 0 0
2 35 1 0
2 35 2 0
2 35 3 0
2 35 4 0
2 36 0 4522
2 36 1 4522
2 36 2 0
2 36 3 0
2 36 4 0
2 37 0 3222
2 37 1 3222
2 37 2 0
2 37 3 0
2 37 4 0
2 38 0 0
2 38 1 0
2 38 2 0
2 38 3 0
2 38 4 0
2 39 0 0
2 39 1 0
2 39 2 0
2 39 3 0
2 39 4 0
3 0 0 0
3 0 1 0
3 0 2 0
3 0 3 0
3 0 4 0
3 1 0 0
3 1 1 0
3 1 2 0
3 1 3 0
3 1 4 0
3 2 0 3317
3 2 1 3317
3 2 2 3317
3 2 3 0
3 2 4 0
3 4 0 3372
3 4 1 3372
3 4 2 3372
3 4 3 0
3 4 4 0
3 5 0 3263
3 5 1 3263
3 5 2 3263
3 5 3 0
3 5 4 0
3 6 0 0
3 6 1 0
3 6 2 0
3 6 3 0
3 6 4 0
3 7 0 0
3 7 1 0
3 7 2 0
3 7 3 0
3 7 4 0
3 8 0 0
3 8 1 0
3 8 2 0
3 8 3 0
3 8 4 0
3 9 0 0
3 9 1 0
3 9 2 0
3 9 3 0
3 9 4 0
3 10 0 0
3 10 1 0
3 10 2 0
3 10 3 0
3 10 4 0
3 11 0 0
3 11 1 0
3 11 2 0
3 11 3 0
3 11 4 0
3 12 0 0
3 12 1 0
3 12 2 0
3 12 3 0
3 12 4 0
3 13 0 3226
3 13 1 3226
3 13 2 3226
3 13 3 0
3 13 4 0
3 14 0 0
3 14 1 0
3 14 2 0
3 14 3 0
3 14 4 0
3 15 0 0
3 15 1 0
3 15 2 0
3 15 3 0
3 15 4 0
3 16 0 3159
3 16 1 3159
3 16 2 3159
3 16 3 0
3 16 4 0
3 17 0 0
3 17 1 0
3 17 2 0
3 17 3 0
3 17 4 0
3 18 0 3375
3 18 1 3375
3 18 2 0
3 18 3 0
3 18 4 0
3 19 0 0
3 19 1 0
3 19 2 0
3 19 3 0
3 19 4 0
3 20 0 0
3 20 1 0
3 20 2 0
3 20 3 0
3 20 4 0
3 21 0 0
3 21 1 0
3 21 2 0
3 21 3 0
3 21 4 0
3 22 0 0
3 22 1 0
3 22 2 0
3 22 3 0
3 22 4 0
3 23 0 3658
3 23 1 3658
3 23 2 0
3 23 3 0
3 23 4 0
3 24 0 3048
3 24 1 3048
3 24 2 0
3 24 3 0
3 24 4 0
3 25 0 0
3 25 1 0
3 25 2 0
3 25 3 0
3 25 4 0
3 26 0 0
3 26 1 0
3 26 2 0
3 26 3 0
3 26 4 0
3 27 0 0
3 27 1 0
3 27 2 0
3 27 3 0
3 27 4 0
3 28 0 0
3 28 1 0
3 28 2 0
3 28 3 0
3 28 4 0
3 29 0 0
3 29 1 0
3 29 2 0
3 29 3 0
3 29 4 0
3 30 0 0
3 30 1 0
3 30 2 0
3 30 3 0
3 30 4 0
3 31 0 3116
3 31 1 3116
3 31 2 3116
3 31 3 0
3 31 4 0
3 32 0 0
3 32 1 0
3 32 2 0
3 32 3 0
3 32 4 0
3 33 0 0
3 33 1 0
3 33 2 0
3 33 3 0
3 33 4 0
3 34 0 3909
3 34 1 3909
3 34 2 3909
3 34 3 0
3 34 4 0
3 35 0 3086
3 35 1 3086
3 35 2 0
3 35 3 0
3 35 4 0
3 36 0 0
3 36 1 0
3 36 2 0
3 36 3 0
3 36 4 0
3 37 0 0
3 37 1 0
3 37 2 0
3 37 3 0
3 37 4 0
3 38 0 0
3 38 1 0
3 38 2 0
3 38 3 0
3 38 4 0
3 39 0 0
3 39 1 0
3 39 2 0
3 39 3 0
3 39 4 0
4 0 0 3854
4 0 1 3854
4 0 2 0
4 0 3 0
4 0 4 0
4 1 0 0
4 1 1 0
4 1 2 0
4 1 3 0
4 1 4 0
4 2 0 0
4 2 1 0
4 2 2 0
4 2 3 0
4 2 4 0
4 3 0 3372
4 3 1 3372
4 3 2 3372
4 3 3 0
4 3 4 0
4 5 0 3880
4 5 1 3880
4 5 2 3880
4 5 3 0
4 5 4 0
4 6 0 0
4 6 1 0
4 6 2 0
4 6 3 0
4 6 4 0
4 7 0 4834
4 7 1 4834
4 7 2 4834
4 7 3 0
4 7 4 0
4 8 0 0
4 8 1 0
4 8 2 0
4 8 3 0
4 8 4 0
4 9 0 0
4 9 1 0
4 9 2 0
4 9 3 0
4 9 4 0
4 10 0 3999
4 10 1 3999
4 10 2 0
4 10 3 0
4 10 4 0
4 11 0 0
4 11 1 0
4 11 2 0
4 11 3 0
4 11 4 0
4 12 0 3254
4 12 1 3254
4 12 2 0
4 12 3 0
4 12 4 0
4 13 0 3447
4 13 1 3447
4 13 2 3447
4 13 3 0
4 13 4 0
4 14 0 3005
4 14 1 3005
4 14 2 0
4 14 3 0
4 14 4 0
4 15 0 3754
4 15 1 3754
4 15 2 3754
4 15 3 0
4 15 4 0
4 16 0 3034
4 16 1 3034
4 16 2 0
4 16 3 0
4 16 4 0
4 17 0 4403
4 17 1 4403
4 17 2 0
4 17 3 0
4 17 4 0
4 18 0 0
4 18 1 0
4 18 2 0
4 18 3 0
4 18 4 0
4 19 0 0
4 19 1 0
4 19 2 0
4 19 3 0
4 19 4 0
4 20 0 0
4 20 1 0
4 20 2 0
4 20 3 0
4 20 4 0
4 21 0 0
4 21 1 0
4 21 2 0
4 21 3 0
4 21 4 0
4 22 0 0
4 22 1 0
4 22 2 0
4 22 3 0
4 22 4 0
4 23 0 4585
4 23 1 4585
4 23 2 0
4 23 3 0
4 23 4 0
4 24 0 0
4 24 1 0
4 24 2 0
4 24 3 0
4 24 4 0
4 25 0 0
4 25 1 0
4 25 2 0
4 25 3 0
4 25 4 0
4 26 0 0
4 26 1 0
4 26 2 0
4 26 3 0
4 26 4 0
4 27 0 0
4 27 1 0
4 27 2 0
4 27 3 0
4 27 4 0
4 28 0 0
4 28 1 0
4 28 2 0
4 28 3 0
4 28 4 0
4 29 0 3710
4 29 1 3710
4 29 2 3710
4 29 3 0
4 29 4 0
4 30 0 0
4 30 1 0
4 30 2 0
4 30 3 0
4 30 4 0
4 31 0 4173
4 31 1 4173
4 31 2 4173
4 31 3 0
4 31 4 0
4 32 0 0
4 32 1 0
4 32 2 0
4 32 3 0
4 32 4 0
4 33 0 0
4 33 1 0
4 33 2 0
4 33 3 0
4 33 4 0
4 34 0 0
4 34 1 0
4 34 2 0
4 34 3 0
4 34 4 0
4 35 0 0
4 35 1 0
4 35 2 0
4 35 3 0
4 35 4 0
4 36 0 0
4 36 1 0
4 36 2 0
4 36 3 0
4 36 4 0
4 37 0 0
4 37 1 0
4 37 2 0
4 37 3 0
4 37 4 0
4 38 0 0
4 38 1 0
4 38 2 0
4 38 3 0
4 38 4 0
4 39 0 3172
4 39 1 3172
4 39 2 3172
4 39 3 0
4 39 4 0
5 0 0 3392
5 0 1 3392
5 0 2 3392
5 0 3 0
5 0 4 0
5 1 0 0
5 1 1 0
5 1 2 0
5 1 3 0
5 1 4 0
5 2 0 0
5 2 1 0
5 2 2 0
5 2 3 0
5 2 4 0
5 3 0 3263
5 3 1 3263
5 3 2 3263
5 3 3 0
5 3 4 0
5 4 0 3880
5 4 1 3880
5 4 2 3880
5 4 3 0
5 4 4 0
5 6 0 3143
5 6 1 3143
5 6 2 0
5 6 3 0
5 6 4 0
5 7 0 0
5 7 1 0
5 7 2 0
5 7 3 0
5 7 4 0
5 8 0 0
5 8 1 0
5 8 2 0
5 8 3 0
5 8 4 0
5 9 0 0
5 9 1 0
5 9 2 0
5 9 3 0
5 9 4 0
5 10 0 3928
5 10 1 3928
5 10 2 3928
5 10 3 0
5 10 4 0
5 11 0 0
5 11 1 0
5 11 2 0
5 11 3 0
5 11 4 0
5 12 0 3506
5 12 1 3506
5 12 2 3506
5 12 3 0
5 12 4 0
5 13 0 0
5 13 1 0
5 13 2 0
5 13 3 0
5 13 4 0
5 14 0 0
5 14 1 0
5 14 2 0
5 14 3 0
5 14 4 0
5 15 0 0
5 15 1 0
5 15 2 0
5 15 3 0
5 15 4 0
5 16 0 3924
5 16 1 3924
5 16 2 0
5 16 3 0
5 16 4 0
5 17 0 3336
5 17 1 3336
5 17 2 3336
5 17 3 0
5 17 4 0
5 18 0 0
5 18 1 0
5 18 2 0
5 18 3 0
5 18 4 0
5 19 0 3131
5 19 1 3131
5 19 2 3131
5 19 3 0
5 19 4 0
5 20 0 3281
5 20 1 3281
5 20 2 3281
5 20 3 0
5 20 4 0
5 21 0 0
5 21 1 0
5 21 2 0
5 21 3 0
5 21 4 0
5 22 0 0
5 22 1 0
5 22 2 0
5 22 3 0
5 22 4 0
5 23 0 0
5 23 1 0
5 23 2 0
5 23 3 0
5 23 4 0
5 24 0 0
5 24 1 0
5 24 2 0
5 24 3 0
5 24 4 0
5 25 0 3746
5 25 1 3746
5 25 2 0
5 25 3 0
5 25 4 0
5 26 0 0
5 26 1 0
5 26 2 0
5 26 3 0
5 26 4 0
5 27 0 0
5 27 1 0
5 27 2 0
5 27 3 0
5 27 4 0
5 28 0 0
5 28 1 0
5 28 2 0
5 28 3 0
5 28 4 0
5 29 0 0
5 29 1 0
5 29 2 0
5 29 3 0
5 29 4 0
5 30 0 0
5 30 1 0
5 30 2 0
5 30 3 0
5 30 4 0
5 31 0 0
5 31 1 0
5 31 2 0
5 31 3 0
5 31 4 0
5 32 0 3095
5 32 1 3095
5 32 2 3095
5 32 3 0
5 32 4 0
5 33 0 3968
5 33 1 3968
5 33 2 0
5 33 3 0
5 33 4 0
5 34 0 0
5 34 1 0
5 34 2 0
5 34 3 0
5 34 4 0
5 35 0 0
5 35 1 0
5 35 2 0
5 35 3 0
5 35 4 0
5 36 0 3024
5 36 1 3024
5 36 2 0
5 36 3 0
5 36 4 0
5 37 0 0
5 37 1 0
5 37 2 0
5 37 3 0
5 37 4 0
5 38 0 0
5 38 1 0
5 38 2 0
5 38 3 0
5 38 4 0
5 39 0 3283
5 39 1 3283
5 39 2 0
5 39 3 0
5 39 4 0
6 0 0 0
6 0 1 0
6 0 2 0
6 0 3 0
6 0 4 0
6 1 0 0
6 1 1 0
6 1 2 0
6 1 3 0
6 1 4 0
6 2 0 3456
6 2 1 3456
6 2 2 3456
6 2 3 0
6 2 4 0
6 3 0 0
6 3 1 0
6 3 2 0
6 3 3 0
6 3 4 0
6 4 0 0
6 4 1 0
6 4 2 0
6 4 3 0
6 4 4 0
6 5 0 3143
6 5 1 3143
6 5 2 0
6 5 3 0
6 5 4 0
6 7 0 0
6 7 1 0
6 7 2 0
6 7 3 0
6 7 4 0
6 8 0 0
6 8 1 0
6 8 2 0
6 8 3 0
6 8 4 0
6 9 0 0
6 9 1 0
6 9 2 0
6 9 3 0
6 9 4 0
6 10 0 0
6 10 1 0
6 10 2 0
6 10 3 0
6 10 4 0
6 11 0 4549
6 11 1 4549
6 11 2 0
6 11 3 0
6 11 4 0
6 12 0 0
6 12 1 0
6 12 2 0
6 12 3 0
6 12 4 0
6 13 0 3289
6 13 1 3289
6 13 2 3289
6 13 3 0
6 13 4 0
6 14 0 3664
6 14 1 3664
6 14 2 3664
6 14 3 0
6 14 4 0
6 15 0 0
6 15 1 0
6 15 2 0
6 15 3 0
6 15 4 0
6 16 0 0
6 16 1 0
6 16 2 0
6 16 3 0
6 16 4 0
6 17 0 0
6 17 1 0
6 17 2 0
