50 4 16 667

   0 1036  850  654 1055  735 1045  510  790  607  964  848  648  851  802  999  737  918 1097 1032  687  905  855  521 1024  706  697  731 1142  835 1067  981  862  900 1113  963  907 1121  704  716 1257  465  885  658  410  911  919  714 1083  871 
1036    0 1349 1235 1457 1308 1576  996 1413  849 1724 1502 1184 1571 1295 1746 1357 1203 1510 1632 1362 1428 1373  940 1476 1110 1340 1251 1469 1323 1643 1216 1475 1523 1578 1323 1711 1831 1229 1330 1519  946 1269  865 1056 1335 1553 1148 1624 1310 
 850 1349    0  808 1506 1225 1151  718 1217  784 1317 1082  888 1376 1193 1410 1155 1069 1262 1257 1007 1102  939  765 1478 1204 1180 1146 1359  953 1371 1036 1134 1025 1412 1187 1320 1384  888  980 1435  682 1068  885  901 1101  973 1090 1345 1083 
 654 1235  808    0 1140  829  912  517  877  544 1149  768  684  994  843 1075  783  900 1114 1068  770  863  965  614 1198  828  883  841 1097  773 1105  868  707  837 1031  785 1007 1107  483  722  965  622  840  571  379  707  861  832 1067  809 
1055 1457 1506 1140    0 1353 1408 1124 1159 1165 1600 1219 1047 1662 1355 1744 1495 1169 1664 1673 1363 1314 1353 1190 1630 1302 1232 1537 1830 1345 1438 1243 1266 1519 1774 1361 1618 1518 1094 1264 1679 1178 1489 1075 1067 1288 1414 1349 1441 1159 
 735 1308 1225  829 1353    0 1240  897 1017  735 1419 1258  918 1450 1060 1434 1240 1198 1422 1492 1057 1157 1020  806 1343 1103 1079 1203 1390 1135 1356 1187 1010 1115 1321 1172 1326 1358  673 1159 1259  680 1073  939  782 1255 1101  943 1273 1027 
1045 1576 1151  912 1408 1240    0 1222 1184 1089 1453 1225 1234 1708 1252 1633 1227 1464 1393 1483 1359 1394 1320  871 1425 1329 1146 1244 1802 1384 1591 1244 1450 1350 1701 1332 1593 1503 1289 1255 1499 1089 1487  919 1090 1363 1447 1346 1618 1401 
 510  996  718  517 1124  897 1222    0  716  632 1135  743  612 1037  956 1092  932  770 1132  974  944  945  759  588  995  723  857  747 1042  772 1008  767  857  832 1160  764 1242 1018  438  838  950  666  922  430  465  918  858  681 1018  721 
 790 1413 1217  877 1159 1017 1184  716    0  847 1496 1204  876 1369 1005 1257 1118 1103 1324 1290 1016 1204 1012  970 1488  997  945 1149 1316  984 1323 1078  967 1140 1421 1089 1398 1404  879 1128 1239  805 1098  762  812 1180 1191  864 1329 1053 
 607  849  784  544 1165  735 1089  632  847    0 1218  933  424 1106  720  882  653  837  956 1227  765  793  686  430 1115  975  884  782  947  817 1249  861  736  733 1106  779  967 1157  546  950 1208  458  912  415  431  886  850  868  925  816 
 964 1724 1317 1149 1600 1419 1453 1135 1496 1218    0 1215  965 1690 1186 1641 1378 1257 1656 1352 1471 1451 1378 1117 1638 1330 1178 1360 1426 1279 1712 1446 1214 1491 1627 1377 1710 1519 1025 1250 1523  967 1434 1109 1242 1168 1358 1297 1703 1368 
 848 1502 1082  768 1219 1258 1225  743 1204  933 1215    0  800 1412 1023 1274  932 1087 1406 1198 1225 1178  908  738 1198  958  916 1162 1229 1003 1395 1009 1062 1096 1418  955 1434 1336  702 1139 1559  698  978  766  868 1068 1074 1149 1484 1085 
 648 1184  888  684 1047  918 1234  612  876  424  965  800    0 1088  666  960  694  847 1087 1235  728  735  696  620 1173  943  802  879  940  789 1161  912  819  822  983  639 1038 1115  473  830  916  549  925  414  574  855  903  715 1159  782 
 851 1571 1376  994 1662 1450 1708 1037 1369 1106 1690 1412 1088    0 1341 1462 1406 1264 1336 1638 1501 1264 1188 1028 1600 1497 1384 1591 1679 1425 1482 1191 1399 1396 1712 1184 1414 1666 1159 1400 1475 1188 1324 1253  868 1427 1251 1585 1740 1382 
 802 1295 1193  843 1355 1060 1252  956 1005  720 1186 1023  666 1341    0 1355 1090 1064 1342 1237 1226  973  921  634 1239  949 1103 1028 1354 1123 1199 1194 1114 1063 1253 1107 1232 1371  821 1168 1193  769 1032  702  857  969  988 1163 1302  993 
 999 1746 1410 1075 1744 1434 1633 1092 1257  882 1641 1274  960 1462 1355    0 1544 1351 1623 1422 1399 1384 1347 1128 1596 1426 1113 1375 1594 1433 1698 1447 1421 1325 1494 1348 1707 1565  969 1294 1520 1031 1273 1032 1106 1202 1286 1350 1404 1363 
 737 1357 1155  783 1495 1240 1227  932 1118  653 1378  932  694 1406 1090 1544    0 1136 1371 1165 1073 1000 1170  865 1317 1076 1055 1169 1408 1108 1135 1145 1161 1145 1231 1193 1182 1302  939  966 1156  653 1256  879  727 1044 1083 1168 1317 1193 
 918 1203 1069  900 1169 1198 1464  770 1103  837 1257 1087  847 1264 1064 1351 1136    0 1472 1334 1085 1059 1137  726 1421 1117 1022 1074 1250 1163 1302 1228  963 1178 1502 1141 1224 1330  821 1005 1418  789  959  811  715  940 1263 1252 1272  956 
1097 1510 1262 1114 1664 1422 1393 1132 1324  956 1656 1406 1087 1336 1342 1623 1371 1472    0 1518 1186 1507 1532 1067 1547 1313 1381 1168 1458 1444 1622 1405 1187 1227 1751 1173 1823 1729  880 1346 1615 1052 1527 1198  975 1305 1428 1308 1589 1340 
1032 1632 1257 1068 1673 1492 1483  974 1290 1227 1352 1198 1235 1638 1237 1422 1165 1334 1518    0 1519 1525 1491  991 1593 1481 1503 1259 1505 1162 1699 1347 1277 1416 1740 1369 1606 1559 1118 1475 1681  986 1326  954  890 1574 1321 1227 1787 1393 
 687 1362 1007  770 1363 1057 1359  944 1016  765 1471 1225  728 1501 1226 1399 1073 1085 1186 1519    0 1251 1111  909 1529 1125 1139 1182 1194 1028 1295 1013 1153 1165 1137 1001 1332 1206  951 1171 1376  666 1149  768  868 1104 1206 1042 1330 1069 
 905 1428 1102  863 1314 1157 1394  945 1204  793 1451 1178  735 1264  973 1384 1000 1059 1507 1525 1251    0 1038  906 1398 1104  943 1086 1373 1037 1432 1035 1102 1012 1340 1202 1353 1280  855 1076 1209  831  951  789 1001  955 1040 1209 1238 1136 
 855 1373  939  965 1353 1020 1320  759 1012  686 1378  908  696 1188  921 1347 1170 1137 1532 1491 1111 1038    0  785 1376 1268 1195 1161 1306 1046 1292 1070  909 1202 1218 1093 1308 1291  909 1048 1173  736 1179  912  681  923  974  932 1445 1007 
 521  940  765  614 1190  806  871  588  970  430 1117  738  620 1028  634 1128  865  726 1067  991  909  906  785    0  998  899  918  865  967  864 1048  899  918  695  872  825 1168 1056  608  826 1161  557  894  557  432  829  818  862  917  800 
1024 1476 1478 1198 1630 1343 1425  995 1488 1115 1638 1198 1173 1600 1239 1596 1317 1421 1547 1593 1529 1398 1376  998    0 1393 1496 1385 1630 1292 1804 1208 1444 1467 1545 1520 1644 1877 1064 1353 1487 1152 1328 1151  945 1280 1150 1275 1519 1520 
 706 1110 1204  828 1302 1103 1329  723  997  975 1330  958  943 1497  949 1426 1076 1117 1313 1481 1125 1104 1268  899 1393    0 1227 1130 1416 1084 1540 1230  974 1140 1107  976 1256 1173  757  944 1240  849  954  687  836 1223 1220 1084 1223  928 
 697 1340 1180  883 1232 1079 1146  857  945  884 1178  916  802 1384 1103 1113 1055 1022 1381 1503 1139  943 1195  918 1496 1227    0 1208 1310 1090 1283 1233 1137 1066 1208 1287 1393 1327  634 1077 1271  734 1185  852  809 1146  933  932 1286 1114 
 731 1251 1146  841 1537 1203 1244  747 1149  782 1360 1162  879 1591 1028 1375 1169 1074 1168 1259 1182 1086 1161  865 1385 1130 1208    0 1321 1086 1364 1181  950 1030 1324 1014 1336 1483  839 1071 1320  875  949  815  918 1079 1070  958 1226 1005 
1142 1469 1359 1097 1830 1390 1802 1042 1316  947 1426 1229  940 1679 1354 1594 1408 1250 1458 1505 1194 1373 1306  967 1630 1416 1310 1321    0 1481 1776 1411 1362 1306 1425 1286 1757 1529 1228 1432 1406 1090 1372 1011  958 1346 1359 1364 1576 1347 
 835 1323  953  773 1345 1135 1384  772  984  817 1279 1003  789 1425 1123 1433 1108 1163 1444 1162 1028 1037 1046  864 1292 1084 1090 1086 1481    0 1361 1105 1192 1149 1194 1062 1289 1296  809 1148 1544  674 1167  886  744 1098 1105 1057 1419 1104 
1067 1643 1371 1105 1438 1356 1591 1008 1323 1249 1712 1395 1161 1482 1199 1698 1135 1302 1622 1699 1295 1432 1292 1048 1804 1540 1283 1364 1776 1361    0 1522 1293 1438 1601 1353 1620 1511 1049 1246 1569 1131 1205  891  986 1448 1364 1410 1669 1303 
 981 1216 1036  868 1243 1187 1244  767 1078  861 1446 1009  912 1191 1194 1447 1145 1228 1405 1347 1013 1035 1070  899 1208 1230 1233 1181 1411 1105 1522    0 1160 1129 1312 1041 1360 1360  745 1196 1347  912 1141  903  861 1123 1206 1034 1395  951 
 862 1475 1134  707 1266 1010 1450  857  967  736 1214 1062  819 1399 1114 1421 1161  963 1187 1277 1153 1102  909  918 1444  974 1137  950 1362 1192 1293 1160    0  996 1294 1044 1531 1466  814 1169 1397  990 1094  800  856 1076 1141  996 1474 1121 
 900 1523 1025  837 1519 1115 1350  832 1140  733 1491 1096  822 1396 1063 1325 1145 1178 1227 1416 1165 1012 1202  695 1467 1140 1066 1030 1306 1149 1438 1129  996    0 1381 1122 1344 1278  825 1222 1401  735 1041  737  786  936 1010 1151 1221 1102 
1113 1578 1412 1031 1774 1321 1701 1160 1421 1106 1627 1418  983 1712 1253 1494 1231 1502 1751 1740 1137 1340 1218  872 1545 1107 1208 1324 1425 1194 1601 1312 1294 1381    0 1402 1559 1527 1005 1396 1584  971 1286  979 1115 1528 1209 1261 1528 1239 
 963 1323 1187  785 1361 1172 1332  764 1089  779 1377  955  639 1184 1107 1348 1193 1141 1173 1369 1001 1202 1093  825 1520  976 1287 1014 1286 1062 1353 1041 1044 1122 1402    0 1279 1114  756 1170 1250  740 1063  843  897 1063  927 1081 1433 1008 
 907 1711 1320 1007 1618 1326 1593 1242 1398  967 1710 1434 1038 1414 1232 1707 1182 1224 1823 1606 1332 1353 1308 1168 1644 1256 1393 1336 1757 1289 1620 1360 1531 1344 1559 1279    0 1668 1132 1439 1444  980 1397 1149 1054 1251 1389 1136 1685 1086 
1121 1831 1384 1107 1518 1358 1503 1018 1404 1157 1519 1336 1115 1666 1371 1565 1302 1330 1729 1559 1206 1280 1291 1056 1877 1173 1327 1483 1529 1296 1511 1360 1466 1278 1527 1114 1668    0 1136 1319 1603 1236 1294  900 1182 1297 1350 1210 1606 1516 
 704 1229  888  483 1094  673 1289  438  879  546 1025  702  473 1159  821  969  939  821  880 1118  951  855  909  608 1064  757  634  839 1228  809 1049  745  814  825 1005  756 1132 1136    0  727 1103  613  769  443  598  754  715  965 1137  878 
 716 1330  980  722 1264 1159 1255  838 1128  950 1250 1139  830 1400 1168 1294  966 1005 1346 1475 1171 1076 1048  826 1353  944 1077 1071 1432 1148 1246 1196 1169 1222 1396 1170 1439 1319  727    0 1491  784 1140  883  843 1252 1219  989 1268 1208 
1257 1519 1435  965 1679 1259 1499  950 1239 1208 1523 1559  916 1475 1193 1520 1156 1418 1615 1681 1376 1209 1173 1161 1487 1240 1271 1320 1406 1544 1569 1347 1397 1401 1584 1250 1444 1603 1103 1491    0 1069 1328 1143  961 1385 1429 1231 1543 1192 
 465  946  682  622 1178  680 1089  666  805  458  967  698  549 1188  769 1031  653  789 1052  986  666  831  736  557 1152  849  734  875 1090  674 1131  912  990  735  971  740  980 1236  613  784 1069    0  851  658  451  785  815  911  889  816 
 885 1269 1068  840 1489 1073 1487  922 1098  912 1434  978  925 1324 1032 1273 1256  959 1527 1326 1149  951 1179  894 1328  954 1185  949 1372 1167 1205 1141 1094 1041 1286 1063 1397 1294  769 1140 1328  851    0  717  706 1027 1213 1079 1421 1004 
 658  865  885  571 1075  939  919  430  762  415 1109  766  414 1253  702 1032  879  811 1198  954  768  789  912  557 1151  687  852  815 1011  886  891  903  800  737  979  843 1149  900  443  883 1143  658  717    0  627  927  832  845 1153  877 
 410 1056  901  379 1067  782 1090  465  812  431 1242  868  574  868  857 1106  727  715  975  890  868 1001  681  432  945  836  809  918  958  744  986  861  856  786 1115  897 1054 1182  598  843  961  451  706  627    0  747  828  890 1262  662 
 911 1335 1101  707 1288 1255 1363  918 1180  886 1168 1068  855 1427  969 1202 1044  940 1305 1574 1104  955  923  829 1280 1223 1146 1079 1346 1098 1448 1123 1076  936 1528 1063 1251 1297  754 1252 1385  785 1027  927  747    0  950 1113 1405 1189 
 919 1553  973  861 1414 1101 1447  858 1191  850 1358 1074  903 1251  988 1286 1083 1263 1428 1321 1206 1040  974  818 1150 1220  933 1070 1359 1105 1364 1206 1141 1010 1209  927 1389 1350  715 1219 1429  815 1213  832  828  950    0 1059 1427  990 
 714 1148 1090  832 1349  943 1346  681  864  868 1297 1149  715 1585 1163 1350 1168 1252 1308 1227 1042 1209  932  862 1275 1084  932  958 1364 1057 1410 1034  996 1151 1261 1081 1136 1210  965  989 1231  911 1079  845  890 1113 1059    0 1386 1026 
1083 1624 1345 1067 1441 1273 1618 1018 1329  925 1703 1484 1159 1740 1302 1404 1317 1272 1589 1787 1330 1238 1445  917 1519 1223 1286 1226 1576 1419 1669 1395 1474 1221 1528 1433 1685 1606 1137 1268 1543  889 1421 1153 1262 1405 1427 1386    0 1471 
 871 1310 1083  809 1159 1027 1401  721 1053  816 1368 1085  782 1382  993 1363 1193  956 1340 1393 1069 1136 1007  800 1520  928 1114 1005 1347 1104 1303  951 1121 1102 1239 1008 1086 1516  878 1208 1192  816 1004  877  662 1189  990 1026 1471    0 

   0  634 1060 1143 1198  632 1105 1128  825  924 1012  872  622  742  710  996 1193  703  912  882  968  701  789 1056  790 1026  718 1018  987  966  813  951  737  998  671  815  946  761 1187  784  628  805  709  949 1061 1075  792  801 1015  722 
 634    0  946 1094  758  979  794 1006  934  605  626  725 1116  795 1021  937  775 1025  785  788  873  799  880  838  726  820 1128  615  769 1200  643  921  765  640 1033  807 1130  895  829 1060  706 1189  960  668  865  893  652  806 1091  859 
1060  946    0  803 1042  814  994  768  915  953  962  841  636 1060 1124 1187  741  601  703 1046  832 1051  602  786  771  628  653  869 1057  814 1048  697  627 1173  615 1045 1021  962 1117  628  807 1027  958 1092  694  605  728  764  783 1143 
1143 1094  803    0  894 1125  788 1025  749  640  825 1106 1157  972  705 1040  916  768  744  996 1007 1184 1172  666  837  659  868 1158 1113  958  849 1120  645 1171 1185  805  910 1076 1037 1023  883 1131  954  975  884  664  917  695  905  612 
1198  758 1042  894    0  833 1051  997  870 1145 1095  865 1198  782  866  865  753  621 1050 1062  994 1134  636 1043  683  776 1060 1076  990 1084 1044 1104 1121  658 1119 1010  685 1078 1112  722  622  626 1113 1179  887  795 1074 1166 1001 1137 
 632  979  814 1125  833    0 1025  834  757  950  657  985  911  836  884  639  886 1125  807  650  755  813 1006  722  953  733 1131  944  937  935 1060 1023  620 1033  765  851  745  609 1092 1087 1094  884 1087  766  872  906  912 1101  684  898 
1105  794  994  788 1051 1025    0 1191 1074  700  815 1181  970  628 1049  683  961  774 1049  803  660  773  692  663  896 1069  632 1055  671  974  810 1121 1015  891 1030  978  621  697  752  890  947 1129 1100  713  983  836  834  750  615 1163 
1128 1006  768 1025  997  834 1191    0  924 1087 1186  971 1019 1066  759  631  773 1049  734  986 1161 1094  869  926 1103  700 1065 1062  974  603  955  990  993  832 1086  721  917  969 1005  734  634  635  769  947 1050  957  811  788  687  679 
 825  934  915  749  870  757 1074  924    0 1039  919 1099  914  954  916  747  601 1188 1135  606  916 1153  701 1085  692 1131 1051  886  918  847  735  888  936  816 1170  670 1063  873 1044 1038 1083  666  719 1185  693 1033  781  900  674  763 
 924  605  953  640 1145  950  700 1087 1039    0  957 1002  840  763  972 1167  724  865  615 1150  639  634  642 1024 1088 1035 1018  637  742  999 1171  747 1066  602  734 1076  714  864 1016 1076  669  973  758  756 1076 1064  661 1121 1086  763 
1012  626  962  825 1095  657  815 1186  919  957    0 1027 1137 1000 1197  773  731  865 1025  604  989  809 1034  631  602  939 1127 1129  911  601 1120  871 1163  981 1039 1136  800  983  672 1011  893  778 1170 1007 1122  640  934  823  728  656 
 872  725  841 1106  865  985 1181  971 1099 1002 1027    0  831  726  833  737  767  957  648  797  846 1005  787 1040  985 1089 1143 1108  937  710 1084 1064  917  838 1118  964 1096  925 1024 1117 1012  752  856  635  676 1169  703  829  640  941 
 622 1116  636 1157 1198  911  970 1019  914  840 1137  831    0  623  780  976 1063 1022  828 1153  849 1086  957 1088  978  918  791 1040  714  719  759  908  661  672 1158 1055 1102 1073  993  913  884  746  931  778  845 1012 1042  747  673  692 
 742  795 1060  972  782  836  628 1066  954  763 1000  726  623    0  766  830  851 1150  743  916 1091  745  755  850  905  826  785  841  803  767  606 1025 1190  854  790  877 1049  787 1147 1047  622  871  924 1059  754 1184  627  995  833  645 
 710 1021 1124  705  866  884 1049  759  916  972 1197  833  780  766    0  748  864  962  601 1120 1127 1051  803 1161  971  875 1002  707 1196  601 1197  906  943  917 1128  840  966 1064 1126  982 1191  924  838  700  903  800 1113  674  955  615 
 996  937 1187 1040  865  639  683  631  747 1167  773  737  976  830  748    0 1111  759 1102  719 1044  821  640 1110 1031 1079  925  673  815 1090  780  679 1171  773 1024 1195  700  645 1151 1170 1193  871  668 1076  838  604  766 1097 1001  840 
1193  775  741  916  753  886  961  773  601  724  731  767 1063  851  864 1111    0  661  999  806  860 1150  988  726  677  796  949  913 1135 1075  722  799 1026  791 1137  985 1186 1129 1013  771  916  715  994  629  642  916 1186 1048  638 1179 
 703 1025  601  768  621 1125  774 1049 1188  865  865  957 1022 1150  962  759  661    0  842  636  614  665  701 1123 1010  816  922  957 1192  893  621  741  675 1040 1020  797  890 1182  712 1003 1126  609 1097 1042  646  719  945  761 1122  733 
 912  785  703  744 1050  807 1049  734 1135  615 1025  648  828  743  601 1102  999  842    0  953  858  980 1110  835  757  810  678  667 1131 1115  969  667 1086  746  762  978 1079 1121 1183  923  851 1048  797  990  631  832 1133  916  755 1028 
 882  788 1046  996 1062  650  803  986  606 1150  604  797 1153  916 1120  719  806  636  953    0 1035  816  998  752  671  939 1132  783  987 1125 1055 1144  680  995  941 1034 1067 1045  802  907  612  948  723  775  838  860 1049 1149 1150 1117 
 968  873  832 1007  994  755  660 1161  916  639  989  846  849 1091 1127 1044  860  614  858 1035    0  718 1124  786  780  646  942  984  642  938  979 1171 1098 1092  672  783  936 1123 1164  969  686  801 1070  880  798  937 1171  632  844 1004 
 701  799 1051 1184 1134  813  773 1094 1153  634  809 1005 1086  745 1051  821 1150  665  980  816  718    0  699 1152 1107 1159  863 1092  601  682  776 1145  940  940  991  655  885 1041  916  964  873  631  703  971 1120 1114  727  888  909  880 
 789  880  602 1172  636 1006  692  869  701  642 1034  787  957  755  803  640  988  701 1110  998 1124  699    0  874  935 1087 1126  719  784  863  718 1101  678  873 1189  696  722 1134  925  927  695 1049 1106  729 1090  983 1063  908  715  829 
1056  838  786  666 1043  722  663  926 1085 1024  631 1040 1088  850 1161 1110  726 1123  835  752  786 1152  874    0  927  815 1157  936 1049 1178  752 1057 1191 1028 1021  787  971  778  988  655 1112  959  925  920  924 1099  711 1192  978 1156 
 790  726  771  837  683  953  896 1103  692 1088  602  985  978  905  971 1031  677 1010  757  671  780 1107  935  927    0 1183  977  970  806  725  963 1060  826 1184  645  697 1120  891 1115 1093  834  618 1104 1025  838 1056  814  686  894  745 
1026  820  628  659  776  733 1069  700 1131 1035  939 1089  918  826  875 1079  796  816  810  939  646 1159 1087  815 1183    0 1047 1190 1129  779  947  726 1138 1133  704  613  854  666  877  878  610  624  851 1074  856  955 1029 1076  959  888 
 718 1128  653  868 1060 1131  632 1065 1051 1018 1127 1143  791  785 1002  925  949  922  678 1132  942  863 1126 1157  977 1047    0  945 1120  937  832  966 1125  843  814 1169  705 1101  658 1076 1084  606  957  694 1128  768 1085 1051  753  635 
1018  615  869 1158 1076  944 1055 1062  886  637 1129 1108 1040  841  707  673  913  957  667  783  984 1092  719  936  970 1190  945    0 1116  677 1014  740  886 1091  901 1014  608  778 1143 1192  891  680 1042 1141 1031  791 1103  726  733 1117 
 987  769 1057 1113  990  937  671  974  918  742  911  937  714  803 1196  815 1135 1192 1131  987  642  601  784 1049  806 1129 1120 1116    0 1125  707 1170 1041 1127 1120  754  771  830  840  820  870  744  727  883  973  991  992  800  607  914 
 966 1200  814  958 1084  935  974  603  847  999  601  710  719  767  601 1090 1075  893 1115 1125  938  682  863 1178  725  779  937  677 1125    0 1033  891  734  630 1016 1138  700  632 1091  785  900  847 1144  638 1032  723 1114 1132 1104  720 
 813  643 1048  849 1044 1060  810  955  735 1171 1120 1084  759  606 1197  780  722  621  969 1055  979  776  718  752  963  947  832 1014  707 1033    0  918  772 1083  739  659  913  952  658  906 1151  834 1075  719 1116  655 1059  602  771  619 
 951  921  697 1120 1104 1023 1121  990  888  747  871 1064  908 1025  906  679  799  741  667 1144 1171 1145 1101 1057 1060  726  966  740 1170  891  918    0 1107  793  909  809  679  775 1073  690  825  807  728  637  777 1183  984 1107 1120  866 
 737  765  627  645 1121  620 1015  993  936 1066 1163  917  661 1190  943 1171 1026  675 1086  680 1098  940  678 1191  826 1138 1125  886 1041  734  772 1107    0  910  631 1108  867  617 1077  997  657  959 1151 1183  705  895 1006  641  720  910 
 998  640 1173 1171  658 1033  891  832  816  602  981  838  672  854  917  773  791 1040  746  995 1092  940  873 1028 1184 1133  843 1091 1127  630 1083  793  910    0  895 1087  909 1050 1063  756  693 1023  969  761 1105  684  867 1027  704 1150 
 671 1033  615 1185 1119  765 1030 1086 1170  734 1039 1118 1158  790 1128 1024 1137 1020  762  941  672  991 1189 1021  645  704  814  901 1120 1016  739  909  631  895    0  820  630  659  685 1096  613 1192 1015 1104  838  686 1144  941  888 1073 
 815  807 1045  805 1010  851  978  721  670 1076 1136  964 1055  877  840 1195  985  797  978 1034  783  655  696  787  697  613 1169 1014  754 1138  659  809 1108 1087  820    0 1192  896 1163  779 1101  906 1032  920 1122  988  894 1110 1111  973 
 946 1130 1021  910  685  745  621  917 1063  714  800 1096 1102 1049  966  700 1186  890 1079 1067  936  885  722  971 1120  854  705  608  771  700  913  679  867  909  630 1192    0  733 1193  991  791  896  769  647 1069  651 1017  988  869 1176 
 761  895  962 1076 1078  609  697  969  873  864  983  925 1073  787 1064  645 1129 1182 1121 1045 1123 1041 1134  778  891  666 1101  778  830  632  952  775  617 1050  659  896  733    0  811 1016 1101  769  711 1009 1136  665  866 1027  908  871 
1187  829 1117 1037 1112 1092  752 1005 1044 1016  672 1024  993 1147 1126 1151 1013  712 1183  802 1164  916  925  988 1115  877  658 1143  840 1091  658 1073 1077 1063  685 1163 1193  811    0  892 1042  708 1118  757  627  994 1073  860  703  657 
 784 1060  628 1023  722 1087  890  734 1038 1076 1011 1117  913 1047  982 1170  771 1003  923  907  969  964  927  655 1093  878 1076 1192  820  785  906  690  997  756 1096  779  991 1016  892    0  637 1123 1125  684  936  879  921  748  696 1157 
 628  706  807  883  622 1094  947  634 1083  669  893 1012  884  622 1191 1193  916 1126  851  612  686  873  695 1112  834  610 1084  891  870  900 1151  825  657  693  613 1101  791 1101 1042  637    0 1055  809  601  839  761  971  641  831 1097 
 805 1189 1027 1131  626  884 1129  635  666  973  778  752  746  871  924  871  715  609 1048  948  801  631 1049  959  618  624  606  680  744  847  834  807  959 1023 1192  906  896  769  708 1123 1055    0  985 1198 1133 1112 1036  602  875 1067 
 709  960  958  954 1113 1087 1100  769  719  758 1170  856  931  924  838  668  994 1097  797  723 1070  703 1106  925 1104  851  957 1042  727 1144 1075  728 1151  969 1015 1032  769  711 1118 1125  809  985    0  897  672  867 1185 1166 1103  753 
 949  668 1092  975 1179  766  713  947 1185  756 1007  635  778 1059  700 1076  629 1042  990  775  880  971  729  920 1025 1074  694 1141  883  638  719  637 1183  761 1104  920  647 1009  757  684  601 1198  897    0  778  681 1146 1075  801 1051 
1061  865  694  884  887  872  983 1050  693 1076 1122  676  845  754  903  838  642  646  631  838  798 1120 1090  924  838  856 1128 1031  973 1032 1116  777  705 1105  838 1122 1069 1136  627  936  839 1133  672  778    0  989  876 1098  988  948 
1075  893  605  664  795  906  836  957 1033 1064  640 1169 1012 1184  800  604  916  719  832  860  937 1114  983 1099 1056  955  768  791  991  723  655 1183  895  684  686  988  651  665  994  879  761 1112  867  681  989    0  716  899  653 1028 
 792  652  728  917 1074  912  834  811  781  661  934  703 1042  627 1113  766 1186  945 1133 1049 1171  727 1063  711  814 1029 1085 1103  992 1114 1059  984 1006  867 1144  894 1017  866 1073  921  971 1036 1185 1146  876  716    0  956 1107 1156 
 801  806  764  695 1166 1101  750  788  900 1121  823  829  747  995  674 1097 1048  761  916 1149  632  888  908 1192  686 1076 1051  726  800 1132  602 1107  641 1027  941 1110  988 1027  860  748  641  602 1166 1075 1098  899  956    0  812  875 
1015 1091  783  905 1001  684  615  687  674 1086  728  640  673  833  955 1001  638 1122  755 1150  844  909  715  978  894  959  753  733  607 1104  771 1120  720  704  888 1111  869  908  703  696  831  875 1103  801  988  653 1107  812    0  743 
 722  859 1143  612 1137  898 1163  679  763  763  656  941  692  645  615  840 1179  733 1028 1117 1004  880  829 1156  745  888  635 1117  914  720  619  866  910 1150 1073  973 1176  871  657 1157 1097 1067  753 1051  948 1028 1156  875  743    0 

0 241 850
1 578 1085
2 516 1021
3 215 744
4 579 860
5 521 846
6 600 737
7 229 971
8 482 913
9 216 975
10 601 761
11 386 1038
12 269 924
13 655 827
14 521 884
15 700 1030
16 525 1067
17 530 909
18 613 875
19 689 1070
20 510 835
21 412 781
22 430 1039
23 282 1074
24 695 981
25 409 960
26 372 700
27 429 1008
28 571 900
29 543 921
30 595 854
31 493 717
32 503 828
33 471 1036
34 591 784
35 442 1089
36 669 785
37 642 992
38 307 833
39 446 887
40 568 827
41 289 700
42 412 787
43 235 917
44 332 713
45 454 996
46 435 1080
47 548 869
48 625 935
49 500 1084

0 26 42415 44920 2788 
0 4 32884 35423 3165 
0 10 948 3781 2892 
0 10 9870 12440 3856 
0 21 22342 24928 2715 
0 8 43358 45024 1580 
0 8 48522 50510 3160 
0 23 8240 11492 1042 
0 36 3716 6431 3628 
0 18 18373 20233 3291 
0 40 36323 38106 3771 
0 5 49340 50736 1470 
1 33 18645 20085 6092 
1 49 39107 42199 2620 
1 41 7714 11506 1892 
1 23 10327 12287 1880 
1 29 44201 48929 5292 
1 27 36939 39392 2502 
1 9 32836 35044 2547 
1 20 29390 31598 2724 
1 18 24495 26928 4530 
1 36 49063 53357 5133 
1 49 37395 40693 5240 
1 41 9285 12911 2838 
1 15 42840 45697 3462 
2 28 20878 23309 4077 
2 34 1126 2448 4236 
2 36 49818 53524 2640 
2 40 14141 16174 5740 
2 18 33003 34894 2524 
2 11 13843 16391 2164 
2 42 25513 27486 4272 
2 10 42220 44336 3951 
2 8 31880 34341 3651 
2 48 22988 24961 5380 
2 45 43105 44738 4404 
2 5 38322 40186 4900 
2 24 38640 40482 5912 
2 40 3886 5685 5740 
2 22 23244 25423 2817 
2 30 4283 8034 2742 
3 28 27455 31116 4388 
3 24 13577 16146 4792 
3 35 6681 9152 3140 
3 43 47536 50353 1142 
3 21 1099 3561 2589 
3 35 1228 3015 3140 
3 17 26426 28491 3600 
3 39 14036 16184 2888 
3 26 9466 11879 3532 
4 12 9555 12849 2094 
4 28 29007 32937 7320 
4 20 47529 50322 5452 
4 31 31153 34906 4972 
4 21 44410 47755 2628 
4 35 23807 27564 5444 
4 40 6623 8669 6716 
4 5 6717 8741 4059 
4 9 11149 14240 4660 
4 21 50552 54396 5256 
4 36 3138 4576 4854 
4 3 37011 40166 2280 
4 7 44711 48679 2248 
5 7 37378 39821 2691 
5 1 12736 14919 3924 
5 37 1828 4251 4074 
5 9 19052 22472 2205 
5 24 29001 32307 4029 
5 19 28167 30351 2984 
5 34 45820 48390 5284 
5 26 31211 35056 2158 
5 30 21741 24115 2712 
5 22 45361 48288 3060 
5 17 18349 21903 4792 
5 21 27046 29452 3471 
6 37 22320 24355 3006 
6 40 37886 40954 5996 
6 7 19471 22984 4888 
6 28 28478 31074 3604 
6 0 47407 51550 4180 
6 46 44625 47335 2894 
6 25 43915 47720 5316 
6 44 3318 6512 2180 
6 45 11418 14661 2726 
6 15 41398 42886 4899 
6 18 48725 51840 2786 
6 27 15038 17654 3732 
6 2 36790 39891 4604 
6 30 10980 13029 4773 
7 49 46565 48289 2884 
7 34 42258 46319 3480 
7 23 18869 21184 2352 
7 37 45325 48115 2036 
7 12 38048 40218 1836 
7 11 26282 29418 2229 
7 35 26169 29031 3056 
7 6 7370 11014 3666 
7 42 5024 8092 3688 
7 1 31268 35060 1992 
7 16 39020 41887 2796 
8 0 1824 3630 1580 
8 13 276 2336 2738 
8 16 22684 24913 3354 
8 40 45453 49698 3717 
8 14 29623 31574 3015 
8 2 37567 39909 3651 
8 30 18650 20715 3969 
8 26 50165 52781 3780 
8 16 297 1841 3354 
8 17 1503 5661 4412 
8 5 40480 42864 3051 
8 41 19183 21740 2415 
8 35 40572 42139 2178 
8 9 46371 48646 1694 
9 15 47675 50674 1764 
9 12 15173 17483 848 
9 44 42763 46927 1293 
9 36 7139 9737 1934 
9 8 14890 17529 1694 
9 10 36302 39488 2436 
9 25 21581 24582 2925 
9 3 35708 37660 1088 
9 21 19266 21174 1586 
10 49 40899 42729 5472 
10 5 670 3225 5676 
10 46 46734 50059 5432 
10 30 23131 25438 3424 
10 20 7378 11027 5884 
10 33 49830 52537 2982 
10 47 3829 7030 2594 
10 11 20764 23896 3645 
10 45 1172 2580 3504 
10 11 14541 17755 3645 
10 12 3318 5728 2895 
10 5 7568 9874 5676 
10 13 891 3161 5070 
10 21 42938 44936 5804 
10 49 47229 49256 2736 
10 1 29920 32092 6896 
11 21 876 3217 2356 
11 6 18696 22569 4900 
11 15 50134 52131 2548 
11 37 36926 39719 5344 
11 16 32575 35029 2796 
11 16 13271 15794 2796 
11 35 11792 14018 1910 
11 45 36983 40747 4272 
11 15 29044 31336 3822 
11 49 41124 44313 4340 
11 24 20108 22747 3594 
11 31 26925 30404 3027 
11 29 8393 10246 2006 
11 49 47055 50263 2170 
12 14 36465 38383 2664 
12 31 10086 13091 2736 
12 31 50257 52236 3648 
12 29 23526 25992 3156 
12 35 10247 12430 2556 
12 18 30798 32627 3261 
12 23 36107 38979 2480 
12 45 8823 12253 1710 
12 15 47540 49638 3840 
12 40 14230 16042 3664 
12 1 12884 16187 4736 
12 10 12672 15878 2895 
13 32 9123 13133 4197 
13 38 10314 12963 4636 
13 23 32679 34821 2056 
13 17 45098 47961 2528 
13 21 48431 51343 5056 
13 33 8226 10489 2792 
13 27 22463 25053 6328 
13 24 26311 29587 3200 
13 10 50345 53465 3380 
13 3 14846 18704 3976 
13 26 3291 5779 2768 
13 37 43090 46214 3332 
13 31 14365 17470 3573 
13 19 45884 49108 3276 
13 31 9517 13217 3573 
13 25 42908 46038 5988 
14 29 5924 8255 4492 
14 2 18018 22008 3579 
14 24 22122 24287 4956 
14 25 22639 25587 1898 
14 23 12883 16273 1268 
14 27 25381 27459 2056 
14 3 22468 25048 2529 
14 18 38234 39532 4026 
14 16 36413 38339 2180 
14 3 13224 15606 1686 
14 26 29866 33483 2206 
14 8 44440 46711 3015 
14 28 42581 46360 2708 
14 7 5310 8209 1912 
15 47 5181 8197 4050 
15 9 13738 16597 3528 
15 9 30411 34215 3528 
15 26 5830 8734 4452 
15 0 28067 30875 1998 
15 37 12718 14556 3130 
15 14 5080 6688 2710 
15 3 31758 35502 3225 
15 36 48145 50448 3414 
15 10 6304 9171 4923 
15 42 43181 45378 2546 
15 34 27496 29707 4482 
15 6 21406 23229 3266 
15 32 2197 5054 2842 
15 30 2729 5599 3396 
15 22 3058 5579 4041 
16 36 21061 25437 3546 
16 12 48892 52304 2082 
16 36 41720 44554 4728 
16 18 47029 49946 5484 
16 42 25527 27654 5024 
16 23 7916 10413 1730 
16 4 38134 41130 4485 
16 1 27208 30277 5428 
16 47 17884 20734 3504 
16 49 6114 10617 4772 
16 47 50446 54260 2336 
16 8 42392 43972 3354 
16 15 6941 10018 6140 
16 2 6092 7833 4620 
17 3 8284 9950 3600 
17 20 38364 40598 4340 
17 44 2544 4830 2145 
17 44 38188 40003 2145 
17 27 21549 25137 4296 
17 46 8672 11488 3789 
17 4 20646 21981 4676 
17 33 25196 27629 3534 
17 39 39675 41991 2010 
17 20 13269 15669 3255 
17 19 27433 28883 4002 
17 14 42745 44976 4256 
17 8 21117 24681 4412 
17 37 19138 23357 2660 
18 23 869 3323 2134 
18 34 40164 42137 3502 
18 19 36747 39586 4554 
18 29 37152 39638 2888 
18 40 7724 9817 3230 
18 21 9797 11825 3014 
18 12 17922 19652 4348 
18 31 42283 43943 2810 
18 35 36648 38799 3519 
18 46 29561 32042 5712 
18 6 7009 9159 4179 
18 43 36930 39652 4792 
19 43 19945 21564 3816 
19 21 8817 10473 4575 
19 1 48336 50400 4896 
19 43 24582 26759 3816 
19 17 40344 42366 2668 
19 46 30220 34143 5284 
19 8 10611 12750 5160 
19 38 40551 42187 4472 
19 20 23620 26031 4557 
19 36 9271 12653 4818 
19 39 1345 4855 4425 
19 47 41987 44468 3681 
19 13 24124 26395 4914 
19 20 44907 47225 4557 
19 6 8715 11388 2966 
20 19 13219 17255 4557 
20 15 20410 24366 5596 
20 33 26143 29812 4660 
20 1 37073 39491 2724 
20 49 152 3726 2138 
20 48 41171 44065 3990 
20 14 45765 48514 2452 
20 49 45431 49396 2138 
20 16 9638 12613 2146 
20 19 47331 49959 4557 
20 0 50503 53029 2748 
20 13 30384 34420 6004 
20 15 45014 48448 2798 
21 30 26610 28456 2864 
21 1 33122 35894 4284 
21 18 48684 51673 6028 
21 8 36825 40376 2408 
21 39 7512 11136 2152 
21 26 19822 22583 2829 
21 33 7873 11275 3036 
21 4 20746 25145 3942 
21 26 14968 17557 2829 
21 14 50016 52664 3892 
21 39 44344 46927 2152 
21 46 27041 29047 3120 
21 29 6870 8459 3111 
21 15 1716 3735 4152 
21 0 32242 34246 2715 
22 32 42313 44469 3636 
22 20 2516 4831 4444 
22 20 38029 40715 3333 
22 35 46319 47815 3279 
22 5 49043 51256 4080 
22 41 27473 31406 1472 
22 14 9544 11471 3684 
22 31 13533 16186 2140 
22 41 5596 9110 2208 
22 38 5406 7829 2727 
22 1 28046 30351 5492 
22 49 1343 3896 3021 
22 49 38214 40087 4028 
22 30 32468 34198 5168 
22 12 19521 22095 2088 
23 38 46018 49584 2432 
23 49 38995 41815 1600 
23 18 25209 27647 4268 
23 1 6701 8762 1880 
23 12 26019 29511 1240 
23 25 38395 41589 3596 
23 33 28286 32027 2780 
23 3 36949 38880 1228 
23 24 40659 43421 2994 
24 15 25684 28838 4788 
24 14 9422 11461 4956 
24 20 27061 29549 4587 
24 36 47090 49419 4932 
24 8 37602 39145 5952 
24 30 2936 5950 3608 
24 46 47891 50683 2300 
24 5 49051 51157 2686 
24 25 21112 25477 2786 
24 3 24767 27361 3594 
24 47 32038 33965 2550 
24 15 49091 51441 4788 
24 31 25059 27793 2416 
24 6 44090 46688 5700 
25 34 9983 11574 4428 
25 11 1623 4781 1916 
25 34 4651 6861 2214 
25 29 35988 38730 3252 
25 49 20270 22836 3712 
25 28 23901 27163 4248 
25 6 42008 45888 2658 
25 38 31340 33488 2271 
25 2 18172 20577 4816 
25 38 37168 40228 3028 
25 44 26743 29430 2508 
25 31 39804 42236 2460 
25 24 48226 50828 4179 
26 7 3265 5714 1714 
26 21 5924 8953 2829 
26 35 33100 35461 2574 
26 44 27701 30340 2427 
26 10 19621 22675 4712 
26 37 31077 34853 5308 
26 36 27510 29674 5572 
26 32 42941 45517 2274 
26 37 47385 50126 5308 
26 40 6452 10722 3813 
26 0 48957 51534 2091 
26 0 30269 33069 2091 
27 33 12550 15386 3090 
27 19 44260 47298 2518 
27 35 50996 53794 3042 
27 46 39029 41797 4280 
27 48 23633 25678 3678 
27 12 21421 24156 3516 
27 36 42866 44331 4008 
27 47 1103 3411 2874 
27 43 36759 40090 3260 
27 47 22792 25195 1916 
27 36 47448 48682 4008 
27 34 38750 40750 3972 
27 4 20047 24189 4611 
27 43 27007 30110 1630 
27 48 6923 9576 2452 
28 46 49132 51373 5436 
28 0 31931 35513 2284 
28 39 19955 21947 4296 
28 11 633 2581 2458 
28 2 32278 34465 4077 
28 6 44382 45858 3604 
28 13 8312 10913 6716 
28 20 40777 42324 4776 
28 10 40091 42696 5704 
28 31 8733 12055 5644 
28 23 10829 14993 3868 
28 25 32887 36319 4248 
28 17 45595 48694 5000 
28 7 10827 14645 4168 
29 3 43287 47099 1546 
29 48 13088 17481 2838 
29 14 50039 52232 2246 
29 15 28714 31003 4299 
29 1 41385 44961 2646 
29 38 42901 45541 3236 
29 12 27090 29757 3156 
29 16 49140 52913 4432 
29 48 14888 17559 5676 
29 32 11912 13578 3576 
29 47 25630 28131 4228 
29 30 6603 10404 2722 
29 9 19989 23545 2451 
30 40 2402 5152 4707 
30 39 12646 14865 3738 
30 4 43607 46540 5752 
30 7 20742 23683 4032 
30 39 12671 15425 2492 
30 42 8690 11366 2410 
30 3 39592 42198 3315 
30 42 26871 29676 3615 
30 24 38132 40953 7216 
30 46 42397 45552 4092 
30 42 35926 39742 2410 
30 25 41802 44993 6160 
30 2 49419 52122 5484 
31 19 22095 25664 5388 
31 25 29826 32207 2460 
31 32 31204 35322 2320 
31 25 22030 24650 2460 
31 0 39968 42231 2943 
31 28 47478 52111 2822 
31 36 25479 27774 4080 
31 30 50683 53106 6088 
31 38 29362 32226 2235 
31 27 49238 51132 2362 
31 35 32189 34624 3123 
31 21 39255 41957 2070 
31 48 22056 26468 2790 
31 28 15085 18173 5644 
31 19 6916 9924 4041 
32 18 32324 35560 2374 
32 48 42266 44793 5896 
32 46 30672 33498 4564 
32 3 8175 9516 2828 
32 15 44416 48057 4263 
32 6 1048 4732 5800 
32 15 42558 46820 5684 
32 46 26724 29711 2282 
32 34 20049 22219 2588 
32 49 39120 40994 2242 
32 35 43492 46007 2088 
32 8 26527 28848 3868 
32 39 39437 42667 2338 
32 5 19790 21904 3030 
33 9 2864 4200 2932 
33 46 4078 7251 3030 
33 17 45427 49254 4712 
33 18 44656 47229 2454 
33 15 32126 33911 2650 
33 24 2662 6640 5868 
33 42 32111 35260 3123 
33 30 22139 25929 5752 
33 38 43085 46390 1650 
33 34 9985 13090 5524 
33 2 37172 39893 2050 
33 47 17993 20170 4604 
33 44 39739 42203 3144 
34 4 83 3775 7096 
34 27 39836 42566 2648 
34 49 48073 51098 3717 
34 33 36402 39373 2762 
34 41 13754 17902 1942 
34 26 50812 53180 4832 
34 37 29 2625 6108 
34 39 50153 52443 2792 
34 4 437 4129 7096 
34 21 26013 29877 4020 
34 1 19013 21492 6312 
34 7 22813 26722 3480 
34 41 9967 12374 2913 
34 23 14589 17611 3488 
34 22 1778 4679 4872 
34 11 8107 11438 4254 
35 31 712 3284 4164 
35 32 12816 15109 2088 
35 42 44677 47184 3189 
35 5 28254 30517 4688 
35 37 18854 20887 2228 
35 34 27078 29160 4206 
35 10 11765 16115 4131 
35 39 21961 24111 3510 
35 41 10805 13359 1480 
35 6 5741 8899 3996 
35 34 11585 13241 2804 
35 15 44557 47353 2696 
35 12 36834 39999 1278 
36 1 49964 53523 5133 
36 13 50188 52453 2828 
36 38 12394 15638 2264 
36 11 14221 16643 5736 
36 44 49147 53091 2108 
36 10 1313 3000 3420 
36 28 35786 38391 7028 
36 21 4458 7290 4059 
36 20 38114 40706 5328 
36 26 32636 35082 5572 
36 38 11590 15145 4528 
36 7 18826 21879 3726 
36 27 26314 28648 4008 
36 18 31758 35566 3646 
36 3 50462 53201 2014 
37 3 14394 17891 3321 
37 40 11596 14337 3206 
37 13 8509 11137 3332 
37 18 42252 45166 6916 
37 48 50926 52969 3212 
37 38 31869 34537 4544 
37 35 43335 45996 2228 
37 0 19923 22327 4484 
37 21 49551 53152 2560 
37 5 24349 25932 4074 
37 20 49798 52987 2412 
37 20 4046 7594 2412 
37 18 43113 46666 5187 
37 36 50328 51808 6672 
37 0 31670 33777 4484 
37 22 10624 14729 2582 
38 34 27228 28611 3015 
38 22 24780 26935 2727 
38 32 27530 31525 1628 
38 15 5258 9321 2907 
38 43 28601 30675 1772 
38 16 29723 32792 2817 
38 19 11691 13776 4472 
38 18 42816 45667 3520 
38 1 7815 10426 3687 
38 16 32135 35508 3756 
38 0 8929 12288 2816 
38 47 46230 48225 2895 
38 33 11772 15492 3300 
38 10 2886 4330 2050 
39 41 22136 25257 2352 
39 10 48351 51222 5000 
39 45 31655 33650 3756 
39 33 47350 49330 4888 
39 5 28891 31912 4636 
39 31 38383 40114 2392 
39 26 10680 13208 3231 
39 19 43233 46080 2950 
39 41 49043 51850 2352 
39 35 50692 53029 2340 
39 32 1364 3826 2338 
39 3 48296 50659 2166 
39 32 46766 49408 4676 
40 49 32352 35675 4768 
40 9 21324 23056 2416 
40 39 27711 30099 2982 
40 15 1027 4307 4560 
40 37 27096 29804 3206 
40 18 19675 21768 6460 
40 1 20084 22625 4557 
40 26 349 3460 3813 
40 13 29828 32272 2950 
40 30 6231 9545 4707 
40 32 25039 26431 4191 
40 34 38132 39695 6336 
41 5 50002 52795 2720 
41 6 41631 45458 4356 
41 38 44567 46386 1226 
41 15 23770 26095 2062 
41 11 304 2582 2792 
41 27 31074 32780 2625 
41 40 38211 41587 4276 
41 43 9287 12952 2632 
42 28 13053 15866 5488 
42 9 48964 50548 1824 
42 12 12465 14336 2775 
42 25 19088 21598 2862 
42 37 19695 21550 5176 
42 40 6886 9078 3984 
42 4 4609 7302 4467 
42 9 819 2388 3648 
42 18 18587 21599 6108 
42 44 13331 15373 2824 
42 16 50672 53624 5024 
42 26 46270 48672 4740 
43 29 6763 8051 3544 
43 4 29473 33858 3225 
43 12 18442 21297 1242 
43 9 42408 44078 830 
43 18 4314 6333 3594 
43 22 31787 33645 1824 
43 41 24911 28313 2632 
43 3 9485 11649 1713 
43 10 26102 29213 4436 
44 48 40297 43073 3786 
44 19 4256 6652 3560 
44 49 36842 40539 1324 
44 21 40520 44160 4004 
44 42 32232 33750 2118 
44 7 44569 48737 930 
44 3 19821 22985 1516 
44 40 25804 28102 1922 
44 35 38098 41048 2691 
44 28 6718 9851 2874 
44 29 9091 11629 2232 
44 11 26909 29457 3472 
44 18 37946 39927 1950 
44 5 10008 11804 1564 
44 8 26180 28861 2436 
44 11 24124 26476 1736 
45 22 22386 24410 2769 
45 37 46951 48314 3891 
45 37 42393 43809 2594 
45 35 7177 10674 2126 
45 39 26585 29283 5008 
45 11 1356 5564 4272 
45 15 25218 27174 2404 
45 34 21804 23532 6112 
45 0 28861 31957 1822 
45 23 21982 25773 1658 
45 47 39276 42611 3339 
45 20 24765 27800 3312 
45 47 19158 21423 2226 
45 31 29616 33200 3369 
46 37 24805 27732 5400 
46 13 22411 24216 5004 
46 41 48931 52360 1630 
46 31 28130 31328 4824 
46 29 22364 25104 3315 
