60 4 16 798

   0 1498 1102 1118 1523  902 1008 1039 1282 1235 1165  920 1135 1475 1113 1303 1450 1020 1468  938 1039 1383 1029 1226 1122 1594 1183 1487 1305 1305 1217  944 1056 1212 1209 1247  966 1694 1400 1539 1215 1640 1695 1350 1725 1098 1445 1367 1389 1756 1243 1194 1657 1621 1262 1192 1284 1176 1479 1619 
1498    0  758  857 1559  723  869  822 1050  897  909  846 1051 1060  925 1037 1160  913 1182  816  864 1105  858 1240  940 1217  700 1461 1016 1163  873  900  972  701 1219 1240  757 1126 1200 1439 1000 1288 1465 1071 1287  724 1526 1264 1214 1525 1081  926 1454 1283 1005 1004 1309  725 1083 1208 
1102  758    0  477 1095  596  591  574  995  459  661  592  840  690  424  903  973  436  705  430  627  923  520  783  682 1085  431  932  972  769  604  432  526  627  713  674  637  955  668  978  769 1090  923  882 1011  529 1046  917  877 1099  672  514  976  990  946  919  734  636  767  988 
1118  857  477    0 1031  580  672  498  936  479  477  508  915  938  428  739 1023  617  865  604  635  767  477  971  511 1207  555 1056  773  848  486  679  390  547  734  810  487  984  742 1060  827 1030 1127  710 1278  640  968  831  826 1006  828  551 1251 1212  764  723  875  577  953 1078 
1523 1559 1095 1031    0 1078 1047  832 1382  996 1113 1112 1249 1486 1006 1184 1702 1115 1539 1102 1206 1254  926 1242 1027 1704 1094 1491 1201 1463 1009 1049 1001 1062 1355 1312  999 1604 1358 1604 1300 1439 1316 1321 1425 1190 1445 1219 1405 1614 1281  977 1651 1480 1467 1266 1342 1001 1090 1524 
 902  723  596  580 1078    0  486  603  820  470  663  578  896  781  441  678 1249  676  722  673  595  875  661  813  452  961  583  978  791  857  476  417  550  467  877  763  531 1078  746  927  925  906  986  836  973  564 1044  727  726 1217  856  622  887 1025  856  743  961  613  706 1287 
1008  869  591  672 1047  486    0  621  674  696  450  563  768  873  548  808 1178  624  874  596  592  776  534  852  418 1127  456  888  824  865  604  437  458  547  809  793  554 1159  870 1116  862  975 1031  721 1104  410 1042  894  765  988  946  595  981  989  982  881  856  442  820  973 
1039  822  574  498  832  603  621    0  791  563  505  452  903  861  516 1017 1054  528  877  420  547  925  684  829  469 1090  479 1198  792  692  536  557  663  566  900  873  608  982  792  998  806 1258 1056  924  981  447 1050  707  761 1056  690  592 1111 1073  763  789  737  690  901 1101 
1282 1050  995  936 1382  820  674  791    0  761  840  857 1070 1152  705  963 1533  920 1055  697  698 1029  783 1079  702 1274  812 1360 1233 1158  741  960  920  735  987  978  859 1306 1050 1449 1002 1421 1410 1276 1311  840 1484 1137  945 1302 1014  912 1195 1158 1067 1011 1250  712 1131 1361 
1235  897  459  479  996  470  696  563  761    0  421  559  801  945  449  823 1141  470  796  491  605  893  596  951  593 1173  532 1063  975  670  585  500  472  474  844  709  438  983  746  987  872 1051  943  783  984  487 1057  834  692 1047  897  595 1025  920  719  673  747  608  809 1103 
1165  909  661  477 1113  663  450  505  840  421    0  442  697  938  505  835 1076  660  703  515  414  831  554  821  504  950  722  899  878  810  579  659  475  471  795  797  631 1051  897 1037  885 1064 1237  737  970  382 1189  722  762 1055  786  552 1007 1135  788  940  848  478  791 1150 
 920  846  592  508 1112  578  563  452  857  559  442    0  944  672  664  712 1044  519  858  692  523  752  480  753  484 1247  471 1030  713  868  456  638  527  545  809  828  588 1110  871 1009  931 1025 1106  839 1032  597 1063  948  668 1141  888  671 1108 1260  891  742  884  645  685 1179 
1135 1051  840  915 1249  896  768  903 1070  801  697  944    0 1065  804 1201 1346  801 1134  739  851  906  859  993  784 1327  767 1476 1036 1110  764  870  771  702 1087 1109  817 1260  889 1374  964 1489 1442 1178 1376  833 1344 1001 1014 1298 1203  943 1338 1431 1202 1125 1169  684 1195 1349 
1475 1060  690  938 1486  781  873  861 1152  945  938  672 1065    0  963 1159 1313  736 1020  731  979 1228  794  978  962 1116  789 1329 1105 1106  734  834  715  829  942 1256  790 1428 1206 1271 1186 1392 1503 1021 1218  784 1442 1091 1166 1331 1274  832 1378 1359 1235 1217 1110  828 1031 1541 
1113  925  424  428 1006  441  548  516  705  449  505  664  804  963    0  977 1115  537  952  417  486  918  469  964  467 1018  558 1144  708  771  419  546  629  650  697  853  439 1123  677 1261  891  875 1031  891 1011  442 1131  757  732 1134  677  452 1170  938  649  994  759  401  871  960 
1303 1037  903  739 1184  678  808 1017  963  823  835  712 1201 1159  977    0 1366  800  900  874  904 1049  682 1143  676 1361  853 1516 1075 1131  798  850  728  939 1036 1011  681 1178  976 1500 1132 1399 1215 1084 1289  773 1332 1246 1018 1350 1124  901 1174 1277 1046 1156 1208  799 1171 1086 
1450 1160  973 1023 1702 1249 1178 1054 1533 1141 1076 1044 1346 1313 1115 1366    0  993 1288  990 1113 1581  930 1225 1041 1640 1203 1504 1232 1269 1014 1130 1019 1001 1328 1252 1012 1398 1205 1548 1166 1701 1583 1487 1480 1172 1480 1274 1405 1733 1286  997 1484 1393 1369 1149 1466 1168 1515 1627 
1020  913  436  617 1115  676  624  528  920  470  660  519  801  736  537  800  993    0  935  420  408  835  497  736  530 1040  677 1016  708  914  607  432  610  487  957  873  531  881  906 1159  893 1222  957  750 1000  496  909  953  773 1135  718  388 1150 1176  753  871  949  604  894 1121 
1468 1182  705  865 1539  722  874  877 1055  796  703  858 1134 1020  952  900 1288  935    0  782  893 1024  687 1083  751 1317  800 1213 1191  939  634  819  910  889 1191 1168  764 1302  994 1386 1013 1521 1219 1041 1345  880 1270  937  933 1087 1093  709 1246 1460 1239 1001 1181  717  951 1211 
 938  816  430  604 1102  673  596  420  697  491  515  692  739  731  417  874  990  420  782    0  407  881  398  727  614  969  421 1043  889  903  392  682  626  675  785  908  448  969  849  983  925  970 1003  980 1124  464  853  879  827 1172  878  531 1037 1085  833  860  698  519  745  923 
1039  864  627  635 1206  595  592  547  698  605  414  523  851  979  486  904 1113  408  893  407    0  789  534  671  469  968  520  874  824  922  541  506  437  410  747  949  449 1089  688 1001  718 1015  920  866 1121  465 1029  704  823  880  944  593  941 1060  867  945  764  486  803 1038 
1383 1105  923  767 1254  875  776  925 1029  893  831  752  906 1228  918 1049 1581  835 1024  881  789    0  694 1001  729 1502  696 1311  970 1087  646  685  740  796 1057 1015  853 1419 1138 1253 1010 1317 1423 1165 1217  827 1528 1150 1071 1309 1112  744 1435 1245  953 1113 1102  938 1033 1359 
1029  858  520  477  926  661  534  684  783  596  554  480  859  794  469  682  930  497  687  398  534  694    0  860  643 1282  650 1123  953  965  400  464  522  416  708  828  662 1204  750  971  911 1095 1181  824 1087  414 1114  985  960  950  802  547 1001 1003  935  906  973  681  709  828 
1226 1240  783  971 1242  813  852  829 1079  951  821  753  993  978  964 1143 1225  736 1083  727  671 1001  860    0  880 1267  960 1483 1197  937  935  863  750  723 1024 1083  881 1195 1127 1454 1206 1344 1160 1045 1392  792 1399  952 1196 1189  970  769 1408 1485 1208 1101 1109  785  991 1475 
1122  940  682  511 1027  452  418  469  702  593  504  484  784  962  467  676 1041  530  751  614  469  729  643  880    0  860  515 1059  716  752  511  538  464  587  940  762  551 1130  924 1018  750 1078 1143  897  923  491 1060  801  765  994  873  597 1047 1144  962  768  878  412  702 1173 
1594 1217 1085 1207 1704  961 1127 1090 1274 1173  950 1247 1327 1116 1018 1361 1640 1040 1317  969  968 1502 1282 1267  860    0  938 1638 1379 1365 1080  923 1061 1021 1399 1402  993 1510 1216 1468 1151 1696 1680 1187 1446 1111 1587 1341 1427 1819 1428 1145 1589 1477 1373 1334 1355 1116 1242 1455 
1183  700  431  555 1094  583  456  479  812  532  722  471  767  789  558  853 1203  677  800  421  520  696  650  960  515  938    0 1105  754  774  467  649  641  357  876  690  604 1106  969  993  756 1112 1005  786  916  513  965  743  970 1085  852  554 1021  978  865  750  895  682  837 1036 
1487 1461  932 1056 1491  978  888 1198 1360 1063  899 1030 1476 1329 1144 1516 1504 1016 1213 1043  874 1311 1123 1483 1059 1638 1105    0 1222 1326 1030 1040  898 1163 1224 1337  976 1492 1303 1607 1446 1348 1689 1561 1592 1246 1599 1400 1384 1583 1410 1054 1467 1620 1205 1529 1398  936 1286 1678 
1305 1016  972  773 1201  791  824  792 1233  975  878  713 1036 1105  708 1075 1232  708 1191  889  824  970  953 1197  716 1379  754 1222    0  969  845  869  745  867 1061 1111  812 1272 1164 1326 1206 1411 1428  914 1323  827 1396  920 1070 1177 1142  948 1255 1300 1045 1085 1241  776 1228 1223 
1305 1163  769  848 1463  857  865  692 1158  670  810  868 1110 1106  771 1131 1269  914  939  903  922 1087  965  937  752 1365  774 1326  969    0  759  729  966  735 1195  949  857 1139 1038 1471  950 1339 1220 1085 1338  784 1307 1222 1042 1202 1127  711 1338 1397 1180  972 1070  941 1179 1224 
1217  873  604  486 1009  476  604  536  741  585  579  456  764  734  419  798 1014  607  634  392  541  646  400  935  511 1080  467 1030  845  759    0  589  449  550  792  675  491  978  841 1259  741 1057  989  684 1010  612  997  753  807  883  651  511  968 1186  897  758  948  587  881 1183 
 944  900  432  679 1049  417  437  557  960  500  659  638  870  834  546  850 1130  432  819  682  506  685  464  863  538  923  649 1040  869  729  589    0  578  452  859  700  508  946  701 1046  700  906 1185  722  940  606  873  725  810 1093  773  535 1034 1130  668  808  924  451  810  954 
1056  972  526  390 1001  550  458  663  920  472  475  527  771  715  629  728 1019  610  910  626  437  740  522  750  464 1061  641  898  745  966  449  578    0  381  959  913  631 1069  890 1190  689 1123 1129  754 1182  424 1182  675  723 1162  672  563 1191 1016  742  695  822  530  974 1039 
1212  701  627  547 1062  467  547  566  735  474  471  545  702  829  650  939 1001  487  889  675  410  796  416  723  587 1021  357 1163  867  735  550  452  381    0  811  872  536 1138  911  988  927 1047 1199  811  919  631 1032  855  956 1063  827  494  984 1039  947  928  737  478  943  958 
1209 1219  713  734 1355  877  809  900  987  844  795  809 1087  942  697 1036 1328  957 1191  785  747 1057  708 1024  940 1399  876 1224 1061 1195  792  859  959  811    0  890  716 1187 1090 1405 1269 1411 1269 1066 1371 1000 1288 1091 1224 1604  918  749 1237 1606 1099 1003 1198  726 1056 1240 
1247 1240  674  810 1312  763  793  873  978  709  797  828 1109 1256  853 1011 1252  873 1168  908  949 1015  828 1083  762 1402  690 1337 1111  949  675  700  913  872  890    0  881 1326  954 1289  918 1329 1277 1055 1437  955 1219 1039 1106 1371 1091  938 1314 1297 1063 1012 1131  740 1023 1397 
 966  757  637  487  999  531  554  608  859  438  631  588  817  790  439  681 1012  531  764  448  449  853  662  881  551  993  604  976  812  857  491  508  631  536  716  881    0 1198  904 1079  904 1123  957  767  941  533 1002  862  705 1189  727  434 1150 1117  847  899  839  416  819 1136 
1694 1126  955  984 1604 1078 1159  982 1306  983 1051 1110 1260 1428 1123 1178 1398  881 1302  969 1089 1419 1204 1195 1130 1510 1106 1492 1272 1139  978  946 1069 1138 1187 1326 1198    0 1466 1747 1174 1375 1582 1405 1740 1188 1692 1289 1158 1834 1496  906 1642 1719 1461 1237 1316 1022 1334 1483 
1400 1200  668  742 1358  746  870  792 1050  746  897  871  889 1206  677  976 1205  906  994  849  688 1138  750 1127  924 1216  969 1303 1164 1038  841  701  890  911 1090  954  904 1466    0 1492  988 1455 1360 1213 1361  920 1259 1146 1166 1199 1064  813 1337 1353  963 1094  993  861 1196 1482 
1539 1439  978 1060 1604  927 1116  998 1449  987 1037 1009 1374 1271 1261 1500 1548 1159 1386  983 1001 1253  971 1454 1018 1468  993 1607 1326 1471 1259 1046 1190  988 1405 1289 1079 1747 1492    0 1275 1804 1771 1277 1502 1053 1593 1323 1461 1394 1251 1101 1655 1623 1265 1337 1417 1006 1385 1643 
1215 1000  769  827 1300  925  862  806 1002  872  885  931  964 1186  891 1132 1166  893 1013  925  718 1010  911 1206  750 1151  756 1446 1206  950  741  700  689  927 1269  918  904 1174  988 1275    0 1367 1422 1181 1302  853 1221 1107 1030 1446  957  895 1220 1356 1148 1169 1143  727  977 1392 
1640 1288 1090 1030 1439  906  975 1258 1421 1051 1064 1025 1489 1392  875 1399 1701 1222 1521  970 1015 1317 1095 1344 1078 1696 1112 1348 1411 1339 1057  906 1123 1047 1411 1329 1123 1375 1455 1804 1367    0 1543 1480 1493  998 1604 1377 1395 1371 1320 1062 1480 1496 1517 1523 1410  930 1266 1381 
1695 1465  923 1127 1316  986 1031 1056 1410  943 1237 1106 1442 1503 1031 1215 1583  957 1219 1003  920 1423 1181 1160 1143 1680 1005 1689 1428 1220  989 1185 1129 1199 1269 1277  957 1582 1360 1771 1422 1543    0 1278 1641 1120 1478 1386 1366 1559 1200  983 1577 1685 1260 1168 1127 1075 1210 1713 
1350 1071  882  710 1321  836  721  924 1276  783  737  839 1178 1021  891 1084 1487  750 1041  980  866 1165  824 1045  897 1187  786 1561  914 1085  684  722  754  811 1066 1055  767 1405 1213 1277 1181 1480 1278    0 1275  763 1310 1067 1134 1438 1121  942 1529 1385 1046 1303 1042  736  932 1240 
1725 1287 1011 1278 1425  973 1104  981 1311  984  970 1032 1376 1218 1011 1289 1480 1000 1345 1124 1121 1217 1087 1392  923 1446  916 1592 1323 1338 1010  940 1182  919 1371 1437  941 1740 1361 1502 1302 1493 1641 1275    0  894 1696 1295 1484 1618 1287 1014 1613 1666 1540 1336 1240 1038 1298 1665 
1098  724  529  640 1190  564  410  447  840  487  382  597  833  784  442  773 1172  496  880  464  465  827  414  792  491 1111  513 1246  827  784  612  606  424  631 1000  955  533 1188  920 1053  853  998 1120  763  894    0 1013  894  875 1131  650  483  979 1128  829  810  724  518  909 1098 
1445 1526 1046  968 1445 1044 1042 1050 1484 1057 1189 1063 1344 1442 1131 1332 1480  909 1270  853 1029 1528 1114 1399 1060 1587  965 1599 1396 1307  997  873 1182 1032 1288 1219 1002 1692 1259 1593 1221 1604 1478 1310 1696 1013    0 1447 1290 1558 1417  939 1649 1441 1248 1368 1199 1161 1218 1463 
1367 1264  917  831 1219  727  894  707 1137  834  722  948 1001 1091  757 1246 1274  953  937  879  704 1150  985  952  801 1341  743 1400  920 1222  753  725  675  855 1091 1039  862 1289 1146 1323 1107 1377 1386 1067 1295  894 1447    0 1247 1207 1004  852 1303 1276  992 1182  906  906 1184 1341 
1389 1214  877  826 1405  726  765  761  945  692  762  668 1014 1166  732 1018 1405  773  933  827  823 1071  960 1196  765 1427  970 1384 1070 1042  807  810  723  956 1224 1106  705 1158 1166 1461 1030 1395 1366 1134 1484  875 1290 1247    0 1331  972  744 1298 1411 1129 1238 1027  894 1169 1392 
1756 1525 1099 1006 1614 1217  988 1056 1302 1047 1055 1141 1298 1331 1134 1350 1733 1135 1087 1172  880 1309  950 1189  994 1819 1085 1583 1177 1202  883 1093 1162 1063 1604 1371 1189 1834 1199 1394 1446 1371 1559 1438 1618 1131 1558 1207 1331    0 1157  938 1701 1761 1338 1439 1346  964 1303 1699 
1243 1081  672  828 1281  856  946  690 1014  897  786  888 1203 1274  677 1124 1286  718 1093  878  944 1112  802  970  873 1428  852 1410 1142 1127  651  773  672  827  918 1091  727 1496 1064 1251  957 1320 1200 1121 1287  650 1417 1004  972 1157    0  901 1302 1257 1121 1071  903  955 1238 1380 
1194  926  514  551  977  622  595  592  912  595  552  671  943  832  452  901  997  388  709  531  593  744  547  769  597 1145  554 1054  948  711  511  535  563  494  749  938  434  906  813 1101  895 1062  983  942 1014  483  939  852  744  938  901    0 1221 1015  870  736  648  418  827 1059 
1657 1454  976 1251 1651  887  981 1111 1195 1025 1007 1108 1338 1378 1170 1174 1484 1150 1246 1037  941 1435 1001 1408 1047 1589 1021 1467 1255 1338  968 1034 1191  984 1237 1314 1150 1642 1337 1655 1220 1480 1577 1529 1613  979 1649 1303 1298 1701 1302 1221    0 1596 1210 1387 1537 1011 1248 1713 
1621 1283  990 1212 1480 1025  989 1073 1158  920 1135 1260 1431 1359  938 1277 1393 1176 1460 1085 1060 1245 1003 1485 1144 1477  978 1620 1300 1397 1186 1130 1016 1039 1606 1297 1117 1719 1353 1623 1356 1496 1685 1385 1666 1128 1441 1276 1411 1761 1257 1015 1596    0 1373 1301 1150 1149 1339 1657 
1262 1005  946  764 1467  856  982  763 1067  719  788  891 1202 1235  649 1046 1369  753 1239  833  867  953  935 1208  962 1373  865 1205 1045 1180  897  668  742  947 1099 1063  847 1461  963 1265 1148 1517 1260 1046 1540  829 1248  992 1129 1338 1121  870 1210 1373    0  955 1083  825 1165 1536 
1192 1004  919  723 1266  743  881  789 1011  673  940  742 1125 1217  994 1156 1149  871 1001  860  945 1113  906 1101  768 1334  750 1529 1085  972  758  808  695  928 1003 1012  899 1237 1094 1337 1169 1523 1168 1303 1336  810 1368 1182 1238 1439 1071  736 1387 1301  955    0 1063  806 1198 1483 
1284 1309  734  875 1342  961  856  737 1250  747  848  884 1169 1110  759 1208 1466  949 1181  698  764 1102  973 1109  878 1355  895 1398 1241 1070  948  924  822  737 1198 1131  839 1316  993 1417 1143 1410 1127 1042 1240  724 1199  906 1027 1346  903  648 1537 1150 1083 1063    0  787  932 1451 
1176  725  636  577 1001  613  442  690  712  608  478  645  684  828  401  799 1168  604  717  519  486  938  681  785  412 1116  682  936  776  941  587  451  530  478  726  740  416 1022  861 1006  727  930 1075  736 1038  518 1161  906  894  964  955  418 1011 1149  825  806  787    0  746 1127 
1479 1083  767  953 1090  706  820  901 1131  809  791  685 1195 1031  871 1171 1515  894  951  745  803 1033  709  991  702 1242  837 1286 1228 1179  881  810  974  943 1056 1023  819 1334 1196 1385  977 1266 1210  932 1298  909 1218 1184 1169 1303 1238  827 1248 1339 1165 1198  932  746    0 1217 
1619 1208  988 1078 1524 1287  973 1101 1361 1103 1150 1179 1349 1541  960 1086 1627 1121 1211  923 1038 1359  828 1475 1173 1455 1036 1678 1223 1224 1183  954 1039  958 1240 1397 1136 1483 1482 1643 1392 1381 1713 1240 1665 1098 1463 1341 1392 1699 1380 1059 1713 1657 1536 1483 1451 1127 1217    0 

   0 1025  944 1095  877 1062  858  984 1078  815  874  677  734  941  839  730 1056  682 1001  610  937  686  789 1155  817  931 1168  858  849  745  610  704  845 1103 1100 1071  954  991 1156  893 1181  970 1169 1184 1114 1104 1120  913  770 1147  995  648  693  803  733  629 1064  813  879  904 
1025    0 1115 1182  813  685  628  643 1073 1094  646  797 1195  766  897  764 1183  600  909  757  994  991  642 1094 1021 1150  925  821 1022 1128  792  935  675 1029  630  634 1163  883  801 1147 1197  829  971 1094 1057 1003  950  779  728  762  952 1098 1110 1149 1043 1161 1034 1117 1114  814 
 944 1115    0  845  938  744 1140 1061 1044  625 1147  975 1039  793  873 1045  703  792 1154 1159 1039  954  752  972  974  808  838  651  661 1004  855 1170 1147  706 1081  935  960  603  745  890 1185  773  785  764  821  982  838  688  913  705 1052  716  604 1184  778 1147 1198 1148  976 1178 
1095 1182  845    0 1159 1078 1190  804  801 1137  896  793  638 1007  911  635  620  996  792  782  819  949 1189  925  643  642 1088  746  895  862  683  930  673  801  883 1008  619 1048  844  671  922  830  962  859  859 1165  727 1004 1005 1120 1097  653  659  653  941  934  934  780  851 1087 
 877  813  938 1159    0  683 1016  935  777  832  646 1073  837  658  761  946 1083  688  802  928  972  657  692  842  689  838  932  656  654  860  715  932  936  901  887  992  687 1123 1020 1161  988  818  868 1033  754  987 1040 1180  967  927  829  695  682 1164 1094  774  994  872  753  686 
1062  685  744 1078  683    0  742 1007  986 1153  705  945 1033  898  898  920 1196 1032 1129 1137 1009 1049  902 1035 1023  957  974 1035  908  629  736 1086  622  659  662  712 1125 1146  878  949  752 1067  800  683 1167 1049  979  843  782 1176  921  888  805  983 1083 1099  800  938  653 1171 
 858  628 1140 1190 1016  742    0  967  979 1021 1197  649  964  681 1040  718  652  757 1117  933  752  732  816  884  893  815 1072  855  722 1154 1081 1182  637  860 1142  863  937  653  714  895  737 1106 1022  836 1052  729  846  854 1027  673  691  994  647 1055 1179  942  998 1176  819 1121 
 984  643 1061  804  935 1007  967    0  730  659  773  853 1190  659  791  880 1126 1173  929  775 1155 1162  694 1192  905  928  716  699  713  606  973  806  920  702  915 1089  641 1057 1107  747 1018 1136  620  609  987  954  854  897 1096 1054  842  962  999 1121  611  929 1147  956 1114  812 
1078 1073 1044  801  777  986  979  730    0 1021  901 1074  614  635 1165  706 1058 1076  649 1082 1105  615  864 1153  834 1036  704  914  787 1107 1121 1099 1117 1009 1149 1095  866  960  642 1068 1139 1055  959 1028  757  937 1058  825 1066 1043 1086 1096  602  657  652  840  668  659  981 1112 
 815 1094  625 1137  832 1153 1021  659 1021    0 1038  863  838  631  861  952  889 1014  681 1059  601  659  905 1066  807  816 1034  662  722 1027 1000  709 1067  882  791 1149  893 1032  674  662  768  989 1074 1000  738  931  610 1083 1157  936  744  738 1001  677  809  821 1097 1005 1072  784 
 874  646 1147  896  646  705 1197  773  901 1038    0  885  915  655  703 1122 1008  886  624  902 1097  775 1086  872  614  701  736  624 1199  765  629  676  860  888 1088  936 1159  883  970  651  906  825 1115  681 1088  986  994  601  851  763  691 1095  801 1085  681  872  665  673  795  737 
 677  797  975  793 1073  945  649  853 1074  863  885    0 1059 1034  848  600 1025 1061  890  911 1024  779  797 1060  730  990  914  600  767  765 1124  942  626  703  886  837  645 1105 1117  999 1193  975 1057  902  844  742 1082  879 1049  701  749  643  841  681  699  881  949  809  710  662 
 734 1195 1039  638  837 1033  964 1190  614  838  915 1059    0  823  814  809  919 1155 1077 1103  825  954 1131  631 1168  977  737 1186 1071 1022  691  874  884 1129 1086  737  634  689  707  701 1073  814 1134  763 1092 1036  974  909  765 1094  831  652  738  672 1102  983  717  630  699 1124 
 941  766  793 1007  658  898  681  659  635  631  655 1034  823    0  776  682  674 1143  874  812  918  657  652 1068  935  975  843  731 1074  748  730  693 1017  939  791  909 1089  718 1035  968  895  812  788  977  774  935  909 1141  759  633  821 1142  766  956  907 1127 1063  719 1174  797 
 839  897  873  911  761  898 1040  791 1165  861  703  848  814  776    0 1032  755  714  705  964  645  654  705  976  751  787 1032  915 1050  714  758  649  991 1024  815  918  663 1032  709 1003  926 1163  696  693 1135  670  773  611  861  793  945  766  835  974 1193 1197  796  765  762  931 
 730  764 1045  635  946  920  718  880  706  952 1122  600  809  682 1032    0  764  771 1070  733  789 1120  980  770  954  900 1116 1147 1129  765  945  905 1195  647 1002  994  614  928  742  912 1053  829  918 1029  678  979  795  902  660  918 1187 1182  816 1063 1186 1070  850 1044 1198 1152 
1056 1183  703  620 1083 1196  652 1126 1058  889 1008 1025  919  674  755  764    0  656 1015 1089 1193  988  936 1176  736  808  890 1099  907  707 1151  810 1042 1185  706  987  748  783 1138  935  751  998 1187  834  988  761 1166  686  715  733  941  711  989  801 1075  968  860 1079  976  730 
 682  600  792  996  688 1032  757 1173 1076 1014  886 1061 1155 1143  714  771  656    0  815  918  753  601  982 1001  866 1018  924  752 1128  746  666  968 1069  951  857  980  993  751  830  878  981 1075 1168 1098  887  630  728  821  955  857  610  608  876 1152  997  715  760  675  901 1012 
1001  909 1154  792  802 1129 1117  929  649  681  624  890 1077  874  705 1070 1015  815    0 1153  979 1066  768 1065  869  917  857 1164 1080 1089  889 1100 1121  713 1082  823  679  942  671  832  723  824  672  959  610 1012  616  732 1085  999  670  959 1109  635  744 1061  970 1079  774 1144 
 610  757 1159  782  928 1137  933  775 1082 1059  902  911 1103  812  964  733 1089  918 1153    0 1000 1148  661 1130 1129  654  988 1071  724  989  999  739  910  722  721 1036 1023  729 1065 1018 1079  871  860  836  852  896  688  837  805  847 1054  966 1017 1041  735 1061  912 1094  709  875 
 937  994 1039  819  972 1009  752 1155 1105  601 1097 1024  825  918  645  789 1193  753  979 1000    0  615 1078 1044  652  618  962  878 1196  757 1139  951 1069 1139 1016  777 1126 1130 1001  774  615  714  601  681  691 1017  630  778  747  995 1101 1197 1020 1091 1138  660 1039  648  701 1127 
 686  991  954  949  657 1049  732 1162  615  659  775  779  954  657  654 1120  988  601 1066 1148  615    0 1184 1188  610  750  807  629  638  755  939  989 1109 1167  772 1094 1198  981  717 1150 1016 1106  774  809  929  914 1113  759  953  691 1010  757 1093 1079  796  667  913  641  646 1164 
 789  642  752 1189  692  902  816  694  864  905 1086  797 1131  652  705  980  936  982  768  661 1078 1184    0  992  705  642  996  866  641  951 1015  796  737  815  946 1014 1187 1048  835  743  930 1021  603  948 1079 1030 1103 1105  806 1004 1078 1196 1161 1104 1178 1174  709 1170 1041  897 
1155 1094  972  925  842 1035  884 1192 1153 1066  872 1060  631 1068  976  770 1176 1001 1065 1130 1044 1188  992    0  678  665 1144 1032  736  777 1088  989  851  974  749  662  997  976  964  748  666  834  749  898  635 1025  728  981  801  818 1016  815 1105 1109  735 1029  715 1043  769 1104 
 817 1021  974  643  689 1023  893  905  834  807  614  730 1168  935  751  954  736  866  869 1129  652  610  705  678    0 1078  710 1062 1137 1144  743  679 1003 1069 1181  668  640  999  622 1011 1107  726  651  856  769 1101  953 1158  655  862 1104  814  839  831  732 1118  768 1150  718 1196 
 931 1150  808  642  838  957  815  928 1036  816  701  990  977  975  787  900  808 1018  917  654  618  750  642  665 1078    0 1090  779 1011  857  865  987  976  926 1032  691  726  621  843 1180  900  905 1179  640  718  678  790 1007  967 1134  934  865  910  809 1149 1138  616 1194 1196  920 
1168  925  838 1088  932  974 1072  716  704 1034  736  914  737  843 1032 1116  890  924  857  988  962  807  996 1144  710 1090    0 1076 1029 1058 1107 1187 1099  876  806 1055  829  636  784  698 1156 1088  760  701  617  967  911 1051 1187 1043  699 1110 1026  669 1118 1159  767  692  655 1018 
 858  821  651  746  656 1035  855  699  914  662  624  600 1186  731  915 1147 1099  752 1164 1071  878  629  866 1032 1062  779 1076    0 1072  807  757  864  813  759  619  787  899  950  900 1085  983  640 1014  761  895 1120 1088 1191 1047  753 1148 1016  920  659 1079  668 1042  968  660  730 
 849 1022  661  895  654  908  722  713  787  722 1199  767 1071 1074 1050 1129  907 1128 1080  724 1196  638  641  736 1137 1011 1029 1072    0  974 1101  695  858 1188  701  706 1060 1122  694  717 1011  626  721 1057 1195  679  861  997 1162  766 1174  691  811  718 1183 1185  783 1058 1128 1000 
 745 1128 1004  862  860  629 1154  606 1107 1027  765  765 1022  748  714  765  707  746 1089  989  757  755  951  777 1144  857 1058  807  974    0  631  887 1059  651  839  607  840  745  732 1008  771 1114  912 1191  741 1131  682 1050  620  953  820  661 1130 1147  805 1045 1033  910  791  723 
 610  792  855  683  715  736 1081  973 1121 1000  629 1124  691  730  758  945 1151  666  889  999 1139  939 1015 1088  743  865 1107  757 1101  631    0  651  636  950  730  909 1157 1082  722  776 1086  677 1092 1184  737  962  787  826  665  718  819  761 1131 1169  715 1025 1084  862  831  741 
 704  935 1170  930  932 1086 1182  806 1099  709  676  942  874  693  649  905  810  968 1100  739  951  989  796  989  679  987 1187  864  695  887  651    0 1135  838  786  884  663 1186  871 1151 1144  654  762  801  921  691  845  614  895  732 1052  876  617  607  998  667  993 1144  891  750 
 845  675 1147  673  936  622  637  920 1117 1067  860  626  884 1017  991 1195 1042 1069 1121  910 1069 1109  737  851 1003  976 1099  813  858 1059  636 1135    0  917  713  944  796 1109 1122 1113  885  704 1019  614  990  943  764  822  721  688 1042 1045  705  610 1020  627  885 1105  692  644 
1103 1029  706  801  901  659  860  702 1009  882  888  703 1129  939 1024  647 1185  951  713  722 1139 1167  815  974 1069  926  876  759 1188  651  950  838  917    0  881  827  911  843 1175  794 1188 1188  707 1197  896  606  978 1055  858  832  794  775 1105  688  667  870  635  778  918  675 
1100  630 1081  883  887  662 1142  915 1149  791 1088  886 1086  791  815 1002  706  857 1082  721 1016  772  946  749 1181 1032  806  619  701  839  730  786  713  881    0  791  794  620 1086 1160 1012  678  812  917  750 1144  931 1100  873  775  766  696 1153  976  851  980  787 1122 1062 1080 
1071  634  935 1008  992  712  863 1089 1095 1149  936  837  737  909  918  994  987  980  823 1036  777 1094 1014  662  668  691 1055  787  706  607  909  884  944  827  791    0  673  911  789  677 1070  675  831 1154 1040  855 1051 1177 1117  756  723  722 1113  818  988  987  936  715  870  687 
 954 1163  960  619  687 1125  937  641  866  893 1159  645  634 1089  663  614  748  993  679 1023 1126 1198 1187  997  640  726  829  899 1060  840 1157  663  796  911  794  673    0  726 1097 1050  641 1023 1005  622 1032 1124  877 1043 1010  678  818  730 1125 1117  909  674  979  946 1143  800 
 991  883  603 1048 1123 1146  653 1057  960 1032  883 1105  689  718 1032  928  783  751  942  729 1130  981 1048  976  999  621  636  950 1122  745 1082 1186 1109  843  620  911  726    0  797  868  709  956  914  618  696  962 1113  830  705 1192 1030  706  897 1165  674  796  678 1018  719 1158 
1156  801  745  844 1020  878  714 1107  642  674  970 1117  707 1035  709  742 1138  830  671 1065 1001  717  835  964  622  843  784  900  694  732  722  871 1122 1175 1086  789 1097  797    0  607 1141  920 1015 1107 1135  930  958  913  620 1040 1046 1132 1184  814 1101  899  696  700  884  771 
 893 1147  890  671 1161  949  895  747 1068  662  651  999  701  968 1003  912  935  878  832 1018  774 1150  743  748 1011 1180  698 1085  717 1008  776 1151 1113  794 1160  677 1050  868  607    0 1145 1113  626 1183  712  945  880 1116  823 1187  911  751  890 1067  759  976  994  974 1099  877 
1181 1197 1185  922  988  752  737 1018 1139  768  906 1193 1073  895  926 1053  751  981  723 1079  615 1016  930  666 1107  900 1156  983 1011  771 1086 1144  885 1188 1012 1070  641  709 1141 1145    0 1163  742  828  977 1177 1088  696 1071 1129  863 1176  841 1139  899  820  693  774 1008  978 
 970  829  773  830  818 1067 1106 1136 1055  989  825  975  814  812 1163  829  998 1075  824  871  714 1106 1021  834  726  905 1088  640  626 1114  677  654  704 1188  678  675 1023  956  920 1113 1163    0  683 1162  633 1140 1005 1148  602  871  708  631  611  845 1176 1155  998  891  711 1058 
1169  971  785  962  868  800 1022  620  959 1074 1115 1057 1134  788  696  918 1187 1168  672  860  601  774  603  749  651 1179  760 1014  721  912 1092  762 1019  707  812  831 1005  914 1015  626  742  683    0 1065 1117  632  774  951  716  863  816 1180 1121 1169  659 1198  697  650  690  723 
1184 1094  764  859 1033  683  836  609 1028 1000  681  902  763  977  693 1029  834 1098  959  836  681  809  948  898  856  640  701  761 1057 1191 1184  801  614 1197  917 1154  622  618 1107 1183  828 1162 1065    0  775  741  829  992  706  870 1098  697  985  970 1063 1124  975  920 1021 1170 
1114 1057  821  859  754 1167 1052  987  757  738 1088  844 1092  774 1135  678  988  887  610  852  691  929 1079  635  769  718  617  895 1195  741  737  921  990  896  750 1040 1032  696 1135  712  977  633 1117  775    0  607  712 1090  914  950 1163  808  785 1186 1019 1054  700  824  860 1138 
1104 1003  982 1165  987 1049  729  954  937  931  986  742 1036  935  670  979  761  630 1012  896 1017  914 1030 1025 1101  678  967 1120  679 1131  962  691  943  606 1144  855 1124  962  930  945 1177 1140  632  741  607    0  900  664 1069  905  669  771  632 1060  754  669 1183  955  748 1085 
1120  950  838  727 1040  979  846  854 1058  610  994 1082  974  909  773  795 1166  728  616  688  630 1113 1103  728  953  790  911 1088  861  682  787  845  764  978  931 1051  877 1113  958  880 1088 1005  774  829  712  900    0  734  703  781  836  623 1019  726 1160  929 1160  817  803  648 
 913  779  688 1004 1180  843  854  897  825 1083  601  879  909 1141  611  902  686  821  732  837  778  759 1105  981 1158 1007 1051 1191  997 1050  826  614  822 1055 1100 1177 1043  830  913 1116  696 1148  951  992 1090  664  734    0  754  787 1184  963  938  764  898  939  979  808  926  740 
 770  728  913 1005  967  782 1027 1096 1066 1157  851 1049  765  759  861  660  715  955 1085  805  747  953  806  801  655  967 1187 1047 1162  620  665  895  721  858  873 1117 1010  705  620  823 1071  602  716  706  914 1069  703  754    0  769 1060  616  839 1046  698  893 1180  700  920 1181 
1147  762  705 1120  927 1176  673 1054 1043  936  763  701 1094  633  793  918  733  857  999  847  995  691 1004  818  862 1134 1043  753  766  953  718  732  688  832  775  756  678 1192 1040 1187 1129  871  863  870  950  905  781  787  769    0 1047 1193  646  608  665  787  730  763  735 1187 
 995  952 1052 1097  829  921  691  842 1086  744  691  749  831  821  945 1187  941  610  670 1054 1101 1010 1078 1016 1104  934  699 1148 1174  820  819 1052 1042  794  766  723  818 1030 1046  911  863  708  816 1098 1163  669  836 1184 1060 1047    0  639 1008  983 1021  697 1078 1015  910  779 
 648 1098  716  653  695  888  994  962 1096  738 1095  643  652 1142  766 1182  711  608  959  966 1197  757 1196  815  814  865 1110 1016  691  661  761  876 1045  775  696  722  730  706 1132  751 1176  631 1180  697  808  771  623  963  616 1193  639    0 1036 1120  782 1132 1110  729  604  911 
 693 1110  604  659  682  805  647  999  602 1001  801  841  738  766  835  816  989  876 1109 1017 1020 1093 1161 1105  839  910 1026  920  811 1130 1131  617  705 1105 1153 1113 1125  897 1184  890  841  611 1121  985  785  632 1019  938  839  646 1008 1036    0  964  996  711  673  866 1161  643 
 803 1149 1184  653 1164  983 1055 1121  657  677 1085  681  672  956  974 1063  801 1152  635 1041 1091 1079 1104 1109  831  809  669  659  718 1147 1169  607  610  688  976  818 1117 1165  814 1067 1139  845 1169  970 1186 1060  726  764 1046  608  983 1120  964    0  957  624  943 1052  734  813 
 733 1043  778  941 1094 1083 1179  611  652  809  681  699 1102  907 1193 1186 1075  997  744  735 1138  796 1178  735  732 1149 1118 1079 1183  805  715  998 1020  667  851  988  909  674 1101  759  899 1176  659 1063 1019  754 1160  898  698  665 1021  782  996  957    0  664  923  665  994 1009 
 629 1161 1147  934  774 1099  942  929  840  821  872  881  983 1127 1197 1070  968  715 1061 1061  660  667 1174 1029 1118 1138 1159  668 1185 1045 1025  667  627  870  980  987  674  796  899  976  820 1155 1198 1124 1054  669  929  939  893  787  697 1132  711  624  664    0 1134  895  601  740 
1064 1034 1198  934  994  800  998 1147  668 1097  665  949  717 1063  796  850  860  760  970  912 1039  913  709  715  768  616  767 1042  783 1033 1084  993  885  635  787  936  979  678  696  994  693  998  697  975  700 1183 1160  979 1180  730 1078 1110  673  943  923 1134    0 1015  891  603 
 813 1117 1148  780  872  938 1176  956  659 1005  673  809  630  719  765 1044 1079  675 1079 1094  648  641 1170 1043 1150 1194  692  968 1058  910  862 1144 1105  778 1122  715  946 1018  700  974  774  891  650  920  824  955  817  808  700  763 1015  729  866 1052  665  895 1015    0  607  863 
 879 1114  976  851  753  653  819 1114  981 1072  795  710  699 1174  762 1198  976  901  774  709  701  646 1041  769  718 1196  655  660 1128  791  831  891  692  918 1062  870 1143  719  884 1099 1008  711  690 1021  860  748  803  926  920  735  910  604 1161  734  994  601  891  607    0  699 
 904  814 1178 1087  686 1171 1121  812 1112  784  737  662 1124  797  931 1152  730 1012 1144  875 1127 1164  897 1104 1196  920 1018  730 1000  723  741  750  644  675 1080  687  800 1158  771  877  978 1058  723 1170 1138 1085  648  740 1181 1187  779  911  643  813 1009  740  603  863  699    0 

0 632 888
1 454 810
2 259 870
3 340 938
4 619 867
5 253 869
6 335 986
7 276 1034
8 401 830
9 307 858
10 287 803
11 349 1061
12 522 803
13 502 975
14 325 793
15 510 750
16 691 949
17 260 769
18 444 744
19 241 840
20 272 801
21 355 1083
22 257 790
23 425 937
24 223 737
25 641 1027
26 319 1093
27 603 702
28 520 1017
29 472 831
30 241 857
31 281 753
32 292 996
33 270 856
34 363 836
35 443 755
36 255 935
37 557 1020
38 491 1029
39 660 990
40 462 973
41 637 1079
42 568 782
43 426 707
44 572 974
45 312 898
46 582 926
47 493 725
48 469 797
49 697 874
50 359 921
51 210 976
52 607 891
53 591 800
54 357 943
55 547 923
56 513 738
57 315 915
58 457 967
59 644 838

0 56 555 3736 3852 
0 50 61995 64532 3729 
0 34 27623 31550 2418 
0 30 40623 42837 4868 
0 11 18577 20073 3680 
0 57 36261 39447 3528 
0 1 49707 53530 2996 
0 51 57218 58598 4776 
0 52 58884 60990 6628 
0 15 40230 42412 3909 
0 58 61609 63876 4437 
0 48 36280 38821 5556 
0 33 27793 30374 3636 
0 26 32173 35560 2366 
1 44 38538 42396 3861 
1 39 49105 53371 4317 
1 24 3690 6712 3760 
1 5 28433 30063 2892 
1 3 3274 7044 3428 
1 31 52006 54399 1800 
1 12 54355 56756 2102 
1 51 27044 29778 3704 
1 3 41034 44733 3428 
1 54 22938 26442 4020 
1 55 18047 21564 2008 
1 50 672 2623 4324 
1 26 52895 55892 2800 
1 54 35453 39343 2010 
2 30 13396 16157 2416 
2 47 34902 36525 2751 
2 27 22187 23970 1864 
2 0 16132 19398 3306 
2 36 22487 26288 1911 
2 15 8211 11314 2709 
2 49 30396 32193 3297 
2 14 23200 26272 1272 
3 35 60983 63654 1620 
3 53 28276 30248 3636 
3 33 60874 64069 2188 
3 20 3886 6744 1270 
3 58 2154 4477 2859 
3 45 35188 38461 2560 
3 20 28935 31162 1905 
3 20 16315 18935 1905 
3 23 53658 57043 3884 
3 36 59701 61725 1461 
3 40 29072 31561 3308 
3 4 28896 31271 3093 
3 28 60053 61905 2319 
4 45 49171 53010 3570 
4 44 6435 8214 4275 
4 39 11037 15204 6416 
4 43 9476 12378 2642 
4 41 54215 55916 2878 
4 19 1746 4706 4408 
4 32 32985 36242 2002 
4 43 26790 29661 2642 
4 18 60191 62051 3078 
4 34 52599 54905 5420 
4 0 2085 4821 4569 
4 2 6537 8600 3285 
4 52 5532 7618 6604 
4 0 50077 52409 3046 
4 39 15994 19581 3208 
5 35 32335 34058 2289 
5 18 442 4811 1444 
5 2 7039 9263 2384 
5 11 32540 35875 1734 
5 27 22717 25490 1956 
5 31 14601 18152 1251 
5 13 35524 38514 3124 
5 6 47546 49786 972 
6 53 23085 26218 2967 
6 42 9062 12751 3093 
6 3 37373 40038 2016 
6 24 8285 10830 836 
6 14 24803 28515 1096 
6 22 62772 65774 1602 
6 50 35997 38201 1892 
6 1 11486 13376 3476 
6 51 55462 58135 1190 
6 15 46068 47927 2424 
6 43 36636 38349 2884 
6 12 62867 64901 1536 
6 39 26631 29253 2232 
6 15 10692 13485 1616 
7 4 17474 20512 3328 
7 48 27091 30696 2283 
7 14 8233 10242 1032 
7 22 61352 63080 2052 
7 29 40713 42749 2076 
7 34 26595 28635 2700 
7 50 7507 10352 1380 
7 32 22158 25580 1326 
8 16 61224 65286 3066 
8 49 49256 52499 2604 
8 29 53842 57982 2316 
8 22 32875 36279 3132 
8 37 37408 41008 5224 
8 1 63002 66510 3150 
8 45 56583 59993 3360 
8 53 59608 60941 2316 
8 45 5803 8754 3360 
8 12 11190 12645 2140 
8 3 39116 41855 2808 
8 43 1816 3974 5104 
9 20 120 1532 2420 
9 26 2148 6149 1596 
9 57 54114 56214 1216 
9 49 14045 17760 3141 
9 21 53796 55746 3572 
9 35 55064 58407 1418 
9 3 18182 21831 1916 
9 16 30155 32617 3423 
9 53 23716 25760 3680 
9 3 56866 60493 1916 
9 49 29375 33109 3141 
9 16 58144 61522 2282 
9 41 23858 26330 2102 
9 44 46015 48214 3936 
10 2 36782 39890 1322 
10 51 55342 58386 1656 
10 5 14873 16409 1326 
10 48 58550 60813 3048 
10 56 63157 65504 1696 
10 7 35517 37797 1515 
10 4 36159 38568 3339 
10 12 52408 55857 2788 
11 13 5437 8570 2688 
11 4 57195 60853 4448 
11 37 3719 6658 3330 
11 53 47071 48467 2520 
11 18 52910 56042 1716 
11 13 28526 30738 1344 
11 25 28811 31870 4988 
11 58 5594 8419 2740 
11 34 60154 62590 1618 
11 25 34730 37729 2494 
11 55 701 3264 2968 
11 1 59097 60730 1692 
11 8 29093 31874 2571 
