70 4 16 926

   0  512  850  581  661  957  678  759  811  983  574  916  548  651  742  762  807  550  566  959  896 1152  395 1055  396  681  928  927  903  604  795  866  944  671  725  837  653  553 1187  401 1014  799  439  751 1153  702  784  726  926  770  481  847  446  660  737  898  898  822  658 1099  699 1002  604  533 1134  554  429  624  914  674 
 512    0  717  523  396 1156  848  969  925 1106  568  885  511  975  816  834  858  432  562  834  762 1100  448  999  434  662  917  906  801  553  722  884  964  716  774  968  969  456 1178  493 1067  797  548  733 1031  845  890  935  979  853  410  965  677  783  757  818  840  663  846  995  857 1042  382  592 1082  462  605  508  921  474 
 850  717    0  875  891 1219 1004 1113 1025 1299  927 1044  741 1022 1085  973 1165  705  890 1183  882 1478  706 1285  669  759 1148 1105 1063  767 1078 1120 1373 1139 1097 1168 1144  797 1319  694 1346 1134  746 1061 1252 1099  967 1183 1209 1064  725 1143  854 1051 1252 1033 1054 1046  960 1291 1193 1345  658  790 1258  757  741  785  968  743 
 581  523  875    0  506  867  714  924  757 1200  594  820  552  774  799  835  810  581  506  897  852 1026  463 1193  635  489  710  838  700  683  671  815  953  887  851  860  736  569 1018  480  988  866  652  779 1171  728  767  699 1009  726  569  783  472  835  928  938  938  978  909 1243  660 1078  539  571 1243  554  593  529  835  503 
 661  396  891  506    0 1038  799  770  706 1061  634  885  574  778  795  622  738  467  675  809  650 1009  516  991  570  442  712  911  949  548  953  786  898  705  861  688  759  573  956  613 1200  927  511  853 1145  787  721  778 1141  851  474  662  620  809  774  768  767  981  716  920  699 1190  557  502  867  585  704  418  837  591 
 957 1156 1219  867 1038    0 1190 1113 1306 1447 1193 1332 1221 1251 1332 1385 1450  941 1063 1397 1328 1628 1168 1609 1077 1037 1242 1547 1261 1082 1308 1421 1609 1382 1323 1397 1211  978 1645 1117 1696 1433 1164 1213 1690 1361 1261 1484 1779 1210 1150 1425 1105 1210 1252 1310 1358 1299 1305 1645 1334 1723 1220 1168 1630 1031 1191 1029 1447 1059 
 678  848 1004  714  799 1190    0  974 1037 1333  708 1149  814 1101  980 1173 1247  800  651 1110  999 1462  819 1207  772  820 1247 1261 1214  873 1152 1205 1304 1068 1165 1259  946  735 1162  788 1313 1105  864 1297 1329 1164 1080  984 1240 1188  943  989  980 1135 1150  910 1117 1211 1135 1353 1060 1270  967  695 1287  786  734  876  984  653 
 759  969 1113  924  770 1113  974    0 1001 1342  778 1128  836 1052 1150 1185  989  899  835 1126 1248 1324  795 1387  842  824 1080 1164  997  826 1020  880 1346  979 1188 1204 1085  872 1235  764 1492 1011  949  956 1399 1200  989 1062 1160 1095  907 1092  754 1157 1129 1002 1271 1062 1165 1346 1048 1182  904  960 1217  790  884  746 1186  724 
 811  925 1025  757  706 1306 1037 1001    0 1354  745 1245  795 1085  950 1069  936  770  862 1045 1154 1403  664 1353  916  946 1129  981  974  855 1212 1109 1184 1068 1076 1056 1094  764 1183  811 1444 1070  795  951 1280 1004 1048 1150 1160  994  812 1175  750 1197 1204 1140 1181 1067 1104 1232 1049 1308  928  776 1484  671  882  858 1096  769 
 983 1106 1299 1200 1061 1447 1333 1342 1354    0 1089 1397  940 1451 1445 1316 1200 1178  979 1504 1406 1607 1294 1726 1037 1051 1319 1461 1433 1119 1338 1274 1385 1285 1181 1280 1468 1080 1679  888 1821 1329  935 1502 1681 1237 1461 1405 1766 1435 1077 1355 1158 1360 1320 1504 1305 1239 1333 1853 1464 1453  955 1101 1601 1038  975  922 1412 1074 
 574  568  927  594  634 1193  708  778  745 1089    0  738  500  813  813  800  662  431  558  728  910 1124  654 1064  404  616  721  808  744  407  714  938 1253  947  840  744  734  510 1231  557 1030  799  392  807 1004  914  884  964  974  771  418  812  496  734  880  763  844  777  882 1112  930 1091  547  579 1040  463  497  547  889  519 
 916  885 1044  820  885 1332 1149 1128 1245 1397  738    0  793 1159 1136 1155 1005  816  760 1278 1035 1458  873 1152  835  766 1073 1083 1025  896  995  979 1320 1139 1226 1142  941  779 1309  724 1380 1168  896 1203 1300 1182 1111 1074 1435 1237  863 1093  673  906 1136  914 1203 1166 1140 1222 1032 1489  806  860 1224  870  669  876 1185  958 
 548  511  741  552  574 1221  814  836  795  940  500  793    0  852  871  843  870  452  579  854  716 1067  433 1052  535  601  786  705  779  647  803  877 1168  718  676  890  933  674 1088  619 1122  915  610  848 1268  730  693  735 1029  851  602  813  574  736  721  711  896  864  889 1105  834 1012  498  445  955  486  464  430  739  656 
 651  975 1022  774  778 1251 1101 1052 1085 1451  813 1159  852    0 1050 1202 1036  842  805 1075 1268 1184  669 1489  801  781  994 1062  935  745 1088 1134 1187 1180 1081 1115 1281  824 1223  918 1324 1107  776 1157 1482 1188 1130 1116 1369 1149  784  990  775 1055 1164 1036  990 1056  931 1180  976 1173  755  871 1202  873  786  877  976  714 
 742  816 1085  799  795 1332  980 1150  950 1445  813 1136  871 1050    0 1278 1095  785  796 1239  956 1208  670 1337  778  789 1138 1201  968  838  949  985 1160 1121 1137 1019 1188  746 1219  753 1230 1040  631 1236 1226 1049 1160  991 1532  951  959  972  742 1178 1141 1141 1061 1063 1026 1260  933 1522  816  760 1299  786  951  659 1170  884 
 762  834  973  835  622 1385 1173 1185 1069 1316  800 1155  843 1202 1278    0 1050  732  808 1194 1127 1575  773 1225  872  909 1069 1116 1012  650 1222 1015 1154 1189 1164 1087 1159  803 1167  946 1225 1080  978 1006 1251 1224 1130 1232 1496 1158  648 1280  738 1054 1120 1102  914 1044  982 1423  988 1512  802  848 1401  808  711  868 1112  918 
 807  858 1165  810  738 1450 1247  989  936 1200  662 1005  870 1036 1095 1050    0  751  741 1049 1005 1400  796 1227  882  778  998 1197  899  933  959  996 1350 1052  923 1155 1142  741 1365  821 1410 1216  727 1048 1340 1078 1047 1119 1260 1095  762  921  784 1180 1271 1019 1076 1104 1135 1243  984 1287  985  656 1343  880  885  961 1158  798 
 550  432  705  581  467  941  800  899  770 1178  431  816  452  842  785  732  751    0  577  795  782 1015  630 1046  625  575  898  856  819  412  663  886 1137  933  827  750  658  434 1270  607 1058  826  612  943 1058  787  672  846 1158  709  435  839  483  877  675  819  946  809  875 1123  664 1029  531  578 1089  502  525  664  806  567 
 566  562  890  506  675 1063  651  835  862  979  558  760  579  805  796  808  741  577    0  741  730 1089  543 1037  452  572  762  959  799  435  899  862 1059  935  728  684  709  610 1102  451 1099  712  381  845 1022  862  822  757 1170 1001  453  925  403  820  621  813  813  839  771 1026  930 1197  521  615  960  588  613  616  687  562 
 959  834 1183  897  809 1397 1110 1126 1045 1504  728 1278  854 1075 1239 1194 1049  795  741    0 1074 1273  836 1492  919  836 1074  888 1114  956 1199 1097 1395 1030 1003 1061 1185  756 1282  813 1304 1217  639 1039 1404 1112 1073 1032 1204 1063  791 1135  832  899 1032 1105 1139 1198 1097 1311 1155 1394  729  678 1394  788  844  865 1098  722 
 896  762  882  852  650 1328  999 1248 1154 1406  910 1035  716 1268  956 1127 1005  782  730 1074    0 1483  780 1353  636  896 1267 1202 1029  730 1057 1095 1247 1195 1193  937 1185  910 1197  876 1381 1089  765 1053 1295  995 1024 1117 1466 1063  839 1121  740 1147 1212 1155 1071 1161 1133 1291 1124 1257  753  708 1482  757  699  902 1045  749 
1152 1100 1478 1026 1009 1628 1462 1324 1403 1607 1124 1458 1067 1184 1208 1575 1400 1015 1089 1273 1483    0 1079 1578  835 1108 1428 1420 1392  914 1355 1250 1387 1302 1223 1237 1130 1113 1835 1071 1499 1453 1075 1230 1542 1195 1375 1328 1478 1483  971 1228 1003 1411 1448 1329 1249 1213 1209 1747 1474 1770 1105 1149 1417  910  957 1214 1435 1090 
 395  448  706  463  516 1168  819  795  664 1294  654  873  433  669  670  773  796  630  543  836  780 1079    0 1167  424  441  767  788  713  630  843  653 1053  699  943  676  787  680 1102  390 1094  693  443  844 1057  715  821  831 1049  657  672  878  614  798  806  672  668  667  816 1130  847 1091  484  449 1093  442  562  558  882  593 
1055  999 1285 1193  991 1609 1207 1387 1353 1726 1064 1152 1052 1489 1337 1225 1227 1046 1037 1492 1353 1578 1167    0 1113 1240 1546 1405 1267 1031 1150 1612 1682 1427 1234 1152 1266  967 1528 1184 1621 1337 1196 1469 1631 1247 1489 1167 1676 1174  883 1152 1054 1262 1398 1509 1115 1235 1305 1540 1095 1417 1038  900 1512 1168  989 1111 1330 1085 
 396  434  669  635  570 1077  772  842  916 1037  404  835  535  801  778  872  882  625  452  919  636  835  424 1113    0  498  671  839  763  527  821  742 1147  855  940  659  767  490 1212  652 1276  797  462  955  929  888  870  841 1208  876  482  716  701  789  855  707  938  771  723 1090  788 1085  445  432 1018  456  627  392  768  522 
 681  662  759  489  442 1037  820  824  946 1051  616  766  601  781  789  909  778  575  572  836  896 1108  441 1240  498    0  789  824  737  448  834  851 1193  797  664  895  643  492  999  516 1166  928  455  809  893  821  844  750  988  753  456  778  526  762  887  759  874  754  706 1067  707 1012  603  498  878  564  448  629  757  698 
 928  917 1148  710  712 1242 1247 1080 1129 1319  721 1073  786  994 1138 1069  998  898  762 1074 1267 1428  767 1546  671  789    0  962 1090  917 1063 1208 1297 1173 1000 1184  950  702 1404  965 1356 1027  977 1090 1487  998 1229 1044 1374 1213  787 1084  973 1218 1040 1245 1229 1054 1170 1151 1170 1427  707  721 1266  805  789  810 1040  794 
 927  906 1105  838  911 1547 1261 1164  981 1461  808 1083  705 1062 1201 1116 1197  856  959  888 1202 1420  788 1405  839  824  962    0  972 1003 1086 1066 1365 1152  967 1012 1022  658 1380  791 1290  978  884 1042 1172 1179 1073 1137 1448 1077  814 1074  727 1043  946 1162 1105 1062 1072 1359 1133 1460  877  893 1376  727  761  771 1114  710 
 903  801 1063  700  949 1261 1214  997  974 1433  744 1025  779  935  968 1012  899  819  799 1114 1029 1392  713 1267  763  737 1090  972    0  733 1106 1077 1354 1152 1138 1043 1045  819 1295  901 1232  999  852 1056 1418 1026 1039 1124 1511 1052  721 1101  861 1065 1223 1173 1025 1020 1074 1314 1105 1120  897  689 1148  724  697  772 1264  802 
 604  553  767  683  548 1082  873  826  855 1119  407  896  647  745  838  650  933  412  435  956  730  914  630 1031  527  448  917 1003  733    0  670  831 1023  827  861  937  778  435  961  535 1116  957  455  799  979  909  817  698 1027  798  432  690  394  873  684  683  716  851  910 1021  838 1005  499  454 1193  412  433  510  699  526 
 795  722 1078  671  953 1308 1152 1020 1212 1338  714  995  803 1088  949 1222  959  663  899 1199 1057 1355  843 1150  821  834 1063 1086 1106  670    0 1214 1369  955 1145 1247 1130  722 1274  734 1218 1253  971 1188 1428 1064 1162 1005 1465 1149  961  997  893 1154 1156 1191 1137 1194 1023 1210 1002 1255  829  949 1357  662  735  705  950  817 
 866  884 1120  815  786 1421 1205  880 1109 1274  938  979  877 1134  985 1015  996  886  862 1097 1095 1250  653 1612  742  851 1208 1066 1077  831 1214    0 1246 1070  990  994 1027  711 1335  871 1486 1044  792 1197 1368 1184 1160 1004 1409 1085  901  990  965 1114 1059 1227 1127 1003 1127 1300  958 1277  982  815 1231  786  958  848 1194  854 
 944  964 1373  953  898 1609 1304 1346 1184 1385 1253 1320 1168 1187 1160 1154 1350 1137 1059 1395 1247 1387 1053 1682 1147 1193 1297 1365 1354 1023 1369 1246    0 1200 1538 1435 1165 1042 1489 1075 1634 1342 1259 1379 1559 1328 1369 1260 1614 1230 1185 1204  978 1266 1469 1282 1501 1367 1412 1608 1409 1460 1191 1094 1478  863 1130 1083 1564  962 
 671  716 1139  887  705 1382 1068  979 1068 1285  947 1139  718 1180 1121 1189 1052  933  935 1030 1195 1302  699 1427  855  797 1173 1152 1152  827  955 1070 1200    0 1014  983 1013  769 1360  675 1474  945  910  935 1303 1093 1030 1050 1233  954  714 1194  888 1237 1012 1217  951 1128  999 1262  967 1331  946  770 1489  841  834  768  939  798 
 725  774 1097  851  861 1323 1165 1188 1076 1181  840 1226  676 1081 1137 1164  923  827  728 1003 1193 1223  943 1234  940  664 1000  967 1138  861 1145  990 1538 1014    0 1127 1063  740 1378  652 1219 1073  874 1116 1377 1200  986 1177 1445 1048  946 1016  820 1191 1095 1014 1106 1147 1302 1492  993 1411  793  846 1368  908  962  924 1038  648 
 837  968 1168  860  688 1397 1259 1204 1056 1280  744 1142  890 1115 1019 1087 1155  750  684 1061  937 1237  676 1152  659  895 1184 1012 1043  937 1247  994 1435  983 1127    0 1202  994 1352  820 1425 1113  930 1082 1459 1122  986 1168 1503 1235  662 1014  737 1147 1241  955 1137  994 1162 1354 1101 1160  709  938 1337  954  811  753 1120  716 
 653  969 1144  736  759 1211  946 1085 1094 1468  734  941  933 1281 1188 1159 1142  658  709 1185 1185 1130  787 1266  767  643  950 1022 1045  778 1130 1027 1165 1013 1063 1202    0  932 1271  981 1352  932  861 1110 1497 1247 1062 1031 1277  993  806 1135  984  954  895  983 1067 1174 1224 1466  935 1119  686  677 1398  680  915  885 1029  897 
 553  456  797  569  573  978  735  872  764 1080  510  779  674  824  746  803  741  434  610  756  910 1113  680  967  490  492  702  658  819  435  722  711 1042  769  740  994  932    0  945  563 1115  842  589  949  933  850  690  836 1070  835  581  924  681  898  763  953  748  790  877  934  923 1102  506  478  940  551  533  652  781  635 
1187 1178 1319 1018  956 1645 1162 1235 1183 1679 1231 1309 1088 1223 1219 1167 1365 1270 1102 1282 1197 1835 1102 1528 1212  999 1404 1380 1295  961 1274 1335 1489 1360 1378 1352 1271  945    0  906 1611 1369 1206 1497 1610 1379 1257 1460 1609 1402 1001 1403 1195 1366 1210 1260 1392 1373 1490 1548 1496 1515 1129  970 1584  917 1001 1091 1256 1096 
 401  493  694  480  613 1117  788  764  811  888  557  724  619  918  753  946  821  607  451  813  876 1071  390 1184  652  516  965  791  901  535  734  871 1075  675  652  820  981  563  906    0 1018  712  607  784 1093  853  773  821 1031  964  502  869  438  939  882  821  698  760  779 1112  883 1065  600  485  876  446  361  382  860  589 
1014 1067 1346  988 1200 1696 1313 1492 1444 1821 1030 1380 1122 1324 1230 1225 1410 1058 1099 1304 1381 1499 1094 1621 1276 1166 1356 1290 1232 1116 1218 1486 1634 1474 1219 1425 1352 1115 1611 1018    0 1157  943 1481 1679 1315 1559 1159 1397 1420  848 1071 1006 1572 1344 1299 1187 1343 1350 1693 1291 1444 1117 1181 1523 1089  960 1026 1216 1025 
 799  797 1134  866  927 1433 1105 1011 1070 1329  799 1168  915 1107 1040 1080 1216  826  712 1217 1089 1453  693 1337  797  928 1027  978  999  957 1253 1044 1342  945 1073 1113  932  842 1369  712 1157    0  646 1078 1253 1102 1081  985 1402 1100  947 1134  911  975 1089  947 1091 1175 1195 1499 1158 1345  846  832 1356  676  851  867 1022  749 
 439  548  746  652  511 1164  864  949  795  935  392  896  610  776  631  978  727  612  381  639  765 1075  443 1196  462  455  977  884  852  455  971  792 1259  910  874  930  861  589 1206  607  943  646    0  647 1132  841  775  863  904  899  504  823  453  918  730  864  915  658  954 1013  683  903  513  587 1244  550  578  474  991  603 
 751  733 1061  779  853 1213 1297  956  951 1502  807 1203  848 1157 1236 1006 1048  943  845 1039 1053 1230  844 1469  955  809 1090 1042 1056  799 1188 1197 1379  935 1116 1082 1110  949 1497  784 1481 1078  647    0 1477 1004 1217 1037 1494 1064  871 1051  920 1244 1196 1103 1131 1232 1069 1404  992 1451  666  831 1486  920  896  889 1152  667 
1153 1031 1252 1171 1145 1690 1329 1399 1280 1681 1004 1300 1268 1482 1226 1251 1340 1058 1022 1404 1295 1542 1057 1631  929  893 1487 1172 1418  979 1428 1368 1559 1303 1377 1459 1497  933 1610 1093 1679 1253 1132 1477    0 1248 1272 1427 1421 1284  997 1445 1240 1202 1248 1250 1349 1437 1483 1608 1262 1431 1184 1056 1540  960 1062 1088 1443  953 
 702  845 1099  728  787 1361 1164 1200 1004 1237  914 1182  730 1188 1049 1224 1078  787  862 1112  995 1195  715 1247  888  821  998 1179 1026  909 1064 1184 1328 1093 1200 1122 1247  850 1379  853 1315 1102  841 1004 1248    0 1082 1165 1238 1028  802 1192  819 1174 1164 1101 1180 1118 1228 1315 1031 1345  776  900 1252  711  877  791 1132  895 
 784  890  967  767  721 1261 1080  989 1048 1461  884 1111  693 1130 1160 1130 1047  672  822 1073 1024 1375  821 1489  870  844 1229 1073 1039  817 1162 1160 1369 1030  986  986 1062  690 1257  773 1559 1081  775 1217 1272 1082    0 1068 1291 1107  868 1166  882 1069 1005 1076 1124 1056 1017 1241 1144 1253  803 1004 1239  788  887  869 1072  711 
 726  935 1183  699  778 1484  984 1062 1150 1405  964 1074  735 1116  991 1232 1119  846  757 1032 1117 1328  831 1167  841  750 1044 1137 1124  698 1005 1004 1260 1050 1177 1168 1031  836 1460  821 1159  985  863 1037 1427 1165 1068    0 1186 1179  746 1209  688 1090 1080 1065 1093 1197 1144 1266 1088 1465  735  684 1249  870  777  893  948  671 
 926  979 1209 1009 1141 1779 1240 1160 1160 1766  974 1435 1029 1369 1532 1496 1260 1158 1170 1204 1466 1478 1049 1676 1208  988 1374 1448 1511 1027 1465 1409 1614 1233 1445 1503 1277 1070 1609 1031 1397 1402  904 1494 1421 1238 1291 1186    0 1488 1158 1385 1096 1254 1348 1402 1222 1433 1362 1726 1209 1487  917  953 1543 1165 1118 1105 1380 1115 
 770  853 1064  726  851 1210 1188 1095  994 1435  771 1237  851 1149  951 1158 1095  709 1001 1063 1063 1483  657 1174  876  753 1213 1077 1052  798 1149 1085 1230  954 1048 1235  993  835 1402  964 1420 1100  899 1064 1284 1028 1107 1179 1488    0  934 1091  969 1046  947 1060 1145 1098  964 1435 1115 1144  767  654 1478  840  819  853 1266  897 
 481  410  725  569  474 1150  943  907  812 1077  418  863  602  784  959  648  762  435  453  791  839  971  672  883  482  456  787  814  721  432  961  901 1185  714  946  662  806  581 1001  502  848  947  504  871  997  802  868  746 1158  934    0  766  544  745  734  937  855  688  762 1229  764  993  634  479 1188  677  454  657  932  577 
 847  965 1143  783  662 1425  989 1092 1175 1355  812 1093  813  990  972 1280  921  839  925 1135 1121 1228  878 1152  716  778 1084 1074 1101  690  997  990 1204 1194 1016 1014 1135  924 1403  869 1071 1134  823 1051 1445 1192 1166 1209 1385 1091  766    0  903 1219 1054 1196 1129  956 1044 1437 1038 1371  723  699 1395 1003  898  789 1135  887 
 446  677  854  472  620 1105  980  754  750 1158  496  673  574  775  742  738  784  483  403  832  740 1003  614 1054  701  526  973  727  861  394  893  965  978  888  820  737  984  681 1195  438 1006  911  453  920 1240  819  882  688 1096  969  544  903    0  840  653  718  863  830  831 1029  875  965  615  633 1118  571  489  498  846  633 
 660  783 1051  835  809 1210 1135 1157 1197 1360  734  906  736 1055 1178 1054 1180  877  820  899 1147 1411  798 1262  789  762 1218 1043 1065  873 1154 1114 1266 1237 1191 1147  954  898 1366  939 1572  975  918 1244 1202 1174 1069 1090 1254 1046  745 1219  840    0 1136 1225 1085  963 1087 1262 1196 1127  762  739 1338  950  934  746 1072  945 
 737  757 1252  928  774 1252 1150 1129 1204 1320  880 1136  721 1164 1141 1120 1271  675  621 1032 1212 1448  806 1398  855  887 1040  946 1223  684 1156 1059 1469 1012 1095 1241  895  763 1210  882 1344 1089  730 1196 1248 1164 1005 1080 1348  947  734 1054  653 1136    0  962  946  967 1245 1314 1228 1296  934  956 1545  861  807  979 1127  808 
 898  818 1033  938  768 1310  910 1002 1140 1504  763  914  711 1036 1141 1102 1019  819  813 1105 1155 1329  672 1509  707  759 1245 1162 1173  683 1191 1227 1282 1217 1014  955  983  953 1260  821 1299  947  864 1103 1250 1101 1076 1065 1402 1060  937 1196  718 1225  962    0 1199  989 1231 1350 1249 1245  901  901 1262  896  880  707 1134  923 
 898  840 1054  938  767 1358 1117 1271 1181 1305  844 1203  896  990 1061  914 1076  946  813 1139 1071 1249  668 1115  938  874 1229 1105 1025  716 1137 1127 1501  951 1106 1137 1067  748 1392  698 1187 1091  915 1131 1349 1180 1124 1093 1222 1145  855 1129  863 1085  946 1199    0 1182 1006 1270 1200 1429  814  791 1319  950  657  985 1027  820 
 822  663 1046  978  981 1299 1211 1062 1067 1239  777 1166  864 1056 1063 1044 1104  809  839 1198 1161 1213  667 1235  771  754 1054 1062 1020  851 1194 1003 1367 1128 1147  994 1174  790 1373  760 1343 1175  658 1232 1437 1118 1056 1197 1433 1098  688  956  830  963  967  989 1182    0 1014 1265 1014 1295  731  751 1363  784  907  827 1234  779 
 658  846  960  909  716 1305 1135 1165 1104 1333  882 1140  889  931 1026  982 1135  875  771 1097 1133 1209  816 1305  723  706 1170 1072 1074  910 1023 1127 1412  999 1302 1162 1224  877 1490  779 1350 1195  954 1069 1483 1228 1017 1144 1362  964  762 1044  831 1087 1245 1231 1006 1014    0 1133 1166 1409  717  958 1386  709  685  869 1208  742 
1099  995 1291 1243  920 1645 1353 1346 1232 1853 1112 1222 1105 1180 1260 1423 1243 1123 1026 1311 1291 1747 1130 1540 1090 1067 1151 1359 1314 1021 1210 1300 1608 1262 1492 1354 1466  934 1548 1112 1693 1499 1013 1404 1608 1315 1241 1266 1726 1435 1229 1437 1029 1262 1314 1350 1270 1265 1133    0 1465 1706 1187 1241 1590 1096  980  998 1486 1157 
 699  857 1193  660  699 1334 1060 1048 1049 1464  930 1032  834  976  933  988  984  664  930 1155 1124 1474  847 1095  788  707 1170 1133 1105  838 1002  958 1409  967  993 1101  935  923 1496  883 1291 1158  683  992 1262 1031 1144 1088 1209 1115  764 1038  875 1196 1228 1249 1200 1014 1166 1465    0 1464  882  643 1472  731  955  873 1009  673 
1002 1042 1345 1078 1190 1723 1270 1182 1308 1453 1091 1489 1012 1173 1522 1512 1287 1029 1197 1394 1257 1770 1091 1417 1085 1012 1427 1460 1120 1005 1255 1277 1460 1331 1411 1160 1119 1102 1515 1065 1444 1345  903 1451 1431 1345 1253 1465 1487 1144  993 1371  965 1127 1296 1245 1429 1295 1409 1706 1464    0  934 1027 1608 1022  920 1094 1359 1149 
 604  382  658  539  557 1220  967  904  928  955  547  806  498  755  816  802  985  531  521  729  753 1105  484 1038  445  603  707  877  897  499  829  982 1191  946  793  709  686  506 1129  600 1117  846  513  666 1184  776  803  735  917  767  634  723  615  762  934  901  814  731  717 1187  882  934    0  643 1061  549  494  614  901  663 
 533  592  790  571  502 1168  695  960  776 1101  579  860  445  871  760  848  656  578  615  678  708 1149  449  900  432  498  721  893  689  454  949  815 1094  770  846  938  677  478  970  485 1181  832  587  831 1056  900 1004  684  953  654  479  699  633  739  956  901  791  751  958 1241  643 1027  643    0  953  675  582  698  910  530 
1134 1082 1258 1243  867 1630 1287 1217 1484 1601 1040 1224  955 1202 1299 1401 1343 1089  960 1394 1482 1417 1093 1512 1018  878 1266 1376 1148 1193 1357 1231 1478 1489 1368 1337 1398  940 1584  876 1523 1356 1244 1486 1540 1252 1239 1249 1543 1478 1188 1395 1118 1338 1545 1262 1319 1363 1386 1590 1472 1608 1061  953    0  979  991 1157 1252  985 
 554  462  757  554  585 1031  786  790  671 1038  463  870  486  873  786  808  880  502  588  788  757  910  442 1168  456  564  805  727  724  412  662  786  863  841  908  954  680  551  917  446 1089  676  550  920  960  711  788  870 1165  840  677 1003  571  950  861  896  950  784  709 1096  731 1022  549  675  979    0  409  581  911  563 
 429  605  741  593  704 1191  734  884  882  975  497  669  464  786  951  711  885  525  613  844  699  957  562  989  627  448  789  761  697  433  735  958 1130  834  962  811  915  533 1001  361  960  851  578  896 1062  877  887  777 1118  819  454  898  489  934  807  880  657  907  685  980  955  920  494  582  991  409    0  461  683  466 
 624  508  785  529  418 1029  876  746  858  922  547  876  430  877  659  868  961  664  616  865  902 1214  558 1111  392  629  810  771  772  510  705  848 1083  768  924  753  885  652 1091  382 1026  867  474  889 1088  791  869  893 1105  853  657  789  498  746  979  707  985  827  869  998  873 1094  614  698 1157  581  461    0  898  511 
 914  921  968  835  837 1447  984 1186 1096 1412  889 1185  739  976 1170 1112 1158  806  687 1098 1045 1435  882 1330  768  757 1040 1114 1264  699  950 1194 1564  939 1038 1120 1029  781 1256  860 1216 1022  991 1152 1443 1132 1072  948 1380 1266  932 1135  846 1072 1127 1134 1027 1234 1208 1486 1009 1359  901  910 1252  911  683  898    0  727 
 674  474  743  503  591 1059  653  724  769 1074  519  958  656  714  884  918  798  567  562  722  749 1090  593 1085  522  698  794  710  802  526  817  854  962  798  648  716  897  635 1096  589 1025  749  603  667  953  895  711  671 1115  897  577  887  633  945  808  923  820  779  742 1157  673 1149  663  530  985  563  466  511  727    0 

   0  919  913  742 1160  879 1141  907  757 1011 1073  643  865 1058 1074 1105  682  723 1127  760 1024  682  817 1040 1146 1153  938  693  995  990  605 1098  859 1065  896 1007  924 1181  654 1111  938  873 1075  998 1166  740  803 1176  660  655 1071 1067 1140 1091  777  917  681  886  919  635  954 1011 1066  972 1182 1036 1110 1119  667 1113 
 919    0 1165  775  710  792  821  971  958 1136 1149 1076  971  803  746  806  757  914  601  878  985  921  763  904  724  701 1114  647  742 1109  791  744 1178 1010 1106  801 1061  896 1162 1084 1175  992  844 1095  811  616 1192  818 1021  977 1190  691 1068 1083  902  954 1128  632 1192  637  777  871  978  724  960  991 1153  713 1084  916 
 913 1165    0  856  918  756  614  864  745 1110  997  783 1007 1082  952 1195 1123  732  719 1111  814  676  819 1036  966  710  688  958  940 1008  878  964 1058 1058  810 1090  927  814  926  853 1162  929  910  865  971 1039  865  965  986  943  946  957 1069  687 1032 1110 1165  756  836  877  966 1153 1165  639  688 1145  683  931  938 1041 
 742  775  856    0 1120  924  899  779 1005  725  859  819  763  662  715 1135  625 1152  765  738 1085 1148  927 1091 1168  619  955  767  614 1031  997 1151 1183  676 1046  902  747  740 1051 1102  962 1133  801  703  761  633  832 1199  932  659  759  811 1126  748  916  937  847  666 1011 1062  668  773 1082 1154  725  930  725 1182 1175 1013 
1160  710  918 1120    0  704  758  946 1081  904  745  731 1089 1129  724  844  815  943  664 1084  868 1073  909  753  926  932  963 1092 1032 1093 1115  934  810  629  613 1155  857  882  658 1009 1077  628  831 1166  883 1196 1006 1024  919  616  720 1193  817 1102  695  714  704 1067  661  754 1063  659  666  914  919 1049  733  629  689  943 
 879  792  756  924  704    0  728 1093 1025  927  881 1111 1138  730 1188  851 1102  803  916  870  974 1190  805 1097  788 1145  749  680 1167  776 1146  602  996 1082 1054  867  823  642 1173 1078  854  930  619 1172  731 1082  945 1076  685  734  653  751  957  685 1051  668 1136  872  682 1029 1198 1032 1167  707  781  690  892 1009 1126 1071 
1141  821  614  899  758  728    0  869  678  778  895  775  797  807  992 1058  879 1053 1106  936  942 1170  907  950  744  758  823  634 1139  878  836 1021  910  923  704  826  871  705  739 1088  777  748  797  623  680 1154  854  783  786  894 1078 1031  965  966 1163  780  780  806  949  813  656  972  936  698 1150 1184  703  611  938  938 
 907  971  864  779  946 1093  869    0  984  888  890 1002  879  760  958  850 1169  795  978 1041  992  608 1014  744  612  811 1033  943  869  657  810  937  989  959  909  722  902  721  797  984  847  778  760  600  733  929  611 1194  746  789  895 1094 1167  917 1040  797  897  902 1019 1116 1064 1184 1045  961  783 1033 1100  809  812 1090 
 757  958  745 1005 1081 1025  678  984    0  737 1041 1023  623  933  717 1134  989 1064  974  646  732 1093  995  674  892 1011  917 1134 1160  797  696  797  755  879  813 1136  999  720  942 1151 1142 1034 1151  799  799  637  723  744 1177 1125  912  809 1072 1100  994  965 1021  967  821  810  765 1171 1168  797  854  759  987 1140  839  743 
1011 1136 1110  725  904  927  778  888  737    0  926 1128  679  861  649  799  698  793  900 1158 1192 1081 1020 1052 1042  672 1029 1069 1045  962  664  772 1178  772  726  883  651  890  963  967 1074  882 1141  794  792  897  800 1156  899  747  643  994  851  740 1154  675  670  654  772  880 1005  838 1019 1067  817 1150 1164  828  869  920 
1073 1149  997  859  745  881  895  890 1041  926    0 1000 1186  977  711  816  775  864 1004  937  652  977  904  857  890  633  819 1010 1200  857  863 1070  875 1111  764  891  958 1035  707  985  984  857  828  857  698  647  917  667  794  649  774  885 1151 1035  699  645  600 1108 1160  780  995  896 1030 1021 1191  979  643  875 1048 1005 
 643 1076  783  819  731 1111  775 1002 1023 1128 1000    0  768 1120  766  917  664  818  602 1001  875  833  808 1198 1045 1174 1080 1140  939  649 1031  820  792  783  628  638  801  892 1034  974 1047 1173 1162  773 1052  981 1058  838 1123  980  933  827 1075 1167  782  644  896 1026  745  978 1147 1198  640  832 1189  921 1088  786  908 1006 
 865  971 1007  763 1089 1138  797  879  623  679 1186  768    0  789  893  789  628  632 1177 1169  923  635 1101  828 1021  972 1197  980  888  921  790  967  706  621  768  730 1126  607 1042  837  650  811  745  745 1052 1106  966  819  641  728  902  927  981  650  788 1161 1060  972 1078 1166  786 1121  839  737  974  973  974  785  785  834 
1058  803 1082  662 1129  730  807  760  933  861  977 1120  789    0  864  700 1067 1032 1053  845  747  840  883  639  678  741  680  623  904  985  821  860  800  746  806  898 1020  655  683  934  604  688  768  837  834  629  691 1182 1049 1004  723  744  719 1174  999  711  961  957  864  781  779  921 1062  797  696  819  705 1155  885 1154 
1074  746  952  715  724 1188  992  958  717  649  711  766  893  864    0 1166 1128  638 1194  795 1183  734 1056  690  929  832  719 1049  723  709  865  872  626  979  912 1137 1187  951  639  809  683 1047  936  716  973 1139  620 1160  957  814 1022  693  806  882 1040  833  721  803 1191  906  717 1053 1081  775  934  662 1165 1143  937  928 
1105  806 1195 1135  844  851 1058  850 1134  799  816  917  789  700 1166    0  841  967 1192 1131  977 1001 1135  812  642  800  968  996  641  659  720  758 1000  866  835  907 1141 1169 1125 1200  826  707  713 1012  867  719 1132  793  721  726  949  667  905 1055  792  684  669 1200 1174  892  918 1138  911 1072 1022  913  623  953  914  867 
 682  757 1123  625  815 1102  879 1169  989  698  775  664  628 1067 1128  841    0  741  623 1199 1096  601 1095 1136  892  671  937  655 1170 1000 1048  848  644  786  698 1019 1161 1062  729 1078  678  651  698 1169  874 1052  907  702  767  678  883  846  629  706  733  769  763 1028  891  683  729  662  813  751  934  985 1054 1100  774  707 
 723  914  732 1152  943  803 1053  795 1064  793  864  818  632 1032  638  967  741    0 1126 1031 1080  957  681 1144  767  672  605 1071  652  734  875  798  802  840 1104 1102  911  876 1071 1110  952 1096  776  647  928 1117 1119 1159 1109 1198  817  822 1071  900 1151  655  671 1139  922  655  840  908  666  862 1057  883  853  915  616  631 
1127  601  719  765  664  916 1106  978  974  900 1004  602 1177 1053 1194 1192  623 1126    0 1002  733  765 1104 1017 1014  769  824 1115 1163  636  609 1043  945  828  957  717  877  729 1121  802  604  721  772  978  822  667  763  866  875  925 1144 1125  990  981 1021 1142  665  844 1151 1005  692 1177  718  852  776  722  604 1045 1135  628 
 760  878 1111  738 1084  870  936 1041  646 1158  937 1001 1169  845  795 1131 1199 1031 1002    0  843 1170  946 1054 1041 1014  706  742 1049  698 1182 1013  800  700  923  992  966  942  613 1160  653  749 1157  783  889  618  713  822  717  769  762  977 1179  965  986 1094  774  603  857 1021  869  973  658 1161 1167  764  727 1165  761  646 
1024  985  814 1085  868  974  942  992  732 1192  652  875  923  747 1183  977 1096 1080  733  843    0  804  770 1037  619  895  854 1185  614  717  764  861  978  841  700  926 1136 1024  605  775  747  945  706 1194  667  664 1013  718  602 1176 1071  613  982 1005  748  947  911  935 1082 1085  609 1147  769 1112  929  924  902 1073  933 1184 
 682  921  676 1148 1073 1190 1170  608 1093 1081  977  833  635  840  734 1001  601  957  765 1170  804    0  770  817  696  644 1177  926 1027 1153  745 1109  985 1194  942 1060  715 1093  614  714 1007  771  645  740 1185  664  681  836 1105 1137  973  820 1040  810  619  877  615  784  613 1125 1026  727  751  928  909  627 1131  881 1142  769 
 817  763  819  927  909  805  907 1014  995 1020  904  808 1101  883 1056 1135 1095  681 1104  946  770  770    0 1020 1161  911  792  902  919  673 1072  848 1086  788  676  681  614  729  870  943 1106  639  970 1149 1092 1021  786 1075 1004  853  734 1137  703  764 1095  752 1191  628 1024  926  947  854  706  692  712  797  828 1087  685  969 
1040  904 1036 1091  753 1097  950  744  674 1052  857 1198  828  639  690  812 1136 1144 1017 1054 1037  817 1020    0  666  634  705  928  788 1145  803  946  777  776  615 1037  689  862  907  900  786  617  854 1075 1184  712 1132  969  699 1055 1199 1037 1031  935  655 1081 1100  925  829  779  976  826 1136 1156  859  992  703 1077  822  900 
1146  724  966 1168  926  788  744  612  892 1042  890 1045 1021  678  929  642  892  767 1014 1041  619  696 1161  666    0 1006  676 1152 1066  630 1103  656  715 1175 1018  834 1197  857  836  990  840 1156 1142  801  890  741  975  764 1106  951  982  695  935  922  874 1126  993  898 1148 1152  711  657 1026  604 1109  844 1155  684  940  970 
1153  701  710  619  932 1145  758  811 1011  672  633 1174  972  741  832  800  671  672  769 1014  895  644  911  634 1006    0  694 1016  927  694 1096  944 1023  793  784 1136  849  641 1139  687  693 1127  694  687  714  782 1123  826  758  643  605  971  700 1157  828  851  924  879  879 1057  788 1192 1044  690  867  653 1038  677  863  643 
 938 1114  688  955  963  749  823 1033  917 1029  819 1080 1197  680  719  968  937  605  824  706  854 1177  792  705  676  694    0  642 1060 1176  746  749  946  898  932  792  919  859  785  804 1022 1045  795  788  896 1126 1014 1025 1042  676  985  640  858  810 1075 1027  904 1105  837  831  658  820  924  729  918  959 1062 1074  774  624 
 693  647  958  767 1092  680  634  943 1134 1069 1010 1140  980  623 1049  996  655 1071 1115  742 1185  926  902  928 1152 1016  642    0  879  781  658  788 1151  792  749  849  804 1081 1192  989 1140  895  855 1148  611  979  647  708  888 1057 1151  716  603 1153  801  709  617  982  783  745  638  920  619 1092  708 1041 1102  850  822  733 
 995  742  940  614 1032 1167 1139  869 1160 1045 1200  939  888  904  723  641 1170  652 1163 1049  614 1027  919  788 1066  927 1060  879    0 1050  960  708 1199 1141  619  705  836 1067  723 1049 1167  714  971  729  818 1057  629  915 1172  846 1014 1148  691 1022 1067  945  688  644  614  870  839  798 1112 1160  782 1058  613 1199 1135  925 
 990 1109 1008 1031 1093  776  878  657  797  962  857  649  921  985  709  659 1000  734  636  698  717 1153  673 1145  630  694 1176  781 1050    0  750  759 1135  975 1050  620  898  900 1000  917  652  710  812  720 1101  762  829  720 1158 1200  735  981  796 1139 1172  720 1149 1021  623  934  926 1053  790  990 1119  641  612  994 1099  750 
 605  791  878  997 1115 1146  836  810  696  664  863 1031  790  821  865  720 1048  875  609 1182  764  745 1072  803 1103 1096  746  658  960  750    0  993  800 1016 1097  973 1128  754 1092 1156  741  712  814 1194  788 1197  955  640  972  637  617 1018  755 1056  744  938  665  830  984 1079  997  788  694 1015 1127  980 1084  746  744  969 
1098  744  964 1151  934  602 1021  937  797  772 1070  820  967  860  872  758  848  798 1043 1013  861 1109  848  946  656  944  749  788  708  759  993    0  835  827 1156  797  642  647  723 1147  935 1200 1144  773 1083 1156  793  910  761  749 1159  708  669  802 1151  896  769  730  989  934 1088 1142  885  659  916 1115  643  927 1062  716 
 859 1178 1058 1183  810  996  910  989  755 1178  875  792  706  800  626 1000  644  802  945  800  978  985 1086  777  715 1023  946 1151 1199 1135  800  835    0  795  950 1093 1018  764 1120  787  671 1094 1048  643  781  882 1115  899 1068  661  838  993  726  723  845  695  989  925  851  691  666  953 1030  814  867  923  935 1137 1039  691 
1065 1010 1058  676  629 1082  923  959  879  772 1111  783  621  746  979  866  786  840  828  700  841 1194  788  776 1175  793  898  792 1141  975 1016  827  795    0  825  896 1190  960  876  822  771 1010  710  899 1008  736  630 1075 1108 1025 1125 1138 1138  727 1111  726 1192 1166  929 1093  784  630 1141 1064 1127  856  675 1198 1012  840 
 896 1106  810 1046  613 1054  704  909  813  726  764  628  768  806  912  835  698 1104  957  923  700  942  676  615 1018  784  932  749  619 1050 1097 1156  950  825    0  977 1056 1144  930  741  886  862 1013  623  962 1154 1116 1137  814  912  666  972  939  917  719  916  855  686  811  693 1112 1179  975  727 1017 1058  752 1067  820  901 
1007  801 1090  902 1155  867  826  722 1136  883  891  638  730  898 1137  907 1019 1102  717  992  926 1060  681 1037  834 1136  792  849  705  620  973  797 1093  896  977    0 1016  831  931 1114  699  856  896 1122  892  716  860  740  721  910  625 1134  896  810  996 1013  790  854  898  924  807  878  700  951  605  863 1032  934  771  734 
 924 1061  927  747  857  823  871  902  999  651  958  801 1126 1020 1187 1141 1161  911  877  966 1136  715  614  689 1197  849  919  804  836  898 1128  642 1018 1190 1056 1016    0  925 1011  978  788 1096  783  866  763 1093  671 1068  770  833 1134  622  898  690  674  663  771  932  726  759  606 1016  619  819  679 1099 1024  943  958 1181 
1181  896  814  740  882  642  705  721  720  890 1035  892  607  655  951 1169 1062  876  729  942 1024 1093  729  862  857  641  859 1081 1067  900  754  647  764  960 1144  831  925    0  875 1175 1081 1134 1150 1022  822 1147  742  859  762 1104 1188  666  736  762  889  728 1131  760 1094  965  746  728 1041 1131  857  693  729 1125  707  607 
 654 1162  926 1051  658 1173  739  797  942  963  707 1034 1042  683  639 1125  729 1071 1121  613  605  614  870  907  836 1139  785 1192  723 1000 1092  723 1120  876  930  931 1011  875    0  733 1073  904 1160  947  784  902  767 1154  960 1043  956 1026  957  949  945  721 1197  815 1137 1057 1030 1085 1164  808  821  845  955 1183  664  798 
1111 1084  853 1102 1009 1078 1088  984 1151  967  985  974  837  934  809 1200 1078 1110  802 1160  775  714  943  900  990  687  804  989 1049  917 1156 1147  787  822  741 1114  978 1175  733    0  677 1089  684  656  991  762 1113 1169 1010  607  922  643 1063  813  863  801  796  656  653 1082  969  677 1177  966  731 1079  913  980  602  924 
 938 1175 1162  962 1077  854  777  847 1142 1074  984 1047  650  604  683  826  678  952  604  653  747 1007 1106  786  840  693 1022 1140 1167  652  741  935  671  771  886  699  788 1081 1073  677    0  756 1058  829  606  795 1017 1050 1017  634  744  664  999  814  943  874  748  688  912  918  824 1199  862  939  678 1127  801 1002 1198 1092 
 873  992  929 1133  628  930  748  778 1034  882  857 1173  811  688 1047  707  651 1096  721  749  945  771  639  617 1156 1127 1045  895  714  710  712 1200 1094 1010  862  856 1096 1134  904 1089  756    0  735 1020  951  835  840  692 1197  905  892 1083  652  994 1043  742  870  876  684 1021  831 1091 1199  800  976  618 1149  800  961  902 
1075  844  910  801  831  619  797  760 1151 1141  828 1162  745  768  936  713  698  776  772 1157  706  645  970  854 1142  694  795  855  971  812  814 1144 1048  710 1013  896  783 1150 1160  684 1058  735    0  870  943 1017  694 1097 1169  869  696 1168 1153  762  688  699 1130 1126  909 1183 1193 1095  976  981  885  869 1000 1075  663  820 
