80 4 16 1021

   0  817 1103  862  766 1414 1106 1215 1387  707  937 1182  845 1168  918 1502 1167 1067  843 1170  781 1238 1255 1323  729 1099 1125 1078 1311 1372 1161 1439 1156 1191 1176 1255 1063  931  930 1130 1490 1084 1015  736 1003 1205 1280 1467  829  845 1466  770 1413 1358 1387 1125  834  798 1441 1005  680  829  791 1167  900  843  701  714  799  912 1187 1071  967 1222 1252 1434 1306 1467 1235  964 
 817    0  691  472  538 1208  892 1173 1101  521  707  932  418  729  437  978 1129  847  407  923  458  757  994 1075  587 1102  799  788 1053 1051  786  921  684 1115  843  933  867  487  465  725 1093 1240  845  404  776  681 1016  892  497  635 1166  412 1010  915  971  819  664  689 1079  808  527  658  576  922  442  394  472  673  634  787  866  645  811  680  814 1132 1122 1068  962  989 
1103  691    0  654  725 1405 1112 1366 1169  686 1212 1154  898 1030  971 1470 1476 1067  760 1150  864  936 1473 1404  843 1298 1162 1058 1360 1195 1162 1438  956 1322 1041 1347 1127  815  707 1092 1343 1241 1003  921 1119  996 1363 1417  702  893 1390  936 1506 1248 1486 1178  776  913 1324 1138  942  748  819 1282  872  831  972  939  956 1088 1069 1134 1132  933 1276 1200 1299 1373 1283 1123 
 862  472  654    0  524 1036  800 1150  885  677  852  718  554  778  681 1072 1239  929  659  812  565  772 1067 1006  611 1121  812  829 1176 1123  810 1304  914 1096  694 1024  929  514  596  844  975 1042  769  546  903  876 1199  936  706  510  958  552 1005 1045  943  791  662  618 1133  751  643  511  622  788  466  573  435  600  470  818  856  980  955  814  884  940 1160 1047  950  825 
 766  538  725  524    0 1205  888 1188  982  545  835  931  666  917  502  970  902  688  500  868  454  813 1135 1065  583 1020  747  886 1012 1013  793  993  808  952  953 1041  785  531  483  809 1033  858  771  438  710  939 1237  969  671  662 1034  483 1069  992 1135  899  424  471 1074  850  406  535  542  907  497  625  618  671  513  982  735  847  815  841  821 1055 1096 1003 1099  837 
1414 1208 1405 1036 1205    0 1338 1433 1472 1014 1507 1447 1009 1423 1211 1657 1516 1304  928 1189 1234 1584 1485 1410  891 1520 1306 1322 1680 1489 1491 1557 1326 1565 1358 1656 1387 1292 1114 1346 1581 1721 1354 1139 1366 1481 1465 1455 1193 1023 1689  899 1458 1500 1567 1256 1106 1014 1532 1347 1014  909 1193 1241 1156 1088 1014  974 1096 1212 1487 1467 1135 1411 1340 1645 1522 1677 1626 1109 
1106  892 1112  800  888 1338    0 1334 1249  886 1298  969  963 1221  836 1452 1451 1107  669  975  619  885 1450 1204  890 1563 1088 1243 1455 1368 1054 1432 1154 1490 1009 1514 1093  987  835 1040 1336 1346 1067  857  966 1174 1166 1482  839  709 1210  825 1414 1308 1258 1155  809  756 1297 1016  640  672  880 1014  766  853  836  693  935 1133 1189 1001 1209 1186 1011 1352 1272 1134 1509 1047 
1215 1173 1366 1150 1188 1433 1334    0 1688  984 1384 1312 1094 1305 1195 1667 1476 1359 1156 1326 1135 1360 1617 1593 1080 1674 1270 1290 1454 1496 1379 1464 1496 1576 1399 1628 1295 1088  977 1324 1642 1631 1297  984 1433 1353 1399 1736  970  938 1653 1109 1646 1407 1727 1306  964 1121 1557 1446 1034 1129 1015 1389 1005 1051 1020  929  827 1378 1441 1316 1319 1349 1357 1611 1556 1788 1710 1209 
1387 1101 1169  885  982 1472 1249 1688    0 1056 1128 1272 1169 1252 1118 1348 1621 1442  961 1402 1253 1436 1495 1427 1121 1531 1340 1194 1681 1737 1528 1662 1148 1791 1449 1523 1327  987 1164 1151 1405 1762 1441 1214 1381 1363 1584 1507 1032 1097 1687 1170 1615 1662 1378 1406 1064 1040 1684 1469 1038 1137 1062 1339 1229 1079 1235 1134 1066 1434 1204 1218 1437 1258 1192 1644 1436 1621 1514 1345 
 707  521  686  677  545 1014  886  984 1056    0  855  905  499  785  512  978 1239  748  589  687  477  664 1022  988  662  987  792  780 1275  903  865 1127  922 1094  663 1144  725  674  629  687 1137 1246  781  607  785  983 1016 1021  648  445 1102  447  927 1026 1002  723  483  454 1205  727  572  611  470  860  570  530  459  439  486  875  755  801  960  857  731  974 1157  885 1211  926 
 937  707 1212  852  835 1507 1298 1384 1128  855    0  951  954  975  840 1349 1472 1122  845 1111  738  952 1399 1428  717 1346 1161 1081 1229 1452  993 1378 1221 1400  966 1338 1140  944  760 1166 1253 1427  944  813  994 1160 1568 1453  750  872 1189  701 1398 1229 1350 1114  835  911 1308 1155  903  878  815 1017  887  750  737  767  788 1064 1218  956  971  953 1107 1203 1241 1357 1141 1221 
1182  932 1154  718  931 1447  969 1312 1272  905  951    0  711  992  829 1499 1388 1158  810 1049  683 1003 1399 1355  705 1392 1049 1237 1316 1428 1161 1432  939 1337 1116 1409 1089  894  707 1067 1267 1352 1080  926 1140 1080 1434 1430  940  824 1211  895 1290 1306 1444 1060  862  646 1566 1100  861  920  721 1048  784  874  810  818  843 1146 1171 1242  940 1187  994 1223 1362 1201 1282  990 
 845  418  898  554  666 1009  963 1094 1169  499  954  711    0  927  577 1140 1057  890  548  996  477  891 1009 1026  414 1079  803  721  934  990  930 1246  692  908  796 1085  807  570  542  742 1079 1051  925  561  857  700  962 1005  636  622 1098  653 1098 1006 1151  944  457  543  977  871  605  496  644  861  507  553  593  522  549  767  808  764  838  873  780 1109 1045 1113 1201  728 
1168  729 1030  778  917 1423 1221 1305 1252  785  975  992  927    0  993 1460 1454 1048  940 1008  773 1007 1489 1368  983 1321 1076 1164 1247 1275  913 1429 1111 1560  972 1409  873  685  817 1100 1250 1508 1021  860  985 1029 1439 1451  753  679 1205  751 1196 1482 1263 1079  919  716 1296 1090  727  785  915 1157  706  855  962  879  756 1192 1062 1141 1021 1185 1083 1351 1273 1328 1489 1008 
 918  437  971  681  502 1211  836 1195 1118  512  840  829  577  993    0 1022  971  753  482  679  610  808 1006 1169  544 1214  730  844 1112 1049  915 1090  689 1167  731 1111  966  471  428  735  833 1125  822  542  676  712 1212  997  590  556  996  678 1082  955  972  812  420  549  971  673  517  444  632  864  528  517  650  517  654  751  834  760  775  725  928 1188 1030 1221 1234  814 
1502  978 1470 1072  970 1657 1452 1667 1348  978 1349 1499 1140 1460 1022    0 1564 1227 1154 1398 1038 1463 1678 1485 1021 1691 1368 1266 1379 1461 1180 1694 1229 1713 1161 1544 1313 1081  941 1397 1644 1705 1159 1045 1465 1196 1460 1637 1167 1093 1562 1010 1626 1772 1558 1413  943 1035 1486 1168  997  914 1034 1135 1179 1053 1018 1117  954 1364 1327 1300 1413 1250 1322 1441 1514 1529 1495 1409 
1167 1129 1476 1239  902 1516 1451 1476 1621 1239 1472 1388 1057 1454  971 1564    0 1169 1102 1316 1152 1175 1705 1589 1027 1618 1526 1238 1770 1769 1376 1406 1539 1560 1193 1745 1296  993 1040 1375 1432 1593 1366 1164 1284 1449 1871 1673 1000  998 1383 1038 1465 1596 1642 1112 1036  886 1519 1208 1176  955  996 1154 1110 1120 1024 1101 1270 1334 1233 1436 1209 1495 1502 1581 1586 1614 1563 1304 
1067  847 1067  929  688 1304 1107 1359 1442  748 1122 1158  890 1048  753 1227 1169    0  753 1107  759 1032 1278 1153  869 1410 1083 1128 1169 1350 1128 1306 1184 1208  959 1555  996  648  945 1072 1152 1433 1114  724  968  998 1432 1313  730  612 1279  676 1243 1169 1246 1149  869  701 1433  970  945  796  790 1111  748  919  910  811  698 1193 1140 1062  958 1128 1224 1393 1232 1349 1328  981 
 843  407  760  659  500  928  669 1156  961  589  845  810  548  940  482 1154 1102  753    0  959  553 1026 1128 1105  520 1008  881  705 1206 1063  765 1163  957 1111  836 1080  903  622  525  722 1063 1151  825  644  882  850 1023 1177  436  515  993  665 1197 1095 1111  904  552  427 1167  762  396  439  603  738  590  549  499  476  566  940  742  827  632  747  733 1062 1050 1020 1079  745 
1170  923 1150  812  868 1189  975 1326 1402  687 1111 1049  996 1008  679 1398 1316 1107  959    0  924  947 1293 1276  725 1448  965 1081 1342 1302 1168 1353  953 1201  972 1115 1076  749  805  987 1215 1347 1110  796  998 1232 1426 1212  973  929 1547  922 1350 1284 1391 1282  691  827 1501 1070  729  643  954 1167  838  795  909  939  872 1012 1102  927 1125 1002 1089 1503 1517 1324 1460 1057 
 781  458  864  565  454 1234  619 1135 1253  477  738  683  477  773  610 1038 1152  759  553  924    0  975  961 1075  600  947  934  698  959 1193  818  969  943 1245  856 1042  939  449  583  946 1050 1106  881  623  842  856 1100 1143  558  489 1126  609 1036  922  919  723  616  418 1019  844  637  446  525  868  556  479  550  441  496  786  799  736  751  966  858 1125 1075  972 1003  826 
1238  757  936  772  813 1584  885 1360 1436  664  952 1003  891 1007  808 1463 1175 1032 1026  947  975    0 1275 1295  691 1325 1158 1045 1307 1246 1005 1285  982 1386 1058 1344 1035  884  804 1016 1387 1599 1265  722  998  901 1118 1185  796  801 1345  888 1477 1313 1550 1000  971  776 1360 1100  749  939  713 1180  952  874  857  881  846 1140 1058 1232 1128 1117 1022 1492 1284 1259 1427 1123 
1255  994 1473 1067 1135 1485 1450 1617 1495 1022 1399 1399 1009 1489 1006 1678 1705 1278 1128 1293  961 1275    0 1489  995 1688 1478 1162 1544 1604 1392 1443 1240 1749 1414 1584 1254 1072 1199 1435 1294 1609 1396 1139 1304 1490 1393 1686  976 1031 1654 1164 1724 1647 1747 1249  960 1069 1441 1251 1121 1227 1285 1501 1045 1059 1094 1016 1220 1389 1413 1396 1181 1350 1400 1879 1498 1491 1549 1467 
1323 1075 1404 1006 1065 1410 1204 1593 1427  988 1428 1355 1026 1368 1169 1485 1589 1153 1105 1276 1075 1295 1489    0  947 1485 1330 1264 1695 1692 1305 1500 1528 1483 1406 1475 1237  945  931 1513 1723 1610 1413  980 1112 1401 1583 1406 1117  982 1489 1076 1608 1734 1784 1349 1048 1218 1725 1370 1207 1078 1211 1291 1157 1044  992 1001 1096 1354 1507 1409 1216 1331 1273 1834 1524 1709 1540 1426 
 729  587  843  611  583  891  890 1080 1121  662  717  705  414  983  544 1021 1027  869  520  725  600  691  995  947    0 1076  756  783  946 1125  849 1226  733 1045  971  874  793  669  448  869  894 1071  637  520  930  730  990  950  561  578 1241  458 1071 1037 1153  775  527  520 1082  685  498  496  511  786  410  450  492  401  469  896  849  927  785  691  839  949 1134 1017  963  757 
1099 1102 1298 1121 1020 1520 1563 1674 1531  987 1346 1392 1079 1321 1214 1691 1618 1410 1008 1448  947 1325 1688 1485 1076    0 1410 1233 1699 1534 1263 1489 1305 1669 1326 1542 1350 1052 1204 1497 1357 1605 1269 1141 1307 1206 1602 1783 1105  837 1520 1145 1625 1486 1445 1355 1029 1188 1559 1363 1066  951 1092 1290  951 1162 1083 1116  963 1253 1267 1451 1308 1429 1207 1612 1663 1561 1521 1360 
1125  799 1162  812  747 1306 1088 1270 1340  792 1161 1049  803 1076  730 1368 1526 1083  881  965  934 1158 1478 1330  756 1410    0 1145 1291 1456 1237 1377 1226 1315 1198 1300 1124  842  884 1219 1308 1384  981  769 1038  933 1395 1341  800  862 1462  801 1551 1193 1448 1183  944  855 1353 1126  855  905  765  944  730  817  722  800  982 1089  984 1185 1156  937 1024 1281 1442 1199 1317 1113 
1078  788 1058  829  886 1322 1243 1290 1194  780 1081 1237  721 1164  844 1266 1238 1128  705 1081  698 1045 1162 1264  783 1233 1145    0 1418 1282 1024 1339  912 1239  984 1079  973  922  869 1102 1263 1328  958  918 1002 1191 1229 1440  703  802 1461  745 1263 1201 1371 1139  645  667 1252 1119  877  885  953 1029  865  888  863  844  865 1291  935 1161 1134 1041 1302 1178 1181 1293 1367 1186 
1311 1053 1360 1176 1012 1680 1455 1454 1681 1275 1229 1316  934 1247 1112 1379 1770 1169 1206 1342  959 1307 1544 1695  946 1699 1291 1418    0 1791 1422 1698 1410 1562 1462 1628 1386 1044  974 1272 1601 1744 1484 1134 1235 1487 1459 1494 1027  998 1799 1223 1467 1423 1785 1135 1069  919 1639 1289  929 1062 1023 1457 1141  949 1089  961 1276 1418 1471 1399 1292 1255 1404 1807 1719 1663 1664 1141 
1372 1051 1195 1123 1013 1489 1368 1496 1737  903 1452 1428  990 1275 1049 1461 1769 1350 1063 1302 1193 1246 1604 1692 1125 1534 1456 1282 1791    0 1217 1566 1204 1583 1162 1622 1167  948 1090 1453 1518 1558 1285 1233 1210 1379 1543 1707 1170 1055 1564 1117 1654 1493 1792 1348 1043 1172 1663 1248 1011 1244 1028 1457 1290  964 1058 1003  970 1546 1370 1324 1164 1304 1467 1690 1689 1542 1371 1333 
1161  786 1162  810  793 1491 1054 1379 1528  865  993 1161  930  913  915 1180 1376 1128  765 1168  818 1005 1392 1305  849 1263 1237 1024 1422 1217    0 1198 1071 1182  993 1444 1124  827  843 1211 1250 1508 1152  700  887 1199 1288 1216  786  804 1329  816 1429 1496 1372 1157  698  716 1316 1226  735  914  939 1129  797  762  939  885  949 1062 1127 1048  949 1121  990 1236 1130 1422 1367  957 
1439  921 1438 1304  993 1557 1432 1464 1662 1127 1378 1432 1246 1429 1090 1694 1406 1306 1163 1353  969 1285 1443 1500 1226 1489 1377 1339 1698 1566 1198    0 1370 1607 1417 1475 1328  978 1040 1252 1723 1556 1298 1049 1405 1400 1731 1654 1187 1223 1536  994 1493 1760 1712 1078  996 1160 1548 1377 1184 1233 1213 1407  863 1082 1016 1212  967 1156 1371 1252 1217 1215 1244 1687 1488 1638 1358 1367 
1156  684  956  914  808 1326 1154 1496 1148  922 1221  939  692 1111  689 1229 1539 1184  957  953  943  982 1240 1528  733 1305 1226  912 1410 1204 1071 1370    0 1289  933 1321 1186  774  807 1127 1317 1343 1189  801 1123 1065 1207 1437  748  878 1309  756 1375 1280 1328 1135  900  713 1308 1227  748  670  798  971 1027  800  932  837  871 1104  924 1072 1009 1096 1000 1339 1449 1436 1464 1222 
1191 1115 1322 1096  952 1565 1490 1576 1791 1094 1400 1337  908 1560 1167 1713 1560 1208 1111 1201 1245 1386 1749 1483 1045 1669 1315 1239 1562 1583 1182 1607 1289    0 1402 1646 1366 1036  940 1414 1605 1579 1138 1025 1256 1136 1725 1716 1211 1040 1624 1057 1558 1740 1700 1270 1217 1108 1499 1451  978 1032 1233 1452 1160 1175 1217 1155 1028 1487 1303 1430 1333 1403 1337 1428 1431 1686 1579 1302 
1176  843 1041  694  953 1358 1009 1399 1449  663  966 1116  796  972  731 1161 1193  959  836  972  856 1058 1414 1406  971 1326 1198  984 1462 1162  993 1417  933 1402    0 1231 1111  943  768 1003 1254 1292  979  803 1054 1069 1305 1400  856  928 1233  773 1413 1342 1231 1290  706  932 1224 1261  881  776  844 1173  774  887  676  753  824 1255  896 1191 1103 1217  938 1169 1343 1256 1330 1041 
1255  933 1347 1024 1041 1656 1514 1628 1523 1144 1338 1409 1085 1409 1111 1544 1745 1555 1080 1115 1042 1344 1584 1475  874 1542 1300 1079 1628 1622 1444 1475 1321 1646 1231    0 1297  999 1010 1414 1505 1674 1369 1030 1291 1255 1862 1786  907 1096 1493 1059 1727 1708 1405 1588  982  886 1658 1369 1147 1155 1180 1240 1029  895 1153 1109 1102 1343 1425 1315 1331 1555 1292 1485 1847 1492 1505 1334 
1063  867 1127  929  785 1387 1093 1295 1327  725 1140 1089  807  873  966 1313 1296  996  903 1076  939 1035 1254 1237  793 1350 1124  973 1386 1167 1124 1328 1186 1366 1111 1297    0  965  683 1073 1413 1293 1156  813  934 1198 1207 1511  913  772 1311  671 1368 1244 1280  896  803  649 1136 1278  724  853  938 1018  895  787  827  889  866  974 1126 1198 1088 1113 1175 1445 1435 1259 1293 1026 
 931  487  815  514  531 1292  987 1088  987  674  944  894  570  685  471 1081  993  648  622  749  449  884 1072  945  669 1052  842  922 1044  948  827  978  774 1036  943  999  965    0  625  881  918  908  731  439  907  722 1101 1076  492  605  973  524 1012  916  957  797  542  643 1281  788  454  605  468  883  679  649  410  465  522  732  893  745 1004  892  837  963  955  990 1198  905 
 930  465  707  596  483 1114  835  977 1164  629  760  707  542  817  428  941 1040  945  525  805  583  804 1199  931  448 1204  884  869  974 1090  843 1040  807  940  768 1010  683  625    0  864 1247 1077  907  692  883  709 1107 1192  446  609 1119  670 1221  926 1237  807  613  515 1076  710  499  631  534  647  428  676  645  584  640  691  654  652  825  780  894 1151 1119 1145 1000  741 
1130  725 1092  844  809 1346 1040 1324 1151  687 1166 1067  742 1100  735 1397 1375 1072  722  987  946 1016 1435 1513  869 1497 1219 1102 1272 1453 1211 1252 1127 1414 1003 1414 1073  881  864    0 1363 1381  989  843 1039 1049 1271 1445  818  697 1451  879 1194 1247 1202 1205  905  844 1379 1261  818  873  694 1122  973  791  984  910  716 1066 1226  956  942 1057 1133 1535 1273 1381 1319  975 
1490 1093 1343  975 1033 1581 1336 1642 1405 1137 1253 1267 1079 1250  833 1644 1432 1152 1063 1215 1050 1387 1294 1723  894 1357 1308 1263 1601 1518 1250 1723 1317 1605 1254 1505 1413  918 1247 1363    0 1717 1219 1169 1315 1402 1800 1445 1144  957 1600  974 1618 1731 1758 1354  998 1256 1606 1417 1170 1132 1195 1290 1156  894 1188 1046  992 1396 1219 1179 1341 1276 1477 1824 1532 1518 1659 1209 
1084 1240 1241 1042  858 1721 1346 1631 1762 1246 1427 1352 1051 1508 1125 1705 1593 1433 1151 1347 1106 1599 1609 1610 1071 1605 1384 1328 1744 1558 1508 1556 1343 1579 1292 1674 1293  908 1077 1381 1717    0 1077 1097 1400 1200 1544 1602 1024 1110 1524 1120 1575 1560 1735 1168  930 1311 1661 1443 1039  865 1056 1248 1178 1176 1139 1004 1205 1439 1483 1374 1498 1350 1384 1635 1717 1583 1550 1355 
1015  845 1003  769  771 1354 1067 1297 1441  781  944 1080  925 1021  822 1159 1366 1114  825 1110  881 1265 1396 1413  637 1269  981  958 1484 1285 1152 1298 1189 1138  979 1369 1156  731  907  989 1219 1077    0  728 1088 1159 1505 1336  710  885 1364  840 1462 1372 1325 1068  753  683 1244 1147  878  747  803 1051  864  963  989  948  906 1117 1004 1100 1152 1264 1140 1223 1496 1252 1204 1053 
 736  404  921  546  438 1139  857  984 1214  607  813  926  561  860  542 1045 1164  724  644  796  623  722 1139  980  520 1141  769  918 1134 1233  700 1049  801 1025  803 1030  813  439  692  843 1169 1097  728    0  911  759  956 1011  402  471 1185  527 1004 1189 1050  874  637  447  863  679  458  503  428  756  529  620  648  632  627  912  763  672  792  791  690 1111 1225  867 1157  934 
1003  776 1119  903  710 1366  966 1433 1381  785  994 1140  857  985  676 1465 1284  968  882  998  842  998 1304 1112  930 1307 1038 1002 1235 1210  887 1405 1123 1256 1054 1291  934  907  883 1039 1315 1400 1088  911    0 1007 1339 1360  825  746 1322  699 1257 1294 1538 1220  918  772 1408 1057  755  793  915 1230  864  809  814  902 1008 1101 1136  971 1280 1009 1243 1247 1460 1381 1548 1106 
1205  681  996  876  939 1481 1174 1353 1363  983 1160 1080  700 1029  712 1196 1449  998  850 1232  856  901 1490 1401  730 1206  933 1191 1487 1379 1199 1400 1065 1136 1069 1255 1198  722  709 1049 1402 1200 1159  759 1007    0 1326 1291  816  766 1427  890 1288 1290 1133  978  710  744 1477 1185  856  718  692 1110  944  721  854  892  944 1177 1133 1102 1160 1177 1081 1433 1345 1159 1444 1102 
1280 1016 1363 1199 1237 1465 1166 1399 1584 1016 1568 1434  962 1439 1212 1460 1871 1432 1023 1426 1100 1118 1393 1583  990 1602 1395 1229 1459 1543 1288 1731 1207 1725 1305 1862 1207 1101 1107 1271 1800 1544 1505  956 1339 1326    0 1458 1158 1130 1713  978 1552 1438 1664 1432 1062 1022 1730 1485  871 1194 1061 1140 1220 1106 1186 1151  975 1135 1416 1372 1378 1326 1346 1766 1555 1516 1623 1366 
1467  892 1417  936  969 1455 1482 1736 1507 1021 1453 1430 1005 1451  997 1637 1673 1313 1177 1212 1143 1185 1686 1406  950 1783 1341 1440 1494 1707 1216 1654 1437 1716 1400 1786 1511 1076 1192 1445 1445 1602 1336 1011 1360 1291 1458    0 1052 1196 1705 1114 1691 1808 1446 1442  967 1091 1397 1318 1068 1015  971 1246  946 1079  886  936 1151 1360 1347 1334 1265 1287 1402 1448 1689 1753 1594 1462 
 829  497  702  706  671 1193  839  970 1032  648  750  940  636  753  590 1167 1000  730  436  973  558  796  976 1117  561 1105  800  703 1027 1170  786 1187  748 1211  856  907  913  492  446  818 1144 1024  710  402  825  816 1158 1052    0  674  973  644 1165 1165 1039  923  618  465 1236  871  595  615  584  960  501  589  632  413  483  854  707  626  909  928  778  923 1107 1100 1284  712 
 845  635  893  510  662 1023  709  938 1097  445  872  824  622  679  556 1093  998  612  515  929  489  801 1031  982  578  837  862  802  998 1055  804 1223  878 1040  928 1096  772  605  609  697  957 1110  885  471  746  766 1130 1196  674    0  931  611 1271  911 1192  873  398  416  919  829  623  513  439  769  487  386  623  496  617  695  909  753  827  824  869 1026 1159 1236 1181  858 
1466 1166 1390  958 1034 1689 1210 1653 1687 1102 1189 1211 1098 1205  996 1562 1383 1279  993 1547 1126 1345 1654 1489 1241 1520 1462 1461 1799 1564 1329 1536 1309 1624 1233 1493 1311  973 1119 1451 1600 1524 1364 1185 1322 1427 1713 1705  973  931    0 1109 1699 1560 1702 1218  998 1112 1749 1247 1145 1072 1204 1393  824 1142  877 1183  951 1243 1334 1179 1343 1331 1331 1547 1598 1451 1692 1517 
 770  412  936  552  483  899  825 1109 1170  447  701  895  653  751  678 1010 1038  676  665  922  609  888 1164 1076  458 1145  801  745 1223 1117  816  994  756 1057  773 1059  671  524  670  879  974 1120  840  527  699  890  978 1114  644  611 1109    0  955  925 1055  806  655  468 1025  690  461  522  456  700  542  489  549  632  579  724  784  862  877  840  852  899  994 1026  931  805 
1413 1010 1506 1005 1069 1458 1414 1646 1615  927 1398 1290 1098 1196 1082 1626 1465 1243 1197 1350 1036 1477 1724 1608 1071 1625 1551 1263 1467 1654 1429 1493 1375 1558 1413 1727 1368 1012 1221 1194 1618 1575 1462 1004 1257 1288 1552 1691 1165 1271 1699  955    0 1719 1490 1372 1056  899 1542 1579 1095 1099 1015 1392 1030 1008 1133 1098  873 1430 1235 1516 1229 1455 1345 1639 1697 1576 1806 1364 
1358  915 1248 1045  992 1500 1308 1407 1662 1026 1229 1306 1006 1482  955 1772 1596 1169 1095 1284  922 1313 1647 1734 1037 1486 1193 1201 1423 1493 1496 1760 1280 1740 1342 1708 1244  916  926 1247 1731 1560 1372 1189 1294 1290 1438 1808 1165  911 1560  925 1719    0 1828 1214  955 1152 1608 1492 1110 1014 1178 1356  960 1173 1127 1049 1168 1356 1528 1466 1442 1434 1541 1643 1545 1534 1486 1421 
1387  971 1486  943 1135 1567 1258 1727 1378 1002 1350 1444 1151 1263  972 1558 1642 1246 1111 1391  919 1550 1747 1784 1153 1445 1448 1371 1785 1792 1372 1712 1328 1700 1231 1405 1280  957 1237 1202 1758 1735 1325 1050 1538 1133 1664 1446 1039 1192 1702 1055 1490 1828    0 1314  930 1106 1561 1283 1192 1202 1102 1351 1231 1047 1155 1107  947 1324 1290 1155 1293 1268 1123 1473 1673 1478 1714 1287 
1125  819 1178  791  899 1256 1155 1306 1406  723 1114 1060  944 1079  812 1413 1112 1149  904 1282  723 1000 1249 1349  775 1355 1183 1139 1135 1348 1157 1078 1135 1270 1290 1588  896  797  807 1205 1354 1168 1068  874 1220  978 1432 1442  923  873 1218  806 1372 1214 1314    0  714  895 1220 1088  762  958  925 1188  732  782  877  742  790 1028 1037 1176 1157 1015 1097 1506 1287 1504 1133  937 
 834  664  776  662  424 1106  809  964 1064  483  835  862  457  919  420  943 1036  869  552  691  616  971  960 1048  527 1029  944  645 1069 1043  698  996  900 1217  706  982  803  542  613  905  998  930  753  637  918  710 1062  967  618  398  998  655 1056  955  930  714    0  607  937  800  531  512  543  998  499  638  529  599  697  752  775  856  760  831  785 1176 1094 1083  863  931 
 798  689  913  618  471 1014  756 1121 1040  454  911  646  543  716  549 1035  886  701  427  827  418  776 1069 1218  520 1188  855  667  919 1172  716 1160  713 1108  932  886  649  643  515  844 1256 1311  683  447  772  744 1022 1091  465  416 1112  468  899 1152 1106  895  607    0  925  964  448  588  602  938  665  440  460  466  649  793  843  777  751  912  728 1243 1189 1258 1161  845 
1441 1079 1324 1133 1074 1532 1297 1557 1684 1205 1308 1566  977 1296  971 1486 1519 1433 1167 1501 1019 1360 1441 1725 1082 1559 1353 1252 1639 1663 1316 1548 1308 1499 1224 1658 1136 1281 1076 1379 1606 1661 1244  863 1408 1477 1730 1397 1236  919 1749 1025 1542 1608 1561 1220  937  925    0 1581  963  996 1141 1441 1115 1097 1103  979 1084 1287 1352 1166 1377 1143 1473 1595 1637 1386 1628 1473 
1005  808 1138  751  850 1347 1016 1446 1469  727 1155 1100  871 1090  673 1168 1208  970  762 1070  844 1100 1251 1370  685 1363 1126 1119 1289 1248 1226 1377 1227 1451 1261 1369 1278  788  710 1261 1417 1443 1147  679 1057 1185 1485 1318  871  829 1247  690 1579 1492 1283 1088  800  964 1581    0  839  714  762 1013  749  655  665  925  741 1001 1055 1064 1042 1181 1169 1340 1374 1488 1423 1081 
 680  527  942  643  406 1014  640 1034 1038  572  903  861  605  727  517  997 1176  945  396  729  637  749 1121 1207  498 1066  855  877  929 1011  735 1184  748  978  881 1147  724  454  499  818 1170 1039  878  458  755  856  871 1068  595  623 1145  461 1095 1110 1192  762  531  448  963  839    0  576  475  799  477  546  629  506  681  881  806  929  839  664  850 1111 1101 1170 1168  721 
 829  658  748  511  535  909  672 1129 1137  611  878  920  496  785  444  914  955  796  439  643  446  939 1227 1078  496  951  905  885 1062 1244  914 1233  670 1032  776 1155  853  605  631  873 1132  865  747  503  793  718 1194 1015  615  513 1072  522 1099 1014 1202  958  512  588  996  714  576    0  550  821  629  597  581  665  584  677  788  782  819  795  807 1029 1015  986 1089  953 
 791  576  819  622  542 1193  880 1015 1062  470  815  721  644  915  632 1034  996  790  603  954  525  713 1285 1211  511 1092  765  953 1023 1028  939 1213  798 1233  844 1180  938  468  534  694 1195 1056  803  428  915  692 1061  971  584  439 1204  456 1015 1178 1102  925  543  602 1141  762  475  550    0  736  672  431  525  676  685  841  870  701  765  782  793 1070 1120 1034 1027  814 
1167  922 1282  788  907 1241 1014 1389 1339  860 1017 1048  861 1157  864 1135 1154 1111  738 1167  868 1180 1501 1291  786 1290  944 1029 1457 1457 1129 1407  971 1452 1173 1240 1018  883  647 1122 1290 1248 1051  756 1230 1110 1140 1246  960  769 1393  700 1392 1356 1351 1188  998  938 1441 1013  799  821  736    0  796  769  743  825  775 1228  894 1248 1239  951 1143 1306 1446 1413 1244 1053 
 900  442  872  466  497 1156  766 1005 1229  570  887  784  507  706  528 1179 1110  748  590  838  556  952 1045 1157  410  951  730  865 1141 1290  797  863 1027 1160  774 1029  895  679  428  973 1156 1178  864  529  864  944 1220  946  501  487  824  542 1030  960 1231  732  499  665 1115  749  477  629  672  796    0  444  498  495  434  786  909  872  776  758  880 1164 1136 1059  979  937 
 843  394  831  573  625 1088  853 1051 1079  530  750  874  553  855  517 1053 1120  919  549  795  479  874 1059 1044  450 1162  817  888  949  964  762 1082  800 1175  887  895  787  649  676  791  894 1176  963  620  809  721 1106 1079  589  386 1142  489 1008 1173 1047  782  638  440 1097  655  546  597  431  769  444    0  469  577  556  801  717  767  749  779  750 1076 1109 1251  987  846 
 701  472  972  435  618 1014  836 1020 1235  459  737  810  593  962  650 1018 1024  910  499  909  550  857 1094  992  492 1083  722  863 1089 1058  939 1016  932 1217  676 1153  827  410  645  984 1188 1139  989  648  814  854 1186  886  632  623  877  549 1133 1127 1155  877  529  460 1103  665  629  581  525  743  498  469    0  636  566  699  857  793  705  821  885  941 1067 1040 1065  952 
 714  673  939  600  671  974  693  929 1134  439  767  818  522  879  517 1117 1101  811  476  939  441  881 1016 1001  401 1116  800  844  961 1003  885 1212  837 1155  753 1109  889  465  584  910 1046 1004  948  632  902  892 1151  936  413  496 1183  632 1098 1049 1107  742  599  466  979  925  506  665  676  825  495  577  636    0  439  791  788  774  800  879  853 1011 1055 1093 1090  895 
 799  634  956  470  513 1096  935  827 1066  486  788  843  549  756  654  954 1270  698  566  872  496  846 1220 1096  469  963  982  865 1276  970  949  967  871 1028  824 1102  866  522  640  716  992 1205  906  627 1008  944  975 1151  483  617  951  579  873 1168  947  790  697  649 1084  741  681  584  685  775  434  556  566  439    0  851  767  948  739  866  930 1221 1179 1101 1054  780 
 912  787 1088  818  982 1212 1133 1378 1434  875 1064 1146  767 1192  751 1364 1334 1193  940 1012  786 1140 1389 1354  896 1253 1089 1291 1418 1546 1062 1156 1104 1487 1255 1343  974  732  691 1066 1396 1439 1117  912 1101 1177 1135 1360  854  695 1243  724 1430 1356 1324 1028  752  793 1287 1001  881  677  841 1228  786  801  699  791  851    0 1138 1084 1218  954 1002 1337 1338 1142 1292 1025 
1187  866 1069  856  735 1487 1189 1441 1204  755 1218 1171  808 1062  834 1327 1233 1140  742 1102  799 1058 1413 1507  849 1267  984  935 1471 1370 1127 1371  924 1303  896 1425 1126  893  654 1226 1219 1483 1004  763 1136 1133 1416 1347  707  909 1334  784 1235 1528 1290 1037  775  843 1352 1055  806  788  870  894  909  717  857  788  767 1138    0  996 1145 1124 1265 1252 1216 1358 1318  968 
1071  645 1134  980  847 1467 1001 1316 1218  801  956 1242  764 1141  760 1300 1436 1062  827  927  736 1232 1396 1409  927 1451 1185 1161 1399 1324 1048 1252 1072 1430 1191 1315 1198  745  652  956 1179 1374 1100  672  971 1102 1372 1334  626  753 1179  862 1516 1466 1155 1176  856  777 1166 1064  929  782  701 1248  872  767  793  774  948 1084  996    0 1251 1085 1203 1254 1507 1340 1317 1093 
 967  811 1132  955  815 1135 1209 1319 1437  960  971  940  838 1021  775 1413 1209  958  632 1125  751 1128 1181 1216  785 1308 1156 1134 1292 1164  949 1217 1009 1333 1103 1331 1088 1004  825  942 1341 1498 1152  792 1280 1160 1378 1265  909  827 1343  877 1229 1442 1293 1157  760  751 1377 1042  839  819  765 1239  776  749  705  800  739 1218 1145 1251    0  995 1025 1273 1454 1178 1361 1171 
1222  680  933  814  841 1411 1186 1349 1258  857  953 1187  873 1185  725 1250 1495 1128  747 1002  966 1117 1350 1331  691 1429  937 1041 1255 1304 1121 1215 1096 1403 1217 1555 1113  892  780 1057 1276 1350 1264  791 1009 1177 1326 1287  928  824 1331  840 1455 1434 1268 1015  831  912 1143 1181  664  795  782  951  758  779  821  879  866  954 1124 1085  995    0 1059 1470 1431 1347 1479  992 
1252  814 1276  884  821 1340 1011 1357 1192  731 1107  994  780 1083  928 1322 1502 1224  733 1089  858 1022 1400 1273  839 1207 1024 1302 1404 1467  990 1244 1000 1337  938 1292 1175  837  894 1133 1477 1384 1140  690 1243 1081 1346 1402  778  869 1331  852 1345 1541 1123 1097  785  728 1473 1169  850  807  793 1143  880  750  885  853  930 1002 1265 1203 1025 1059    0 1448 1491 1531 1302 1064 
1434 1132 1200  940 1055 1645 1352 1611 1644  974 1203 1223 1109 1351 1188 1441 1581 1393 1062 1503 1125 1492 1879 1834  949 1612 1281 1178 1807 1690 1236 1687 1339 1428 1169 1485 1445  963 1151 1535 1824 1635 1223 1111 1247 1433 1766 1448  923 1026 1547  899 1639 1643 1473 1506 1176 1243 1595 1340 1111 1029 1070 1306 1164 1076  941 1011 1221 1337 1252 1254 1273 1470 1448    0 1546 1447 1632 1111 
1306 1122 1299 1160 1096 1522 1272 1556 1436 1157 1241 1362 1045 1273 1030 1514 1586 1232 1050 1517 1075 1284 1498 1524 1134 1663 1442 1181 1719 1689 1130 1488 1449 1431 1343 1847 1435  955 1119 1273 1532 1717 1496 1225 1460 1345 1555 1689 1107 1159 1598  994 1697 1545 1673 1287 1094 1189 1637 1374 1101 1015 1120 1446 1136 1109 1067 1055 1179 1338 1216 1507 1454 1431 1491 1546    0 1768 1717 1226 
1467 1068 1373 1047 1003 1677 1134 1788 1621  885 1357 1201 1113 1328 1221 1529 1614 1349 1020 1324  972 1259 1491 1709 1017 1561 1199 1293 1663 1542 1422 1638 1436 1686 1256 1492 1259  990 1145 1381 1518 1583 1252  867 1381 1159 1516 1753 1100 1236 1451 1026 1576 1534 1478 1504 1083 1258 1386 1488 1170  986 1034 1413 1059 1251 1040 1093 1101 1142 1358 1340 1178 1347 1531 1447 1768    0 1685 1259 
1235  962 1283  950 1099 1626 1509 1710 1514 1211 1141 1282 1201 1489 1234 1495 1563 1328 1079 1460 1003 1427 1549 1540  963 1521 1317 1367 1664 1371 1367 1358 1464 1579 1330 1505 1293 1198 1000 1319 1659 1550 1204 1157 1548 1444 1623 1594 1284 1181 1692  931 1806 1486 1714 1133  863 1161 1628 1423 1168 1089 1027 1244  979  987 1065 1090 1054 1292 1318 1317 1361 1479 1302 1632 1717 1685    0 1367 
 964  989 1123  825  837 1109 1047 1209 1345  926 1221  990  728 1008  814 1409 1304  981  745 1057  826 1123 1467 1426  757 1360 1113 1186 1141 1333  957 1367 1222 1302 1041 1334 1026  905  741  975 1209 1355 1053  934 1106 1102 1366 1462  712  858 1517  805 1364 1421 1287  937  931  845 1473 1081  721  953  814 1053  937  846  952  895  780 1025  968 1093 1171  992 1064 1111 1226 1259 1367    0 

   0  699 1052 1024 1168  628  613 1159 1077 1021  635  890 1140  969  752 1142 1045 1063  642  761  684  974  926  970 1139  823  712  734 1075  801  763  857 1019  741  680 1103 1163  842  988  681 1071 1112  877  813 1062  905  601  758 1057  615 1155 1166  946 1086 1000 1077 1117 1150 1197  660  620  697 1186  913  856  812  604  817  756 1118  648 1185  955  602  756  621 1070 1109 1011 1184 
 699    0  832  674 1019 1107 1022  945 1192  625  662  634 1016 1140  773  857  635  965  905  947 1151  871 1038  684 1092  671 1073  844 1032 1133  843 1153  639 1076 1151 1052  891 1084  758 1137  731  821  769  877  812 1196  699  824  778  940  639 1021  929  935 1183 1194 1079  833  955  995 1057 1036  831  921 1154  667  776 1115  989  616 1062  753  913  843  674  657  765  642  675 1084 
1052  832    0 1141 1119 1088  779 1084  951 1168  954 1152 1025 1060  630  921  724 1115 1182 1147 1196  863  671  984  932  977 1002  611 1136  859  682  876 1083  869  628  917  668  895  722 1097  795 1168 1069  602  719 1003 1018 1138 1129  745  643  726  673  864  625  739 1129  612  686 1053  770  963  643  680  685  705 1166 1109  648  867  615 1158 1165  648  757  818  650  706  868 1155 
1024  674 1141    0  736  775  723 1131 1119  846 1094 1086  812  901  722 1068  973  953  983  997  918  778  799 1128  692  650  667  964  887  786  830  762  756  814  845  815  943  974 1012  601  983  636  890 1189 1063  839  850  641  653 1157 1101  721  755  915  658  704  838  850  670  664 1125 1135 1159  839  724  734 1198  696  702  968  836  646  662  706 1069  977  751 1134  807  622 
1168 1019 1119  736    0  616  745  864  630  878 1170  957  722 1187  601 1168  801  914 1159 1035 1145  960  886  811  916  675  612  751  924 1191  681  752 1036  796  923  644  954  840  732  895  722 1069  887 1046 1160 1043  911  747  881  969  811  665  839  729 1106  843 1069  883  877  993  786  715  808 1018  625 1164  689  696  615  820  975  770  846  673  807  876  714  973 1003  862 
 628 1107 1088  775  616    0  778 1078 1160  854 1178  617  987  777  600  680  764 1198 1052  762  828  696  600  837  857 1063  708  688 1118 1134  958 1114  988  682 1124  748 1083  748 1129  936  730  943  965  957  741  619  608  813  732  739  717 1121 1073  602  726  848  797  901 1058  981 1079  672 1125  742 1033  751 1045 1115 1063  972 1165 1083  994  845 1074  684  675 1077 1040 1130 
 613 1022  779  723  745  778    0  810 1077  844  781 1061  791  642  647 1022  906 1181  836 1189  968  948  819 1114 1054  629  795  925  763  855  822 1192 1098 1154 1200  802  636  837  754  944 1007  647  625  952 1159  959 1134  730 1174  888  653 1194 1016  737  791  923  671  896 1030 1010  738  904 1132 1054  778  835 1020  919  656 1106 1176  940 1124  860  711  637  896  620  736 1096 
1159  945 1084 1131  864 1078  810    0 1194 1115  639  887  620  652 1186  718  800 1041  695  785  723  609  867 1136  707  927 1124 1124 1135 1006 1127  829 1108  942  874  652 1122  793  820 1119  797  716 1034  730  886  649 1001 1194 1144 1125 1184  967  756  894  928  655 1185  989  780  989 1051 1029  731  846  977  643 1064  716 1052  693  880 1175  985  872  735  889 1041  819  629  897 
1077 1192  951 1119  630 1160 1077 1194    0 1120 1190  663  824 1001  727  607 1145  967  847 1150 1041 1026  836  991  799  747  897  955  852  940 1107  949  950  725  682 1076 1028 1014  760 1052  635 1057  627  681 1161  605  676  646 1050  662  936 1053  653  948  880  724  695  746 1069  676 1155 1171  894  987  621  727  971 1081  825  939 1096 1039  816  967  925 1098  761  929 1130  857 
1021  625 1168  846  878  854  844 1115 1120    0  788  852 1037  915  701 1150 1094 1082  769 1012 1163  998  846  849  797  892  853  868 1083 1064  920  770 1097 1123 1164  602 1146  613 1116  855  837  645  981  654  889  651  985  941  631  750 1119  982 1079  973 1023  981 1096 1120 1047  681  914  827 1081  666  715 1142  686  914  880 1041 1070  881 1005  838  649  672 1146  841  667  990 
 635  662  954 1094 1170 1178  781  639 1190  788    0  872 1062 1153 1032 1063  663  997  982  717  805  728  666 1199  864 1148  914  667  608  968  760  664  686  743 1086  917  760  814  934 1191  978 1123  917  641 1166  768  908  660 1105 1066  969 1044 1186  901  980 1192  817  975  756 1152 1028 1132 1114  932  603 1184  789  848 1104 1183 1178  695 1194  744  814  936  748  977  982  935 
 890  634 1152 1086  957  617 1061  887  663  852  872    0  996  627  691  961  974  605  916  698 1047  805  817 1015 1176  764 1147  637  764 1083  692  614 1035 1066 1143  799 1162  680  610 1140  653  877 1049  817  954  668  888  610  648 1194  682  705  801  894  648  725  624 1164  652  772  601  977 1026 1022  851 1173 1190 1136 1193  611  706 1007 1033  941  905  702  770  702  708  896 
1140 1016 1025  812  722  987  791  620  824 1037 1062  996    0  928  645 1084  949 1193  972  896 1149  731  830  940  849  866 1161  714  958  757  613 1080  685 1087  886  769 1027  768  982  654  650  613 1174  912  715  642 1002  836  860  709 1070 1164  911  620  835 1199  904 1145  769  924 1161  919 1073  885 1101 1076  986  908  623 1106  673  688 1016  715 1114  985  617  665  904 1054 
 969 1140 1060  901 1187  777  642  652 1001  915 1153  627  928    0 1048  671 1031  865 1123  914  994  645  954  855 1072 1176 1046 1146  862  674  720 1112 1036  813 1132  795  803 1136  903  852  768  796  945  605  707  788 1159  633  687 1140  628  944  667  921 1020  676  720  857 1027 1131 1181 1145  841  665  632  929 1020  946 1161  949  884 1122  741  740  978  916  654  892 1134 1152 
 752  773  630  722  601  600  647 1186  727  701 1032  691  645 1048    0 1146  853  808  860  931  953 1050  751  785  714  734  862 1001  900  647 1095 1187  943  954 1088 1133 1142  935 1137 1081 1024  730 1071 1189  698  604 1076 1153 1112 1038  770  688 1177  997  767 1178  757  827 1126  723  659  764  824  870 1010 1134  683  856  661  959  603  678  838  900  790  840 1082  930  829  727 
1142  857  921 1068 1168  680 1022  718  607 1150 1063  961 1084  671 1146    0 1120  858  719  787  855  765  732  683 1154  894 1151  635  825  937 1080  895 1153  696  643  749  884 1177 1089  897 1039  833  902  740 1113 1073  613 1079  832 1087  943 1107 1049 1154  772  815  997  925  700  625  623 1149  748 1062  949  687  896  747  782 1163  650 1003 1099  610  992  735  776  863  744 1114 
1045  635  724  973  801  764  906  800 1145 1094  663  974  949 1031  853 1120    0  621 1197  775  809  729 1111 1104 1020 1106 1068  672  756 1109  760  951  843  730  773  703  730 1099  729 1034  646 1012  710  893 1129  965  708  977  670 1095  736  947  775  979  766 1091  839  909  954 1009  715  902  600  728  727  986 1044  775  776  858  921 1078  722  900  831  946  968  772  656  895 
1063  965 1115  953  914 1198 1181 1041  967 1082  997  605 1193  865  808  858  621    0  828  846  937  920 1143  794  827 1129  692  620  952  672  968  793  875 1040  903 1183 1100 1152 1110 1139  622 1196  943 1012  809  822  961  829  760 1031  626  764  706 1001  791  679  754 1050 1123 1181  965  673  689  628 1171  846 1031  631  699  610 1013  960 1069  689 1089  921  901  754  840 1138 
 642  905 1182  983 1159 1052  836  695  847  769  982  916  972 1123  860  719 1197  828    0 1051  834  635 1009  890 1147 1174  826  900  827  866  711  690  726  746  878  737  658  815 1198  889 1144  825 1112  816  725  700  925 1188  909  802  838  886  704  866  663  670  904  919  877  968  761  813 1117  877 1107 1002 1127  893 1079  604  726  732 1108 1115  635 1058  786  822 1166  944 
