90 4 16 1214

   0 1524 1205 1158  891  781  818 1344 1001 1258 1365 1291  992 1213  652 1046 1110  961 1054 1225 1336  770 1296  760 1363 1484  853  873 1094 1177 1227  937 1212  921  984 1016 1055 1062  998  707 1362 1159  745  717 1244 1327 1293  944  935 1110 1276 1024 1240 1395  723 1060 1416 1140 1124  829 1359  804 1305 1287 1195  717  867 1439  997  754 1040  884 1271 1213  807 1426  886  808 1085 1244 1022 1237 1344  828  957  778  826 1317  839 1267 
1524    0 1753 1261 1250 1247 1136 1641  957 1624 1591 1673 1254 1570  924 1446 1360 1286 1208 1167 1584 1152 1590  973 1579 1630 1012 1068 1262 1692 1408  980 1630 1197 1338 1344 1156 1478 1161  951 1698 1381  952  863 1233 1512 1637 1380 1417 1344 1770 1275 1386 1698  993 1304 1653 1346 1145 1011 1708 1006 1513 1694 1555 1053 1157 1649  949 1152 1373 1077 1770 1468 1116 1559  994 1092 1172 1436 1182 1252 1601 1181 1089  838  932 1761 1084 1735 
1205 1753    0 1405  886  970  909 1828  905 1682 1585 1676 1358 1343  966 1415 1508 1378 1202 1355 1870 1037 1544 1027 1592 1510  998  981 1167 1843 1609 1084 1622 1171 1242 1514 1450 1428 1259  983 1547 1381  967 1050 1569 1597 1912 1333 1313 1421 1735 1373 1367 1743 1078 1404 1624 1232 1575 1221 1736  906 1660 1545 1586 1017  975 1344  898 1197 1274 1187 1648 1372 1076 1530  965 1165 1307 1688 1313 1352 1735 1086 1170 1143  875 1754 1168 1525 
1158 1261 1405    0  932  879  673 1258  878 1213 1429 1311  955 1432  683 1125 1150 1170 1294 1003 1432  949 1404  800 1402 1280  781  883 1105 1459 1163  938 1501  908 1073 1037 1060 1202 1068  650 1490 1176  788  820  991 1366 1338 1012 1151 1103 1193 1238 1248 1392  823  952 1238  973 1175  747 1322  716 1324 1437 1237  697  842 1114  780  990 1040  943 1249 1120  761 1220  820  777 1228 1366  969 1151 1219  830  816  855  771 1330  669 1278 
 891 1250  886  932    0  521  682 1231  424  922 1087 1180  856 1188  517  892  770  836  791  719 1124  526  996  463  912 1089  558  432  790  986 1096  523 1079  536  747  818  920  694  942  550 1039  835  620  640  796  991 1129  738  941  870 1140  867  907 1058  471  904  912  722  942  651 1061  574 1124  933  901  476  652 1261  466  516  789  399  975  758  448 1011  601  401  893 1095  704  936 1254  490  458  496  480 1174  610 1040 
 781 1247  970  879  521    0  610 1053  427 1103 1048 1048  949 1155  574  665  728  802  686  898 1037  453 1144  558  929 1246  445  616  659 1217 1159  644 1180  507  734  754  730  849  753  596 1058  679  459  593  760  861  962  872  898  894 1221  866  855 1083  572  787 1216  861  770  529 1126  624 1000 1136  969  553  455  937  641  597  918  483 1042  861  540  854  597  502  745 1201  931  686  993  493  406  551  602 1013  469 1167 
 818 1136  909  673  682  610    0 1119  646  874 1190 1035  782  941  535  875  748  808  726  826  977  451 1141  590  997  922  642  474  972 1000  978  693  878  556  805  887  698  865  881  615 1008  783  693  430  838  988 1087  831  823  788 1011  688  814 1084  567  919 1054  942  717  541 1114  499 1079 1138 1137  465  583 1044  460  657  648  504 1033  731  529 1087  708  639  938  924  734  843 1057  562  572  401  652 1068  583  899 
1344 1641 1828 1258 1231 1053 1119    0 1228 1632 1730 1695 1162 1634  978 1397 1363 1308 1447 1343 1661 1074 1586  953 1733 1570 1267 1005 1344 1549 1620 1229 1638 1097 1251 1463 1577 1502 1409 1100 1562 1409  951  903 1390 1569 1476 1318 1131 1289 1740 1530 1389 1535  984 1526 1404 1254 1328 1137 1708 1296 1500 1652 1447 1163 1071 1485 1076 1061 1346 1205 1451 1275  994 1542 1044  942 1312 1621 1417 1334 1452 1137 1151  961  898 1735 1058 1622 
1001  957  905  878  424  427  646 1228    0  990 1154  940  738 1163  587  775  962  906  770  804 1172  498 1011  641  923 1143  447  562  748  961  953  424  938  557  780  719  754  817  672  555 1010  959  656  636  838 1009 1014  770  751  905  953  688  768 1036  700  856 1233  735  739  452 1054  650 1028  944 1043  544  431 1035  628  446  853  591 1154  862  481 1149  539  630  792  927  709  820 1121  481  444  455  493 1132  650 1020 
1258 1624 1682 1213  922 1103  874 1632  990    0 1690 1560 1319 1544 1067 1350 1400 1294 1182 1440 1471  971 1588 1138 1560 1736 1127 1148 1328 1663 1609 1160 1719 1036 1288 1130 1464 1233 1285 1135 1627 1362  984  909 1483 1548 1583 1343 1386 1365 1633 1455 1293 1758 1098 1079 1712 1323 1385 1188 1399  956 1719 1375 1580  971 1111 1751 1093 1256 1355 1192 1427 1450 1079 1360 1173 1214 1395 1538 1296 1364 1433 1102  901  986 1040 1429  928 1561 
1365 1591 1585 1429 1087 1048 1190 1730 1154 1690    0 1661 1384 1701 1161 1457 1398 1214 1493 1340 1609 1064 1567  894 1499 1843  860 1166 1459 1532 1607  912 1536  943 1370 1377 1304 1470 1280  949 1600 1444 1065  961 1213 1424 1588 1445 1332 1262 1591 1414 1196 1635 1009 1393 1442 1458 1478  970 1856  913 1506 1503 1661 1147  910 1600 1072 1069 1288  986 1511 1111  995 1750 1015 1215 1377 1499 1390 1522 1497 1245 1160 1018  961 1584 1127 1573 
1291 1673 1676 1311 1180 1048 1035 1695  940 1560 1661    0 1315 1723 1078 1309 1514 1522 1526 1363 1488 1046 1346  986 1480 1683 1296  900 1204 1778 1785 1068 1653 1141 1548 1534 1264 1266 1334  992 1623 1322 1014  839 1164 1392 1834 1303 1360 1299 1649 1360 1472 1497 1021 1448 1572 1356 1312 1025 1649 1115 1575 1583 1427 1130 1263 1446 1258 1163 1214 1105 1714 1341  995 1803 1011  883 1199 1658 1305 1223 1358 1023  982 1148 1162 1677 1112 1480 
 992 1254 1358  955  856  949  782 1162  738 1319 1384 1315    0 1353  886 1183 1054 1063 1037 1081 1466  834 1506  810 1538 1486  934  841 1080 1125 1353  767 1219  878 1101  997 1139 1102 1045  930 1383  922  845  833 1246 1388 1246 1142 1064 1185 1261 1165 1048 1266  764 1242 1392 1156 1183  811 1388  836 1425 1177 1450  871  919 1346  883  724  948  917 1388 1110  776 1401  941  791 1169 1403 1004 1162 1257  876  756  862  855 1470  798 1260 
1213 1570 1343 1432 1188 1155  941 1634 1163 1544 1701 1723 1353    0 1119 1205 1195 1277 1338 1247 1583 1105 1543 1018 1454 1667 1149  989 1416 1667 1731 1096 1658 1016 1464 1370 1387 1277 1326 1025 1390 1381 1073  909 1271 1496 1506 1302 1254 1278 1421 1479 1309 1358  920 1395 1505 1138 1278 1133 1593 1167 1625 1700 1558 1179 1266 1553 1011 1034 1456  998 1382 1150 1249 1650 1049 1075 1359 1542 1452 1208 1736 1129 1087 1016 1245 1610 1042 1694 
 652  924  966  683  517  574  535  978  587 1067 1161 1078  886 1119    0  757  851  699  855  727 1132  585  860  434 1290 1141  598  436  871 1028 1031  503 1029  641  732  918  731  820 1006  559  972  754  480  566  652 1151 1080  786  884  914 1036  802  888  881  619  628 1039  790  761  500 1055  634 1081  873 1078  537  405 1024  619  440  764  670 1016  897  506  926  486  610  831 1016  838  744 1092  450  410  451  673 1016  474  989 
1046 1446 1415 1125  892  665  875 1397  775 1350 1457 1309 1183 1205  757    0 1006 1054 1063 1098 1264  876 1206  833 1432 1592  820  967 1244 1329 1277  812 1381  982 1188 1112 1020  974 1133  683 1175 1180  737  976 1101 1387 1376 1107 1054 1126 1513 1226 1132 1337  809 1091 1442 1148  970  731 1292  861 1451 1406 1262  706  705 1444  721  756 1244  921 1178 1049  846 1317  828  845 1220 1319 1089 1136 1371  842  859  927  749 1554  856 1477 
1110 1360 1508 1150  770  728  748 1363  962 1400 1398 1514 1054 1195  851 1006    0 1034 1155 1116 1566  801 1348  852 1358 1409  872  724 1125 1375 1302  915 1147  764 1251 1170 1203  984 1110  851 1311 1044  847  838 1007 1139 1327  943 1009  963 1538 1232  943 1393  861 1193 1267 1035 1167  634 1303  730 1437 1313 1206  765  848 1438  676  806 1135  873 1288 1119  845 1361  888  793  975 1274 1039 1020 1366  927  616  985  763 1286  713 1236 
 961 1286 1378 1170  836  802  808 1308  906 1294 1214 1522 1063 1277  699 1054 1034    0 1037 1041 1403  869 1410  776 1188 1253  774  869 1139 1238 1268  806 1473  746 1025 1021 1139 1149 1149  880 1324  931  987  818 1007 1287 1488 1066 1190 1114 1426 1085  995 1419  717 1060 1226 1022 1047  745 1489  781 1356 1216 1475  749  983 1261  847  888 1009  984 1303 1234  918 1275  702  910 1199 1532 1154 1121 1497  731  813  780  769 1392  762 1362 
1054 1208 1202 1294  791  686  726 1447  770 1182 1493 1526 1037 1338  855 1063 1155 1037    0 1178 1289  918 1358  741 1283 1262  929  733 1055 1335 1387  755 1299  747 1211 1076 1126  996 1058  734 1354 1145  930  874 1063 1310 1428  946  974 1095 1132 1127 1195 1170  723 1234 1352 1263 1056  879 1070  851 1428 1385 1468  898  868 1365  813  900  988  826 1277 1074  791 1153  896  730  931 1271 1025 1002 1350  804  908  970  873 1356  925 1301 
1225 1167 1355 1003  719  898  826 1343  804 1440 1340 1363 1081 1247  727 1098 1116 1041 1178    0 1248  950 1234  672 1284 1406  816  919  924 1471 1496  748 1122  819 1141 1180 1080 1220 1264  904 1428 1137  727  743  934 1439 1518 1096 1153  989 1309 1054  979 1331  805  959 1255 1005  987  823 1418  943 1441 1204 1351  876  949 1418  936  690 1093  823 1269 1043  827 1504  662  782 1216 1366 1091 1173 1325  732  796  690  663 1214  710 1230 
1336 1584 1870 1432 1124 1037  977 1661 1172 1471 1609 1488 1466 1583 1132 1264 1566 1403 1289 1248    0 1116 1412  899 1760 1640  869 1246 1217 1350 1597 1173 1721 1067 1469 1226 1338 1090 1367 1004 1521 1218 1083 1031 1404 1538 1640 1248 1351 1375 1434 1227 1210 1629 1197 1111 1570 1350 1168 1119 1696 1178 1797 1662 1380 1063 1128 1629  978 1122 1473  994 1592 1121 1057 1593 1054 1078 1488 1561 1394 1254 1466 1156 1154 1006 1202 1487 1024 1358 
 770 1152 1037  949  526  453  451 1074  498  971 1064 1046  834 1105  585  876  801  869  918  950 1116    0 1038  622  990 1053  575  512  804  958 1036  413 1029  529  970  715  722  670  998  432 1189  714  584  486  709 1223 1046  887  660  964  895  773  771  933  611  848 1216  934  910  499  938  461 1155 1175 1151  477  601  995  553  386  912  404 1112  921  443 1106  467  664  813 1280  828  904  924  516  468  497  565 1002  525  949 
1296 1590 1544 1404  996 1144 1141 1586 1011 1588 1567 1346 1506 1543  860 1206 1348 1410 1358 1234 1412 1038    0 1191 1504 1580 1115 1205 1358 1516 1484  934 1628 1195 1403 1292 1447 1314 1299  991 1548 1296  959 1014 1270 1584 1736 1354 1277 1362 1658 1273 1416 1556 1034 1362 1599 1375 1373 1016 1640  869 1784 1881 1644 1201  901 1485 1037 1068 1361 1191 1455 1585 1143 1594  907  884 1477 1492 1157 1296 1409 1045 1101  895  862 1675 1175 1789 
 760  973 1027  800  463  558  590  953  641 1138  894  986  810 1018  434  833  852  776  741  672  899  622 1191    0  964 1127  446  619  884  974 1141  430 1228  689  851  810  898  734  885  595 1017  767  413  556  845 1263  954  723  981  734 1116  798  743 1063  607  978  993  875  723  474  947  541 1038 1079 1093  669  513 1162  685  539  692  572 1204  860  512  933  551  402  857  977  734  828 1036  415  521  464  596 1087  569 1094 
1363 1579 1592 1402  912  929  997 1733  923 1560 1499 1480 1538 1454 1290 1432 1358 1188 1283 1284 1760  990 1504  964    0 1638  901  929 1242 1630 1715 1168 1690 1233 1147 1408 1463 1420 1332 1149 1705 1331  990 1075 1295 1641 1486 1235 1288 1427 1687 1495 1337 1457 1068 1362 1318 1410 1364 1092 1646  832 1571 1595 1385 1197 1196 1613  934 1157 1301 1026 1738 1316 1193 1595 1258 1116 1206 1870 1288 1322 1821 1121  938 1125  930 1749 1025 1371 
1484 1630 1510 1280 1089 1246  922 1570 1143 1736 1843 1683 1486 1667 1141 1592 1409 1253 1262 1406 1640 1053 1580 1127 1638    0 1078 1181 1117 1904 1635 1020 1540 1008 1336 1333 1179 1342 1284 1185 1596 1205 1098  973 1179 1678 1445 1315 1226 1367 1713 1338 1284 1413 1062 1389 1611 1358 1259  881 1792 1156 1686 1633 1560 1248 1038 1658 1081 1115 1314 1120 1577 1297  975 1522 1107 1006 1166 1576 1310 1369 1708 1132 1067  962 1174 1473 1100 1467 
 853 1012  998  781  558  445  642 1267  447 1127  860 1296  934 1149  598  820  872  774  929  816  869  575 1115  446  901 1078    0  422  814 1119 1008  620  916  531  994  793  692  799  835  581 1146  927  677  620  783 1032 1087  873  737  757 1097  828  771 1140  648  854  987  901  724  605 1086  480 1271  940  991  407  424 1207  500  596  734  685 1013  833  416  980  443  629  747 1166  865  888  977  641  579  528  541 1202  455 1038 
 873 1068  981  883  432  616  474 1005  562 1148 1166  900  841  989  436  967  724  869  733  919 1246  512 1205  619  929 1181  422    0  710 1183 1117  541 1080  478  846  926  844  795  655  433  884  933  639  563  818  870  939  754  812  735 1176  831  874 1145  605  782 1044  788  676  651  979  433 1164 1096  998  669  427 1175  602  459  810  652  976  678  625 1039  587  492  909 1019  737  861 1052  663  526  493  528 1089  612 1056 
1094 1262 1167 1105  790  659  972 1344  748 1328 1459 1204 1080 1416  871 1244 1125 1139 1055  924 1217  804 1358  884 1242 1117  814  710    0 1182 1265  831 1191  751 1105 1186  995 1148 1015  832 1268 1197  881  779 1039 1477 1287 1118  995 1022 1305 1216  895 1373  778 1063 1369 1175 1009  621 1259  859 1155 1314 1235  800  882 1425  693  919 1160  828 1223  929  704 1315  854  983  973 1198 1011 1063 1297  758  719  779  711 1255  916 1236 
1177 1692 1843 1459  986 1217 1000 1549  961 1663 1532 1778 1125 1667 1028 1329 1375 1238 1335 1471 1350  958 1516  974 1630 1904 1119 1183 1182    0 1550  942 1570 1223 1346 1271 1325 1259 1309 1165 1580 1334 1208 1212 1352 1721 1859 1231 1200 1204 1382 1437 1220 1742 1060 1317 1421 1351 1369 1004 1349 1118 1723 1707 1585  932 1224 1443 1042 1218 1236 1138 1445 1137 1151 1726  959 1150 1382 1621 1486 1452 1440 1139 1159  840 1215 1481 1088 1465 
1227 1408 1609 1163 1096 1159  978 1620  953 1609 1607 1785 1353 1731 1031 1277 1302 1268 1387 1496 1597 1036 1484 1141 1715 1635 1008 1117 1265 1550    0 1197 1689  950 1250 1274 1458 1254 1356 1011 1622 1258 1171  998 1076 1775 1691 1393 1330 1429 1608 1477 1340 1572 1095 1296 1706 1491 1355  896 1576  935 1688 1726 1757  950  957 1580  992 1196 1337 1175 1430 1324 1249 1657 1047 1122 1269 1571 1288 1379 1640 1281 1083 1229  949 1624 1121 1524 
 937  980 1084  938  523  644  693 1229  424 1160  912 1068  767 1096  503  812  915  806  755  748 1173  413  934  430 1168 1020  620  541  831  942 1197    0 1181  475  858  765  762  879  805  437 1184  796  562  668  908 1096 1111  862  693  768 1242  839  961  983  562  845  855  975  810  447 1141  520  847 1047 1007  571  404 1046  691  525  768  503 1047  993  629 1063  658  495  695 1058  817  897 1154  375  395  562  483 1089  543  915 
1212 1630 1622 1501 1079 1180  878 1638  938 1719 1536 1653 1219 1658 1029 1381 1147 1473 1299 1122 1721 1029 1628 1228 1690 1540  916 1080 1191 1570 1689 1181    0 1209 1450 1291 1397 1349 1458 1188 1507 1278 1088 1013 1214 1792 1531 1411 1226 1147 1642 1334 1493 1581 1046 1291 1548 1326 1344 1061 1684 1055 1498 1447 1598 1022  920 1624 1138 1114 1410 1028 1466 1172 1124 1568  974  966 1302 1369 1309 1334 1540 1206 1013  964  924 1721 1124 1404 
 921 1197 1171  908  536  507  556 1097  557 1036  943 1141  878 1016  641  982  764  746  747  819 1067  529 1195  689 1233 1008  531  478  751 1223  950  475 1209    0  759  877  873  738  917  635 1000  704  578  458  806  947 1074  732  945  830 1255  754  902  933  520  789 1201  809  782  690 1132  591 1138 1083  948  635  446 1054  556  635  725  444 1115  805  662 1143  530  693  712  991  921  814  934  521  412  491  458  882  491 1060 
 984 1338 1242 1073  747  734  805 1251  780 1288 1370 1548 1101 1464  732 1188 1251 1025 1211 1141 1469  970 1403  851 1147 1336  994  846 1105 1346 1250  858 1450  759    0  953 1188  956  979  888 1224 1202  897  897 1218 1440 1344  994 1127 1200 1171 1082 1057 1133  941 1046 1217  951 1117  701 1292  914 1290 1456 1349  783  977 1323  789  908 1008  722 1552  998  972 1381  831  748 1061 1298 1029  964 1288  956  893  721  954 1449  806 1266 
1016 1344 1514 1037  818  754  887 1463  719 1130 1377 1534  997 1370  918 1112 1170 1021 1076 1180 1226  715 1292  810 1408 1333  793  926 1186 1271 1274  765 1291  877  953    0 1088 1061 1220  742 1298 1205  830  903 1170 1465 1387 1089 1043 1003 1318  964 1047 1350  928  988 1380 1095 1126  689 1240  845 1304 1336 1403  859  843 1301  817  895 1040  815 1222 1132  849 1302  712  825  980 1496  962 1173 1430  871  873  835  887 1452  951 1331 
1055 1156 1450 1060  920  730  698 1577  754 1464 1304 1264 1139 1387  731 1020 1203 1139 1126 1080 1338  722 1447  898 1463 1179  692  844  995 1325 1458  762 1397  873 1188 1088    0 1226 1144  902 1414 1126  825  728 1047 1420 1358 1049 1118 1201 1375  942 1007 1258  963 1223 1331 1235 1071  694 1255  895 1391 1181 1411  931  896 1363  914  749 1225  781 1438  960  790 1289  954  999 1143 1338 1018 1158 1261  766  865  755  708 1240  667 1324 
1062 1478 1428 1202  694  849  865 1502  817 1233 1470 1266 1102 1277  820  974  984 1149  996 1220 1090  670 1314  734 1420 1342  799  795 1148 1259 1254  879 1349  738  956 1061 1226    0 1190  737 1393 1080  711  693 1062 1248 1185 1208 1268 1052 1296 1014 1042 1196  864 1145 1194 1179 1225  809 1405  957 1350 1316 1402  889  806 1359  773  796 1155  848 1478 1277  901 1298  763  913 1116 1243 1034 1034 1303  943 1005  789  874 1370  878 1264 
 998 1161 1259 1068  942  753  881 1409  672 1285 1280 1334 1045 1326 1006 1133 1110 1149 1058 1264 1367  998 1299  885 1332 1284  835  655 1015 1309 1356  805 1458  917  979 1220 1144 1190    0  982 1211 1009  856  785  997 1304 1292 1199 1237 1256 1347 1121 1096 1340  800 1149 1233 1181  966  755 1358  806 1281 1203 1201  723  788 1361  738  917 1058  895 1233 1142  811 1278  808  973 1165 1113 1166 1206 1426  737  764  928  803 1282  779 1300 
 707  951  983  650  550  596  615 1100  555 1135  949  992  930 1025  559  683  851  880  734  904 1004  432  991  595 1149 1185  581  433  832 1165 1011  437 1188  635  888  742  902  737  982    0 1021  867  663  473  763 1130  921  735  904  961  934  867  794 1029  436  900 1082  965  736  611 1095  419 1055 1074 1210  641  450  945  603  467  788  440 1119  833  567 1137  453  567  648  940  661  815  944  422  505  535  491 1207  622  891 
1362 1698 1547 1490 1039 1058 1008 1562 1010 1627 1600 1623 1383 1390  972 1175 1311 1324 1354 1428 1521 1189 1548 1017 1705 1596 1146  884 1268 1580 1622 1184 1507 1000 1224 1298 1414 1393 1211 1021    0 1433 1182 1022 1364 1551 1554 1558 1381 1284 1467 1218 1476 1439 1141 1410 1519 1334 1266 1101 1660 1103 1651 1682 1750 1024 1170 1657  883  917 1446 1100 1805 1435 1030 1635  978 1036 1283 1488 1252 1363 1667 1007 1040 1072 1095 1490 1135 1585 
1159 1381 1381 1176  835  679  783 1409  959 1362 1444 1322  922 1381  754 1180 1044  931 1145 1137 1218  714 1296  767 1331 1205  927  933 1197 1334 1258  796 1278  704 1202 1205 1126 1080 1009  867 1433    0  781  760  960 1383 1446 1207 1064  993 1475 1085 1205 1506  866  936 1306 1104 1143  902 1364  672 1391 1555 1445  901  729 1241  649  689 1180  827 1263 1030  767 1394  995  939  938 1347 1207 1013 1464  898  825  794  811 1317  756 1413 
 745  952  967  788  620  459  693  951  656  984 1065 1014  845 1073  480  737  847  987  930  727 1083  584  959  413  990 1098  677  639  881 1208 1171  562 1088  578  897  830  825  711  856  663 1182  781    0  508  869 1102 1243  757  941  892 1061  934  883 1098  609  940 1166  882  852  661 1133  677  962  922 1059  631  468 1144  614  588  888  704 1184  810  414 1179  415  518  725  922  776  774 1115  513  639  403  456 1042  429 1034 
 717  863 1050  820  640  593  430  903  636  909  961  839  833  909  566  976  838  818  874  743 1031  486 1014  556 1075  973  620  563  779 1212  998  668 1013  458  897  903  728  693  785  473 1022  760  508    0  662 1107 1042  757  892  930 1121  653 1000 1017  660  950  995  768  781  520 1015  619 1153 1233 1102  518  571 1166  638  575  766  609  961  924  634 1161  522  583  901  962  654  782 1030  433  592  640  590 1124  442  957 
1244 1233 1569  991  796  760  838 1390  838 1483 1213 1164 1246 1271  652 1101 1007 1007 1063  934 1404  709 1270  845 1295 1179  783  818 1039 1352 1076  908 1214  806 1218 1170 1047 1062  997  763 1364  960  869  662    0 1322 1329 1189 1100 1006 1171 1190 1142 1115  761  984 1270 1164 1038  914 1200  919 1294 1427 1372  821  873 1294  869  760  974  647 1291 1262  744 1548  673  951 1090 1177 1153  970 1527  889  838  947  864 1371  731 1198 
1327 1512 1597 1366  991  861  988 1569 1009 1548 1424 1392 1388 1496 1151 1387 1139 1287 1310 1439 1538 1223 1584 1263 1641 1678 1032  870 1477 1721 1775 1096 1792  947 1440 1465 1420 1248 1304 1130 1551 1383 1102 1107 1322    0 1374 1363 1430 1340 1484 1382 1299 1543 1078 1308 1882 1376 1239  986 1777  997 1659 1755 1676 1176  980 1453  928  853 1380 1132 1779 1463 1166 1338  898  996 1310 1422 1337 1252 1724  966 1025 1168 1074 1580 1061 1567 
1293 1637 1912 1338 1129  962 1087 1476 1014 1583 1588 1834 1246 1506 1080 1376 1327 1488 1428 1518 1640 1046 1736  954 1486 1445 1087  939 1287 1859 1691 1111 1531 1074 1344 1387 1358 1185 1292  921 1554 1446 1243 1042 1329 1374    0 1347 1286 1240 1524 1352 1362 1609 1244 1449 1637 1358 1347 1029 1394  885 1566 1722 1524 1108 1035 1691 1014 1249 1430 1136 1523 1405 1023 1487 1013  919 1475 1761 1445 1340 1866 1028 1090 1195 1144 1713  912 1677 
 944 1380 1333 1012  738  872  831 1318  770 1343 1445 1303 1142 1302  786 1107  943 1066  946 1096 1248  887 1354  723 1235 1315  873  754 1118 1231 1393  862 1411  732  994 1089 1049 1208 1199  735 1558 1207  757  757 1189 1363 1347    0  977  986 1410 1061 1262 1603  906 1204 1313 1086 1275  808 1356  711 1150 1440 1417  949  708 1367  644  849 1138  844 1198 1021  763 1272  823  639 1083 1423  912 1207 1337  748  820  985  708 1243  819 1194 
 935 1417 1313 1151  941  898  823 1131  751 1386 1332 1360 1064 1254  884 1054 1009 1190  974 1153 1351  660 1277  981 1288 1226  737  812  995 1200 1330  693 1226  945 1127 1043 1118 1268 1237  904 1381 1064  941  892 1100 1430 1286  977    0 1112 1338 1040 1067 1420  707  925 1402 1119 1100  856 1376  903 1372 1356 1260  721  800 1454  934  966 1109  638 1510  924  858 1370  973  744 1204 1402 1198 1195 1192  663  748  836  853 1254  683 1547 
1110 1344 1421 1103  870  894  788 1289  905 1365 1262 1299 1185 1278  914 1126  963 1114 1095  989 1375  964 1362  734 1427 1367  757  735 1022 1204 1429  768 1147  830 1200 1003 1201 1052 1256  961 1284  993  892  930 1006 1340 1240  986 1112    0 1378 1000  956 1427  850 1158 1406 1063 1261  947 1121  732 1294 1219 1394  776  733 1321  743  795  869  757 1382 1176  983 1377  965  899  967 1556  964 1089 1335  939  861  702  716 1330  721 1229 
1276 1770 1735 1193 1140 1221 1011 1740  953 1633 1591 1649 1261 1421 1036 1513 1538 1426 1132 1309 1434  895 1658 1116 1687 1713 1097 1176 1305 1382 1608 1242 1642 1255 1171 1318 1375 1296 1347  934 1467 1475 1061 1121 1171 1484 1524 1410 1338 1378    0 1311 1195 1638  912 1454 1344 1504 1516 1138 1668 1245 1615 1613 1314  867 1089 1430 1130 1046 1392 1089 1368 1400 1029 1417 1071 1228 1479 1589 1316 1418 1665  947 1091 1163 1068 1543 1050 1565 
1024 1275 1373 1238  867  866  688 1530  688 1455 1414 1360 1165 1479  802 1226 1232 1085 1127 1054 1227  773 1273  798 1495 1338  828  831 1216 1437 1477  839 1334  754 1082  964  942 1014 1121  867 1218 1085  934  653 1190 1382 1352 1061 1040 1000 1311    0 1140 1457  751  995 1243 1116 1155  763 1279  857 1476 1253 1349  880  813 1386  891  833 1114  792 1095 1099  682 1301  808  892 1193 1375 1204 1168 1318  723  939  854  974 1409  731 1330 
1240 1386 1367 1248  907  855  814 1389  768 1293 1196 1472 1048 1309  888 1132  943  995 1195  979 1210  771 1416  743 1337 1284  771  874  895 1220 1340  961 1493  902 1057 1047 1007 1042 1096  794 1476 1205  883 1000 1142 1299 1362 1262 1067  956 1195 1140    0 1195  732  974 1357 1033 1139  804 1083  664 1225 1404 1282  826  672 1341  845  711 1009  776 1203 1021  848 1381  792  738 1028 1355 1003  963 1251  834  909  808  836 1377  708 1364 
1395 1698 1743 1392 1058 1083 1084 1535 1036 1758 1635 1497 1266 1358  881 1337 1393 1419 1170 1331 1629  933 1556 1063 1457 1413 1140 1145 1373 1742 1572  983 1581  933 1133 1350 1258 1196 1340 1029 1439 1506 1098 1017 1115 1543 1609 1603 1420 1427 1638 1457 1195    0  947 1219 1606 1268 1414 1024 1364 1007 1666 1490 1628 1171 1143 1609 1106  945 1247  952 1361 1388  874 1615  953 1131 1226 1471 1486 1396 1550 1000 1072 1098 1007 1794 1133 1415 
 723  993 1078  823  471  572  567  984  700 1098 1009 1021  764  920  619  809  861  717  723  805 1197  611 1034  607 1068 1062  648  605  778 1060 1095  562 1046  520  941  928  963  864  800  436 1141  866  609  660  761 1078 1244  906  707  850  912  751  732  947    0  707 1142  835  618  565 1141  434 1117  927 1183  642  680  933  556  534  834  534 1137  826  445 1177  483  533  724 1016  932  943  974  492  439  573  479  949  668 1195 
1060 1304 1404  952  904  787  919 1526  856 1079 1393 1448 1242 1395  628 1091 1193 1060 1234  959 1111  848 1362  978 1362 1389  854  782 1063 1317 1296  845 1291  789 1046  988 1223 1145 1149  900 1410  936  940  950  984 1308 1449 1204  925 1158 1454  995  974 1219  707    0 1478 1057 1068  737 1368  763 1251 1387 1369  862  861 1414  752  690 1075  870 1383 1216  914 1391  735  964 1068 1414 1096  982 1296  757  733  830  854 1441  816 1219 
1416 1653 1624 1238  912 1216 1054 1404 1233 1712 1442 1572 1392 1505 1039 1442 1267 1226 1352 1255 1570 1216 1599  993 1318 1611  987 1044 1369 1421 1706  855 1548 1201 1217 1380 1331 1194 1233 1082 1519 1306 1166  995 1270 1882 1637 1313 1402 1406 1344 1243 1357 1606 1142 1478    0 1393 1216 1094 1411  930 1692 1557 1430 1191  943 1733 1145  875 1362 1104 1606 1265  920 1703 1114  958 1388 1599 1323 1509 1549 1062 1172 1054 1025 1588 1161 1567 
1140 1346 1232  973  722  861  942 1254  735 1323 1458 1356 1156 1138  790 1148 1035 1022 1263 1005 1350  934 1375  875 1410 1358  901  788 1175 1351 1491  975 1326  809  951 1095 1235 1179 1181  965 1334 1104  882  768 1164 1376 1358 1086 1119 1063 1504 1116 1033 1268  835 1057 1393    0 1179  806 1261  738 1362 1325 1195  796  929 1374  788  737 1065  731 1302 1078  695 1143  743 1004 1048 1415 1073 1250 1220  672  812  980  679 1362  646 1350 
1124 1145 1575 1175  942  770  717 1328  739 1385 1478 1312 1183 1278  761  970 1167 1047 1056  987 1168  910 1373  723 1364 1259  724  676 1009 1369 1355  810 1344  782 1117 1126 1071 1225  966  736 1266 1143  852  781 1038 1239 1347 1275 1100 1261 1516 1155 1139 1414  618 1068 1216 1179    0  692 1405  735 1357 1275 1289  857  738 1501  893  791 1060  780 1252 1094  711 1284  732  729 1082 1361 1015 1282 1417  762  647  631  851 1287  905 1411 
 829 1011 1221  747  651  529  541 1137  452 1188  970 1025  811 1133  500  731  634  745  879  823 1119  499 1016  474 1092  881  605  651  621 1004  896  447 1061  690  701  689  694  809  755  611 1101  902  661  520  914  986 1029  808  856  947 1138  763  804 1024  565  737 1094  806  692    0 1180  606 1191  959  978  431  622  959  447  567  876  421 1079  863  570 1083  428  425  854 1113  724  736 1015  425  491  464  416 1002  607 1022 
1359 1708 1736 1322 1061 1126 1114 1708 1054 1399 1856 1649 1388 1593 1055 1292 1303 1489 1070 1418 1696  938 1640  947 1646 1792 1086  979 1259 1349 1576 1141 1684 1132 1292 1240 1255 1405 1358 1095 1660 1364 1133 1015 1200 1777 1394 1356 1376 1121 1668 1279 1083 1364 1141 1368 1411 1261 1405 1180    0  933 1460 1487 1756 1019  848 1774 1193 1040 1505 1191 1538 1379 1148 1630 1019  934 1396 1479 1401 1278 1707 1248 1197 1108 1127 1534 1107 1431 
 804 1006  906  716  574  624  499 1296  650  956  913 1115  836 1167  634  861  730  781  851  943 1178  461  869  541  832 1156  480  433  859 1118  935  520 1055  591  914  845  895  957  806  419 1103  672  677  619  919  997  885  711  903  732 1245  857  664 1007  434  763  930  738  735  606  933    0 1118 1155 1098  487  527 1040  668  512  765  444 1218  722  588 1069  573  483  720  962  819  893 1003  678  693  599  543  953  499 1037 
1305 1513 1660 1324 1124 1000 1079 1500 1028 1719 1506 1575 1425 1625 1081 1451 1437 1356 1428 1441 1797 1155 1784 1038 1571 1686 1271 1164 1155 1723 1688  847 1498 1138 1290 1304 1391 1350 1281 1055 1651 1391  962 1153 1294 1659 1566 1150 1372 1294 1615 1476 1225 1666 1117 1251 1692 1362 1357 1191 1460 1118    0 1570 1422 1103 1145 1595 1174 1000 1372 1032 1569 1466  891 1732  986 1317 1129 1667 1436 1415 1614 1020 1043 1029  959 1545 1055 1622 
1287 1694 1545 1437  933 1136 1138 1652  944 1375 1503 1583 1177 1700  873 1406 1313 1216 1385 1204 1662 1175 1881 1079 1595 1633  940 1096 1314 1707 1726 1047 1447 1083 1456 1336 1181 1316 1203 1074 1682 1555  922 1233 1427 1755 1722 1440 1356 1219 1613 1253 1404 1490  927 1387 1557 1325 1275  959 1487 1155 1570    0 1490 1071 1206 1401 1005 1104 1465 1128 1652 1308  888 1700  916 1130 1360 1392 1376 1574 1701  948 1060 1003  988 1450 1035 1652 
1195 1555 1586 1237  901  969 1137 1447 1043 1580 1661 1427 1450 1558 1078 1262 1206 1475 1468 1351 1380 1151 1644 1093 1385 1560  991  998 1235 1585 1757 1007 1598  948 1349 1403 1411 1402 1201 1210 1750 1445 1059 1102 1372 1676 1524 1417 1260 1394 1314 1349 1282 1628 1183 1369 1430 1195 1289  978 1756 1098 1422 1490    0  999  987 1666 1278 1025 1404 1240 1650 1412  942 1610 1166  974 1273 1574 1356 1318 1688  834  917  982 1197 1648 1092 1396 
 717 1053 1017  697  476  553  465 1163  544  971 1147 1130  871 1179  537  706  765  749  898  876 1063  477 1201  669 1197 1248  407  669  800  932  950  571 1022  635  783  859  931  889  723  641 1024  901  631  518  821 1176 1108  949  721  776  867  880  826 1171  642  862 1191  796  857  431 1019  487 1103 1071  999    0  566  854  424  412  850  454 1007  845  457  848  586  614  729 1053  700  900 1091  424  682  463  568 1074  579 1141 
 867 1157  975  842  652  455  583 1071  431 1111  910 1263  919 1266  405  705  848  983  868  949 1128  601  901  513 1196 1038  424  427  882 1224  957  404  920  446  977  843  896  806  788  450 1170  729  468  571  873  980 1035  708  800  733 1089  813  672 1143  680  861  943  929  738  622  848  527 1145 1206  987  566    0 1079  649  488  962  393 1093  759  636 1210  652  389  788 1011  936  820 1168  478  453  493  603 1146  623 1285 
1439 1649 1344 1114 1261  937 1044 1485 1035 1751 1600 1446 1346 1553 1024 1444 1438 1261 1365 1418 1629  995 1485 1162 1613 1658 1207 1175 1425 1443 1580 1046 1624 1054 1323 1301 1363 1359 1361  945 1657 1241 1144 1166 1294 1453 1691 1367 1454 1321 1430 1386 1341 1609  933 1414 1733 1374 1501  959 1774 1040 1595 1401 1666  854 1079    0 1079  886 1375 1164 1400 1090 1000 1473 1047 1092 1311 1558 1488 1190 1513  967  909  956 1144 1648 1179 1704 
 997  949  898  780  466  641  460 1076  628 1093 1072 1258  883 1011  619  721  676  847  813  936  978  553 1037  685  934 1081  500  602  693 1042  992  691 1138  556  789  817  914  773  738  603  883  649  614  638  869  928 1014  644  934  743 1130  891  845 1106  556  752 1145  788  893  447 1193  668 1174 1005 1278  424  649 1079    0  670  929  625 1167  894  667 1013  552  686  859 1065  778  832  989  683  549  568  467 1099  527  929 
 754 1152 1197  990  516  597  657 1061  446 1256 1069 1163  724 1034  440  756  806  888  900  690 1122  386 1068  539 1157 1115  596  459  919 1218 1196  525 1114  635  908  895  749  796  917  467  917  689  588  575  760  853 1249  849  966  795 1046  833  711  945  534  690  875  737  791  567 1040  512 1000 1104 1025  412  488  886  670    0  690  616 1010  742  570 1208  453  485  726 1067  930  716  969  369  509  456  636 1165  479 1226 
1040 1373 1274 1040  789  918  648 1346  853 1355 1288 1214  948 1456  764 1244 1135 1009  988 1093 1473  912 1361  692 1301 1314  734  810 1160 1236 1337  768 1410  725 1008 1040 1225 1155 1058  788 1446 1180  888  766  974 1380 1430 1138 1109  869 1392 1114 1009 1247  834 1075 1362 1065 1060  876 1505  765 1372 1465 1404  850  962 1375  929  690    0  933 1297 1145  779 1568  680  715 1044 1281 1235  961 1360  920  927  714  755 1259  776 1300 
 884 1077 1187  943  399  483  504 1205  591 1192  986 1105  917  998  670  921  873  984  826  823  994  404 1191  572 1026 1120  685  652  828 1138 1175  503 1028  444  722  815  781  848  895  440 1100  827  704  609  647 1132 1136  844  638  757 1089  792  776  952  534  870 1104  731  780  421 1191  444 1032 1128 1240  454  393 1164  625  616  933    0 1113  818  604  970  499  583  835  941  954  716 1253  683  487  621  458 1029  385  887 
1271 1770 1648 1249  975 1042 1033 1451 1154 1427 1511 1714 1388 1382 1016 1178 1288 1303 1277 1269 1592 1112 1455 1204 1738 1577 1013  976 1223 1445 1430 1047 1466 1115 1552 1222 1438 1478 1233 1119 1805 1263 1184  961 1291 1779 1523 1198 1510 1382 1368 1095 1203 1361 1137 1383 1606 1302 1252 1079 1538 1218 1569 1652 1650 1007 1093 1400 1167 1010 1297 1113    0 1511  962 1544 1172 1122 1239 1541 1426 1440 1707 1011  986 1236 1254 1446 1239 1598 
1213 1468 1372 1120  758  861  731 1275  862 1450 1111 1341 1110 1150  897 1049 1119 1234 1074 1043 1121  921 1585  860 1316 1297  833  678  929 1137 1324  993 1172  805  998 1132  960 1277 1142  833 1435 1030  810  924 1262 1463 1405 1021  924 1176 1400 1099 1021 1388  826 1216 1265 1078 1094  863 1379  722 1466 1308 1412  845  759 1090  894  742 1145  818 1511    0  650 1367  853  847 1100 1307 1048 1096 1250  896  745  890  774 1478  902 1398 
 807 1116 1076  761  448  540  529  994  481 1079  995  995  776 1249  506  846  845  918  791  827 1057  443 1143  512 1193  975  416  625  704 1151 1249  629 1124  662  972  849  790  901  811  567 1030  767  414  634  744 1166 1023  763  858  983 1029  682  848  874  445  914  920  695  711  570 1148  588  891  888  942  457  636 1000  667  570  779  604  962  650    0 1212  504  666  823 1020  836  905  939  484  468  674  503  946  393 1034 
1426 1559 1530 1220 1011  854 1087 1542 1149 1360 1750 1803 1401 1650  926 1317 1361 1275 1153 1504 1593 1106 1594  933 1595 1522  980 1039 1315 1726 1657 1063 1568 1143 1381 1302 1289 1298 1278 1137 1635 1394 1179 1161 1548 1338 1487 1272 1370 1377 1417 1301 1381 1615 1177 1391 1703 1143 1284 1083 1630 1069 1732 1700 1610  848 1210 1473 1013 1208 1568  970 1544 1367 1212    0 1115 1067 1365 1758 1321 1480 1806  929 1120  943 1152 1645 1102 1498 
 886  994  965  820  601  597  708 1044  539 1173 1015 1011  941 1049  486  828  888  702  896  662 1054  467  907  551 1258 1107  443  587  854  959 1047  658  974  530  831  712  954  763  808  453  978  995  415  522  673  898 1013  823  973  965 1071  808  792  953  483  735 1114  743  732  428 1019  573  986  916 1166  586  652 1047  552  453  680  499 1172  853  504 1115    0  453  695 1263  788  915 1028  661  455  557  607 1109  483 1128 
 808 1092 1165  777  401  502  639  942  630 1214 1215  883  791 1075  610  845  793  910  730  782 1078  664  884  402 1116 1006  629  492  983 1150 1122  495  966  693  748  825  999  913  973  567 1036  939  518  583  951  996  919  639  744  899 1228  892  738 1131  533  964  958 1004  729  425  934  483 1317 1130  974  614  389 1092  686  485  715  583 1122  847  666 1067  453    0  858 1226  854  901 1183  411  547  538  668 1147  532  968 
1085 1172 1307 1228  893  745  938 1312  792 1395 1377 1199 1169 1359  831 1220  975 1199  931 1216 1488  813 1477  857 1206 1166  747  909  973 1382 1269  695 1302  712 1061  980 1143 1116 1165  648 1283  938  725  901 1090 1310 1475 1083 1204  967 1479 1193 1028 1226  724 1068 1388 1048 1082  854 1396  720 1129 1360 1273  729  788 1311  859  726 1044  835 1239 1100  823 1365  695  858    0 1195 1005 1003 1395  691  906  782  704 1328  845 1202 
1244 1436 1688 1366 1095 1201  924 1621  927 1538 1499 1658 1403 1542 1016 1319 1274 1532 1271 1366 1561 1280 1492  977 1870 1576 1166 1019 1198 1621 1571 1058 1369  991 1298 1496 1338 1243 1113  940 1488 1347  922  962 1177 1422 1761 1423 1402 1556 1589 1375 1355 1471 1016 1414 1599 1415 1361 1113 1479  962 1667 1392 1574 1053 1011 1558 1065 1067 1281  941 1541 1307 1020 1758 1263 1226 1195    0 1405 1500 1534 1038  927 1057  926 1505 1146 1545 
1022 1182 1313  969  704  931  734 1417  709 1296 1390 1305 1004 1452  838 1089 1039 1154 1025 1091 1394  828 1157  734 1288 1310  865  737 1011 1486 1288  817 1309  921 1029  962 1018 1034 1166  661 1252 1207  776  654 1153 1337 1445  912 1198  964 1316 1204 1003 1486  932 1096 1323 1073 1015  724 1401  819 1436 1376 1356  700  936 1488  778  930 1235  954 1426 1048  836 1321  788  854 1005 1405    0 1149 1317  800  786  764  781 1479  816 1372 
1237 1252 1352 1151  936  686  843 1334  820 1364 1522 1223 1162 1208  744 1136 1020 1121 1002 1173 1254  904 1296  828 1322 1369  888  861 1063 1452 1379  897 1334  814  964 1173 1158 1034 1206  815 1363 1013  774  782  970 1252 1340 1207 1195 1089 1418 1168  963 1396  943  982 1509 1250 1282  736 1278  893 1415 1574 1318  900  820 1190  832  716  961  716 1440 1096  905 1480  915  901 1003 1500 1149    0 1497  953  713  899  951 1369  913 1507 
1344 1601 1735 1219 1254  993 1057 1452 1121 1433 1497 1358 1257 1736 1092 1371 1366 1497 1350 1325 1466  924 1409 1036 1821 1708  977 1052 1297 1440 1640 1154 1540  934 1288 1430 1261 1303 1426  944 1667 1464 1115 1030 1527 1724 1866 1337 1192 1335 1665 1318 1251 1550  974 1296 1549 1220 1417 1015 1707 1003 1614 1701 1688 1091 1168 1513  989  969 1360 1253 1707 1250  939 1806 1028 1183 1395 1534 1317 1497    0 1022 1061  928 1129 1647 1071 1715 
 828 1181 1086  830  490  493  562 1137  481 1102 1245 1023  876 1129  450  842  927  731  804  732 1156  516 1045  415 1121 1132  641  663  758 1139 1281  375 1206  521  956  871  766  943  737  422 1007  898  513  433  889  966 1028  748  663  939  947  723  834 1000  492  757 1062  672  762  425 1248  678 1020  948  834  424  478  967  683  369  920  683 1011  896  484  929  661  411  691 1038  800  953 1022    0  492  608  551 1128  571 1059 
 957 1089 1170  816  458  406  572 1151  444  901 1160  982  756 1087  410  859  616  813  908  796 1154  468 1101  521  938 1067  579  526  719 1159 1083  395 1013  412  893  873  865 1005  764  505 1040  825  639  592  838 1025 1090  820  748  861 1091  939  909 1072  439  733 1172  812  647  491 1197  693 1043 1060  917  682  453  909  549  509  927  487  986  745  468 1120  455  547  906  927  786  713 1061  492    0  650  460 1107  465 1205 
 778  838 1143  855  496  551  401  961  455  986 1018 1148  862 1016  451  927  985  780  970  690 1006  497  895  464 1125  962  528  493  779  840 1229  562  964  491  721  835  755  789  928  535 1072  794  403  640  947 1168 1195  985  836  702 1163  854  808 1098  573  830 1054  980  631  464 1108  599 1029 1003  982  463  493  956  568  456  714  621 1236  890  674  943  557  538  782 1057  764  899  928  608  650    0  535 1153  612 1063 
 826  932  875  771  480  602  652  898  493 1040  961 1162  855 1245  673  749  763  769  873  663 1202  565  862  596  930 1174  541  528  711 1215  949  483  924  458  954  887  708  874  803  491 1095  811  456  590  864 1074 1144  708  853  716 1068  974  836 1007  479  854 1025  679  851  416 1127  543  959  988 1197  568  603 1144  467  636  755  458 1254  774  503 1152  607  668  704  926  781  951 1129  551  460  535    0  990  391 1036 
1317 1761 1754 1330 1174 1013 1068 1735 1132 1429 1584 1677 1470 1610 1016 1554 1286 1392 1356 1214 1487 1002 1675 1087 1749 1473 1202 1089 1255 1481 1624 1089 1721  882 1449 1452 1240 1370 1282 1207 1490 1317 1042 1124 1371 1580 1713 1243 1254 1330 1543 1409 1377 1794  949 1441 1588 1362 1287 1002 1534  953 1545 1450 1648 1074 1146 1648 1099 1165 1259 1029 1446 1478  946 1645 1109 1147 1328 1505 1479 1369 1647 1128 1107 1153  990    0 1150 1411 
