10 4 24 170

   0  927  726  903  770  737  840  857  908  728 
 927    0  839  742  819  942  933  958  764  936 
 726  839    0  842  979  853  881  896  948  854 
 903  742  842    0  750  826  740  851  974  955 
 770  819  979  750    0  733  944  885  980  766 
 737  942  853  826  733    0  784  821  764  981 
 840  933  881  740  944  784    0  897  983  829 
 857  958  896  851  885  821  897    0  957  932 
 908  764  948  974  980  764  983  957    0  875 
 728  936  854  955  766  981  829  932  875    0 

   0  925  779 1065  909  641  608  868 1076  785 
 925    0  601 1155 1180  608  999  929  609  880 
 779  601    0  879  949  727  706 1005  926  913 
1065 1155  879    0  658  801  896  971  675 1012 
 909 1180  949  658    0  824  715  618 1043  751 
 641  608  727  801  824    0  962 1047  955  971 
 608  999  706  896  715  962    0 1033 1193  908 
 868  929 1005  971  618 1047 1033    0  629  732 
1076  609  926  675 1043  955 1193  629    0  910 
 785  880  913 1012  751  971  908  732  910    0 

0 372 1049
1 359 854
2 398 824
3 281 826
4 481 887
5 430 807
6 413 1073
7 489 724
8 460 1025
9 670 1075

0 1 4253 6176 1854 
0 8 11317 15416 1816 
0 3 637 3991 1806 
0 3 196 2709 2709 
0 9 4856 7674 2912 
0 8 6221 9018 3632 
0 3 10827 13915 1806 
0 7 6910 10000 2571 
0 2 9295 12239 2178 
0 8 2906 6338 1816 
0 2 701 2336 1452 
0 8 679 3358 3632 
0 3 5916 9451 3612 
0 5 3357 5215 1474 
0 6 11301 12821 1680 
1 8 9880 11402 2292 
1 7 9608 12831 2874 
1 5 3313 5501 3768 
1 4 2443 7139 3276 
1 8 9220 11448 1528 
1 2 9101 10645 3356 
1 4 6810 11046 2457 
1 3 4705 8354 2226 
1 4 7420 10110 1638 
1 5 4281 6664 2826 
1 2 9182 11153 2517 
1 5 2888 4116 2826 
1 9 10384 13226 2808 
1 2 5588 7829 2517 
1 3 4661 8749 1484 
1 9 10123 13352 1872 
1 8 10184 11810 1528 
1 3 5335 9319 2968 
1 0 5237 7197 3708 
1 0 6200 8290 3708 
1 4 8312 12501 3276 
2 0 9471 12446 2178 
2 9 11333 14309 3416 
2 9 2234 5867 3416 
2 7 4595 7157 3584 
2 8 5893 7837 1896 
2 6 3039 5093 2643 
2 6 7298 9260 3524 
2 7 10851 13343 3584 
2 5 5082 7910 1706 
2 6 10957 13159 1762 
2 8 3268 6286 2844 
2 4 9482 11398 2937 
2 6 10127 12400 3524 
2 6 2935 5709 1762 
2 4 2614 6077 2937 
2 3 7219 9926 3368 
2 6 10144 12078 1762 
2 8 2146 5757 2844 
2 5 10630 12403 1706 
2 8 2174 4442 1896 
2 3 11009 13514 1684 
2 8 6327 8512 2844 
2 4 6123 8486 3916 
3 9 2591 5434 2865 
3 1 4301 8181 2226 
3 5 5535 8514 1652 
3 9 1141 3812 2865 
3 4 8345 10417 2250 
3 0 5230 8488 3612 
3 2 9704 12648 3368 
3 4 5635 7569 2250 
3 4 5402 7356 3000 
3 5 11405 13463 3304 
3 8 1631 4223 1948 
3 9 4017 6243 3820 
3 6 2168 4712 1480 
3 7 2764 6337 1702 
3 4 8938 11175 3000 
3 7 186 3118 3404 
3 9 2748 4863 2865 
3 6 5855 8014 1480 
3 9 9115 12110 2865 
3 9 10732 12998 2865 
4 3 6265 7640 2250 
4 8 6982 9203 1960 
4 8 9801 13837 1960 
4 7 10793 13122 2655 
4 9 768 3193 3064 
4 5 6810 9619 1466 
4 3 633 2699 1500 
4 6 2551 5246 3776 
4 6 3304 5384 2832 
4 9 11346 13140 3064 
4 0 5228 8109 3080 
4 7 3177 5290 2655 
4 0 4924 6914 1540 
4 2 5022 8096 3916 
4 3 10049 11944 3000 
4 1 8855 13138 1638 
4 1 9703 12889 1638 
4 0 1894 4884 2310 
4 2 1852 4006 1958 
4 3 5928 7882 3000 
4 7 2655 4162 3540 
4 7 11153 12821 3540 
5 4 3123 5537 1466 
5 9 1595 5469 3924 
5 2 8061 10474 1706 
5 0 5360 6879 1474 
5 0 1058 2859 2211 
5 9 9151 12821 3924 
5 9 990 4184 3924 
5 9 915 3954 3924 
5 8 994 3687 2292 
5 9 4134 6852 3924 
5 9 1683 5139 2943 
5 4 679 3859 1466 
6 9 1472 3315 1658 
6 3 2797 5323 2960 
6 9 5397 7222 1658 
6 3 9467 12603 2220 
6 1 8273 11020 3732 
6 9 240 2482 2487 
6 9 7400 9225 3316 
6 8 6651 10253 1966 
7 1 1207 4774 1916 
7 2 4097 7433 1792 
7 3 1196 4749 1702 
7 8 4668 6278 3828 
7 5 757 3468 3284 
7 4 7360 9121 2655 
7 6 5151 9200 3588 
7 0 122 2726 1714 
7 9 2683 5435 3728 
7 1 6026 8525 3832 
7 0 6368 9388 2571 
7 1 8953 12232 3832 
7 3 10761 14567 2553 
7 9 6742 8733 2796 
7 4 11001 12274 1770 
7 1 10255 12215 1916 
7 6 10278 13170 2691 
7 1 4904 8322 2874 
7 1 841 4083 3832 
7 4 7085 8963 1770 
7 3 5364 7558 2553 
8 2 1819 3754 2844 
8 6 8475 11481 2949 
8 5 9177 12901 1528 
8 7 552 2086 2871 
8 4 877 3818 1960 
8 0 8841 11208 2724 
8 7 2129 3600 2871 
8 4 9271 12702 1960 
8 5 5295 8962 3056 
8 1 9130 10348 3056 
8 1 2251 4248 1528 
8 1 6696 9083 2292 
8 3 4781 6266 2922 
8 7 7396 9031 1914 
8 9 10031 11923 1750 
8 6 8634 13060 1966 
8 4 3269 5813 3920 
8 0 9909 12738 3632 
9 5 583 3699 2943 
9 6 4881 7514 2487 
9 6 724 4001 1658 
9 1 4933 8101 2808 
9 2 6088 9621 3416 
9 4 6318 7835 2298 
9 5 6033 8392 1962 
9 4 6909 9522 1532 
9 4 3090 4614 2298 
9 8 863 3447 2625 

0 1 0 0
0 1 1 0
0 1 2 0
0 1 3 0
0 1 4 0
0 2 0 0
0 2 1 0
0 2 2 0
0 2 3 0
0 2 4 0
0 3 0 0
0 3 1 0
0 3 2 0
0 3 3 0
0 3 4 0
0 4 0 3189
0 4 1 3189
0 4 2 3189
0 4 3 0
0 4 4 0
0 5 0 0
0 5 1 0
0 5 2 0
0 5 3 0
0 5 4 0
0 6 0 3270
0 6 1 3270
0 6 2 3270
0 6 3 0
0 6 4 0
0 7 0 0
0 7 1 0
0 7 2 0
0 7 3 0
0 7 4 0
0 8 0 3034
0 8 1 3034
0 8 2 0
0 8 3 0
0 8 4 0
0 9 0 3701
0 9 1 3701
0 9 2 3701
0 9 3 0
0 9 4 0
1 0 0 0
1 0 1 0
1 0 2 0
1 0 3 0
1 0 4 0
1 2 0 0
1 2 1 0
1 2 2 0
1 2 3 0
1 2 4 0
1 3 0 3263
1 3 1 3263
1 3 2 0
1 3 3 0
1 3 4 0
1 4 0 0
1 4 1 0
1 4 2 0
1 4 3 0
1 4 4 0
1 5 0 0
1 5 1 0
1 5 2 0
1 5 3 0
1 5 4 0
1 6 0 3091
1 6 1 3091
1 6 2 3091
1 6 3 0
1 6 4 0
1 7 0 3829
1 7 1 3829
1 7 2 3829
1 7 3 0
1 7 4 0
1 8 0 3603
1 8 1 3603
1 8 2 3603
1 8 3 0
1 8 4 0
1 9 0 3537
1 9 1 3537
1 9 2 0
1 9 3 0
1 9 4 0
2 0 0 0
2 0 1 0
2 0 2 0
2 0 3 0
2 0 4 0
2 1 0 0
2 1 1 0
2 1 2 0
2 1 3 0
2 1 4 0
2 3 0 0
2 3 1 0
2 3 2 0
2 3 3 0
2 3 4 0
2 4 0 0
2 4 1 0
2 4 2 0
2 4 3 0
2 4 4 0
2 5 0 0
2 5 1 0
2 5 2 0
2 5 3 0
2 5 4 0
2 6 0 0
2 6 1 0
2 6 2 0
2 6 3 0
2 6 4 0
2 7 0 0
2 7 1 0
2 7 2 0
2 7 3 0
2 7 4 0
2 8 0 0
2 8 1 0
2 8 2 0
2 8 3 0
2 8 4 0
2 9 0 0
2 9 1 0
2 9 2 0
2 9 3 0
2 9 4 0
3 0 0 0
3 0 1 0
3 0 2 0
3 0 3 0
3 0 4 0
3 1 0 3263
3 1 1 3263
3 1 2 0
3 1 3 0
3 1 4 0
3 2 0 0
3 2 1 0
3 2 2 0
3 2 3 0
3 2 4 0
3 4 0 0
3 4 1 0
3 4 2 0
3 4 3 0
3 4 4 0
3 5 0 0
3 5 1 0
3 5 2 0
3 5 3 0
3 5 4 0
3 6 0 0
3 6 1 0
3 6 2 0
3 6 3 0
3 6 4 0
3 7 0 0
3 7 1 0
3 7 2 0
3 7 3 0
3 7 4 0
3 8 0 0
3 8 1 0
3 8 2 0
3 8 3 0
3 8 4 0
3 9 0 0
3 9 1 0
3 9 2 0
3 9 3 0
3 9 4 0
4 0 0 3189
4 0 1 3189
4 0 2 3189
4 0 3 0
4 0 4 0
4 1 0 0
4 1 1 0
4 1 2 0
4 1 3 0
4 1 4 0
4 2 0 0
4 2 1 0
4 2 2 0
4 2 3 0
4 2 4 0
4 3 0 0
4 3 1 0
4 3 2 0
4 3 3 0
4 3 4 0
4 5 0 3261
4 5 1 3261
4 5 2 0
4 5 3 0
4 5 4 0
4 6 0 0
4 6 1 0
4 6 2 0
4 6 3 0
4 6 4 0
4 7 0 0
4 7 1 0
4 7 2 0
4 7 3 0
4 7 4 0
4 8 0 3313
4 8 1 3313
4 8 2 0
4 8 3 0
4 8 4 0
4 9 0 3039
4 9 1 3039
4 9 2 0
4 9 3 0
4 9 4 0
5 0 0 0
5 0 1 0
5 0 2 0
5 0 3 0
5 0 4 0
5 1 0 0
5 1 1 0
5 1 2 0
5 1 3 0
5 1 4 0
5 2 0 0
5 2 1 0
5 2 2 0
5 2 3 0
5 2 4 0
5 3 0 0
5 3 1 0
5 3 2 0
5 3 3 0
5 3 4 0
5 4 0 3261
5 4 1 3261
5 4 2 0
5 4 3 0
5 4 4 0
5 6 0 0
5 6 1 0
5 6 2 0
5 6 3 0
5 6 4 0
5 7 0 0
5 7 1 0
5 7 2 0
5 7 3 0
5 7 4 0
5 8 0 0
5 8 1 0
5 8 2 0
5 8 3 0
5 8 4 0
5 9 0 0
5 9 1 0
5 9 2 0
5 9 3 0
5 9 4 0
6 0 0 3270
6 0 1 3270
6 0 2 3270
6 0 3 0
6 0 4 0
6 1 0 3091
6 1 1 3091
6 1 2 3091
6 1 3 0
6 1 4 0
6 2 0 0
6 2 1 0
6 2 2 0
6 2 3 0
6 2 4 0
6 3 0 0
6 3 1 0
6 3 2 0
6 3 3 0
6 3 4 0
6 4 0 0
6 4 1 0
6 4 2 0
6 4 3 0
6 4 4 0
6 5 0 0
6 5 1 0
6 5 2 0
6 5 3 0
6 5 4 0
6 7 0 0
6 7 1 0
6 7 2 0
6 7 3 0
6 7 4 0
6 8 0 3350
6 8 1 3350
6 8 2 3350
6 8 3 0
6 8 4 0
6 9 0 0
6 9 1 0
6 9 2 0
6 9 3 0
6 9 4 0
7 0 0 0
7 0 1 0
7 0 2 0
7 0 3 0
7 0 4 0
7 1 0 3829
7 1 1 3829
7 1 2 3829
7 1 3 0
7 1 4 0
7 2 0 0
7 2 1 0
7 2 2 0
7 2 3 0
7 2 4 0
7 3 0 0
7 3 1 0
7 3 2 0
7 3 3 0
7 3 4 0
7 4 0 0
7 4 1 0
7 4 2 0
7 4 3 0
7 4 4 0
7 5 0 0
7 5 1 0
7 5 2 0
7 5 3 0
7 5 4 0
7 6 0 0
7 6 1 0
7 6 2 0
7 6 3 0
7 6 4 0
7 8 0 0
7 8 1 0
7 8 2 0
7 8 3 0
7 8 4 0
7 9 0 0
7 9 1 0
7 9 2 0
7 9 3 0
7 9 4 0
8 0 0 3034
8 0 1 3034
8 0 2 0
8 0 3 0
8 0 4 0
8 1 0 3603
8 1 1 3603
8 1 2 3603
8 1 3 0
8 1 4 0
8 2 0 0
8 2 1 0
8 2 2 0
8 2 3 0
8 2 4 0
8 3 0 0
8 3 1 0
8 3 2 0
8 3 3 0
8 3 4 0
8 4 0 3313
8 4 1 3313
8 4 2 0
8 4 3 0
8 4 4 0
8 5 0 0
8 5 1 0
8 5 2 0
8 5 3 0
8 5 4 0
8 6 0 3350
8 6 1 3350
8 6 2 3350
8 6 3 0
8 6 4 0
8 7 0 0
8 7 1 0
8 7 2 0
8 7 3 0
8 7 4 0
8 9 0 0
8 9 1 0
8 9 2 0
8 9 3 0
8 9 4 0
9 0 0 3701
9 0 1 3701
9 0 2 3701
9 0 3 0
9 0 4 0
9 1 0 3537
9 1 1 3537
9 1 2 0
9 1 3 0
9 1 4 0
9 2 0 0
9 2 1 0
9 2 2 0
9 2 3 0
9 2 4 0
9 3 0 0
9 3 1 0
9 3 2 0
9 3 3 0
9 3 4 0
9 4 0 3039
9 4 1 3039
9 4 2 0
9 4 3 0
9 4 4 0
9 5 0 0
9 5 1 0
9 5 2 0
9 5 3 0
9 5 4 0
9 6 0 0
9 6 1 0
9 6 2 0
9 6 3 0
9 6 4 0
9 7 0 0
9 7 1 0
9 7 2 0
9 7 3 0
9 7 4 0
9 8 0 0
9 8 1 0
9 8 2 0
9 8 3 0
9 8 4 0

