200 4 24 3076

   0  837  895  812  950  891  970  801  805  777  807  876  805  935  931  847  883  885  930  737  924  913  952  745  924  795  983  835  906  804  838  750  830  740  975  795  906  764  861  864  755  846  955  813  924  840  851  953  883  832  766  814  774  964  818  976  741  888  873  719  765  967  898  754  770  839  799  951  716  744  857  909  883  780  760  956  784  966  839  874  947  751  928  945  945  741  724  854  945  861  820  869  868  717  971  724  820  787  766  769  737  838  835  813  845  736  967  904  937  836  767  871  967  915  797  857  813  938  754  982  926  927  726  724  833  750  964  916  919  961  952  970  931  919  889  927  745  931  802  727  925  787  893  878  810  722  976  749  730  895  966  895  976  893  758  717  866  871  732  740  759  737  770  794  792  814  868  826  774  810  934  967  978  923  839  856  802  928  765  734  944  813  777  725  970  914  856  892  970  845  908  959  813  853  807  910  836  929  788  830 
 837    0  829  753  729  736  853  764  784  806  756  754  957  811  727  878  973  882  876  889  721  792  807  909  900  831  721  730  935  964  872  817  904  902  781  835  725  963  895  947  980  807  844  780  945  793  812  798  843  758  956  799  921  900  764  970  774  818  752  829  753  885  724  973  887  841  961  772  748  946  757  917  939  728  775  976  902  796  853  754  772  951  853  804  978  776  940  939  885  783  759  933  912  926  804  726  813  896  815  850  938  876  949  934  832  815  887  890  781  819  941  762  830  872  892  827  724  871  859  715  951  719  908  857  833  935  763  784  810  936  839  729  774  927  752  973  950  906  833  905  796  779  848  829  785  798  715  854  847  862  733  941  979  946  898  797  867  844  859  937  975  958  797  839  853  719  889  901  798  778  847  730  819  792  927  746  795  815  811  900  782  900  792  972  777  817  891  931  844  957  759  979  721  848  978  932  794  762  757  954 
 895  829    0  805  824  919  841  935  742  797  731  769  729  938  943  817  950  924  855  861  889  971  809  719  735  765  742  774  942  943  792  848  965  756  822  885  788  738  939  720  765  977  886  836  964  722  723  897  961  717  794  861  801  875  751  881  771  759  921  783  774  759  804  774  829  717  736  853  964  729  788  718  762  810  717  826  808  843  800  961  966  932  981  724  911  952  790  735  762  742  804  858  847  956  844  742  868  886  865  860  744  747  937  812  717  833  856  958  968  826  787  777  931  932  805  859  875  838  800  911  930  909  909  740  765  962  970  921  772  771  728  812  808  841  826  761  820  873  801  765  752  807  868  744  858  787  888  884  849  944  856  735  941  936  786  828  897  834  834  864  903  734  855  781  837  765  827  807  972  873  791  873  768  743  968  816  782  782  814  741  727  903  827  808  817  767  945  904  967  751  855  980  968  815  807  863  939  952  741  900 
 812  753  805    0  723  826  903  905  726  838  875  726  772  933  759  776  734  753  830  766  948  880  761  798  873  717  946  863  760  903  790  951  865  831  885  982  750  790  733  923  716  945  777  889  881  883  956  752  831  780  776  810  935  846  789  802  844  807  764  841  963  718  945  843  790  731  832  824  891  973  719  787  886  724  725  909  926  813  819  887  941  919  827  916  750  721  881  736  848  871  752  968  796  899  763  892  751  787  725  780  864  841  818  919  805  951  899  901  980  801  773  913  826  861  935  839  937  827  880  863  912  880  928  735  913  963  917  765  943  734  886  808  743  936  875  782  858  862  954  878  977  922  762  970  745  978  719  914  779  898  733  974  752  949  972  876  922  958  942  906  882  820  743  964  804  890  939  716  900  744  796  729  907  932  836  829  966  857  980  865  887  783  760  934  903  896  896  923  903  882  796  953  780  948  932  761  919  920  947  965 
 950  729  824  723    0  847  971  879  804  774  752  864  922  958  983  891  899  782  969  734  894  879  949  960  870  853  951  983  783  861  723  923  981  894  923  843  883  892  870  882  864  734  791  888  892  839  890  929  931  875  982  969  957  744  823  900  828  871  959  797  881  935  802  806  837  787  865  924  852  968  812  816  812  930  966  939  769  955  960  896  818  973  886  961  877  838  742  849  764  871  847  784  776  805  953  903  935  793  805  960  736  748  874  890  866  728  825  764  925  750  889  776  884  967  861  948  947  975  855  976  978  851  793  770  924  888  872  758  847  768  756  921  788  939  907  838  850  926  838  924  725  959  739  851  909  731  915  856  842  974  913  749  940  742  906  807  726  856  764  785  929  873  843  938  793  795  934  744  905  960  768  791  731  877  809  979  769  982  956  917  945  717  742  867  969  730  819  932  776  805  756  891  725  767  922  976  825  874  850  824 
 891  736  919  826  847    0  726  787  813  851  815  884  886  896  751  807  788  932  902  898  797  843  945  915  757  851  884  963  781  846  800  897  848  939  959  782  913  935  911  720  849  956  772  883  847  723  922  768  753  906  967  777  798  879  839  912  957  815  811  806  863  918  769  937  911  884  871  978  745  848  758  952  871  777  717  735  862  879  852  729  820  902  926  901  927  971  940  839  830  891  823  898  948  970  799  816  860  978  946  869  819  901  736  787  801  849  852  948  857  836  848  903  739  917  955  915  972  974  771  747  831  784  772  784  787  944  864  865  831  735  929  828  773  907  872  807  749  885  942  862  796  839  890  830  914  839  759  915  958  829  911  843  974  775  846  828  763  795  883  980  741  949  976  920  855  810  797  771  971  824  844  736  768  723  885  743  939  979  974  983  939  921  755  807  851  761  766  861  789  728  921  971  720  860  806  949  818  905  947  790 
 970  853  841  903  971  726    0  866  912  901  784  736  725  734  958  945  895  907  744  886  745  751  863  911  965  910  945  925  742  816  854  748  719  982  828  809  859  777  961  756  741  770  744  854  892  805  918  863  774  796  787  868  731  754  979  961  791  972  931  933  865  773  944  854  762  823  867  793  840  910  876  741  771  884  899  929  846  870  956  767  976  896  806  853  954  814  910  758  822  932  779  767  769  823  736  744  866  916  777  764  779  773  868  721  855  823  956  892  847  947  904  754  820  875  769  853  980  976  860  763  726  791  845  891  846  771  834  882  773  889  937  802  836  860  916  792  788  891  947  718  780  949  793  744  861  912  806  855  976  892  970  727  809  820  789  886  760  886  899  768  721  928  977  897  765  738  833  750  906  806  963  888  778  816  791  830  900  765  955  914  821  847  876  957  781  941  768  895  726  847  917  762  933  954  855  757  721  773  834  756 
 801  764  935  905  879  787  866    0  777  845  787  886  719  968  730  829  946  801  725  864  726  852  736  883  724  927  775  883  941  744  835  951  763  755  757  753  769  769  851  921  829  814  798  771  729  797  745  896  943  969  759  875  881  845  842  977  977  722  768  937  805  812  756  900  867  928  977  811  837  747  899  933  893  742  745  946  947  746  954  798  942  969  855  777  901  756  781  732  860  825  979  919  926  965  816  912  859  864  863  879  766  820  827  799  854  746  808  981  836  885  804  952  781  940  916  906  852  932  864  886  873  951  892  762  867  771  747  818  783  813  729  827  744  978  937  911  901  776  853  756  848  769  920  871  874  822  807  885  879  739  797  828  748  716  978  812  842  970  921  715  783  942  894  719  876  718  976  732  964  968  758  811  926  928  816  921  832  744  939  730  771  830  808  923  758  929  740  849  725  902  820  868  845  734  785  959  735  977  897  770 
 805  784  742  726  804  813  912  777    0  908  725  947  804  757  739  866  828  893  937  924  817  718  812  771  945  848  759  816  944  942  740  885  735  939  867  791  919  906  954  833  822  802  742  827  852  917  969  821  853  929  911  974  737  870  772  831  934  847  837  727  942  971  772  834  793  823  745  891  850  907  819  753  904  775  831  839  947  815  819  953  887  853  718  818  763  921  892  932  830  792  888  759  862  864  821  957  885  731  915  956  875  976  819  762  929  941  752  948  933  803  758  932  770  732  918  804  970  966  964  798  888  724  879  772  764  729  827  940  946  732  972  765  872  845  774  946  807  880  774  855  967  870  982  880  877  906  843  781  770  741  772  778  844  722  944  850  730  760  925  921  934  883  746  744  913  744  802  787  885  751  797  811  740  822  974  753  942  780  756  945  791  752  784  715  899  922  969  920  817  741  804  824  900  979  879  740  938  866  916  810 
 777  806  797  838  774  851  901  845  908    0  971  716  794  806  891  743  803  909  918  958  937  743  979  948  756  808  735  857  960  766  953  857  790  756  745  800  804  927  747  798  733  735  820  976  755  888  958  969  780  836  804  784  979  760  783  753  808  867  887  974  724  872  822  937  931  808  907  721  812  902  983  775  876  835  841  979  841  798  769  820  794  959  937  788  817  779  800  846  786  740  764  800  726  870  837  770  936  836  795  935  848  858  973  745  884  897  736  868  745  820  734  724  807  783  893  796  772  814  745  813  950  723  748  826  863  942  795  934  774  898  910  954  924  947  819  938  829  945  910  942  719  812  896  971  898  972  955  842  917  936  792  838  849  902  730  721  764  740  737  893  832  869  727  914  954  942  767  806  762  833  861  850  863  809  804  788  852  928  915  795  957  740  821  868  931  955  939  869  785  832  894  931  732  876  843  836  972  743  868  890 
 807  756  731  875  752  815  784  787  725  971    0  945  771  841  983  812  736  835  776  719  966  950  731  886  902  852  862  835  913  893  981  914  888  765  724  780  861  798  751  932  849  726  956  810  783  930  932  908  864  753  911  960  824  968  782  768  885  980  980  933  913  817  828  891  855  965  765  958  969  817  724  739  742  774  729  810  826  957  914  926  868  882  863  789  834  773  799  837  945  953  954  782  784  832  773  892  791  789  875  955  840  922  877  906  716  832  877  736  844  800  781  808  869  830  869  979  804  976  737  760  880  879  867  945  729  790  945  848  981  898  734  943  739  915  732  891  811  910  798  912  961  872  792  739  728  818  810  932  864  739  978  859  918  721  884  850  818  809  776  756  912  971  793  851  861  766  722  857  753  824  983  881  869  895  894  851  734  938  799  902  739  938  931  872  973  805  811  881  783  804  828  837  718  978  943  941  900  930  850  721 
 876  754  769  726  864  884  736  886  947  716  945    0  915  969  875  838  881  860  800  762  716  938  759  922  948  850  753  945  972  718  905  807  978  789  841  860  879  811  872  963  901  733  934  739  824  736  737  905  806  974  718  964  980  956  745  848  964  878  805  903  897  902  797  781  886  727  934  964  791  875  835  982  846  896  921  746  872  785  814  758  755  903  725  725  886  855  775  851  785  834  914  864  911  840  738  762  980  916  891  723  834  739  778  836  747  861  943  970  922  894  873  928  776  919  752  946  978  839  945  808  761  796  948  843  846  970  890  826  979  725  823  754  809  923  782  950  973  974  767  849  746  809  982  796  728  905  918  818  733  765  730  982  906  911  728  829  884  791  737  803  785  937  776  819  845  892  957  914  966  792  958  748  812  743  853  930  826  810  979  894  982  784  856  852  783  934  752  928  824  784  805  738  824  718  734  750  911  793  766  755 
 805  957  729  772  922  886  725  719  804  794  771  915    0  842  828  889  786  792  876  865  902  848  899  948  772  950  818  790  970  961  958  884  928  965  836  841  772  968  845  787  718  834  795  852  960  753  954  898  761  804  829  822  763  978  749  723  927  899  914  715  854  801  804  757  759  807  952  824  969  851  868  813  745  871  770  842  720  731  939  889  980  806  898  829  882  892  840  948  878  980  721  946  977  892  778  918  787  935  846  915  803  950  925  944  773  968  902  811  932  896  771  973  744  715  916  732  794  792  864  876  922  934  939  735  780  930  916  773  742  747  860  716  968  971  778  982  796  761  793  869  756  910  972  829  919  775  809  728  787  910  929  924  766  930  845  927  926  717  834  811  862  748  821  750  909  769  730  952  725  801  789  766  910  960  719  881  896  753  744  877  975  876  721  808  947  776  764  936  725  942  733  970  967  891  747  761  920  925  930  748 
 935  811  938  933  958  896  734  968  757  806  841  969  842    0  863  744  827  804  965  896  819  800  924  863  910  880  860  725  901  839  727  880  945  723  761  817  980  807  947  941  949  897  905  874  818  977  826  720  762  945  753  924  931  734  903  786  883  839  915  961  884  725  830  848  804  772  756  782  816  840  863  921  805  947  863  895  976  720  835  940  912  726  890  742  832  766  853  956  917  768  832  827  739  969  759  886  805  770  944  723  773  887  743  881  960  879  736  761  909  895  916  916  762  741  862  792  905  817  915  805  803  863  836  847  751  955  740  888  796  752  916  978  895  973  738  864  736  746  930  770  978  894  942  756  795  959  785  842  973  864  759  950  961  861  828  871  886  859  785  760  769  888  830  915  973  858  850  937  725  879  873  981  853  872  810  749  878  771  873  913  825  972  885  893  757  950  785  901  838  795  773  782  838  819  786  789  895  979  879  891 
 931  727  943  759  983  751  958  730  739  891  983  875  828  863    0  952  785  892  902  958  753  753  970  902  727  896  909  838  891  718  782  876  912  799  757  836  934  803  877  889  976  930  723  817  919  918  913  829  738  722  931  910  835  956  799  902  748  770  971  848  947  846  724  852  977  716  877  858  843  728  757  882  724  846  942  914  959  957  761  765  975  931  862  760  932  766  869  981  940  941  801  806  935  782  835  894  970  819  729  762  738  787  950  920  855  869  728  747  826  791  958  875  908  906  891  828  899  729  746  802  900  878  776  935  854  919  970  752  894  775  821  791  766  971  748  809  728  726  914  926  893  820  963  758  815  767  782  792  863  870  911  803  723  729  937  863  960  810  826  850  887  888  957  966  916  953  915  915  860  890  799  858  830  927  878  861  741  948  848  918  940  897  731  859  789  860  870  757  977  766  815  784  946  865  806  839  792  914  982  891 
 847  878  817  776  891  807  945  829  866  743  812  838  889  744  952    0  752  957  795  930  733  895  936  730  906  852  820  731  861  977  873  819  819  852  905  899  836  852  870  875  763  981  777  815  963  786  973  949  914  886  759  834  955  899  770  758  859  884  762  929  956  737  821  723  863  773  964  764  941  931  883  931  816  915  877  980  856  822  804  957  789  850  750  900  777  762  901  775  965  957  790  765  948  753  774  802  837  783  906  849  897  718  904  903  889  930  946  879  765  823  790  755  813  730  964  770  813  847  979  951  983  926  938  952  771  744  720  724  835  819  892  894  882  805  844  983  967  726  789  930  969  863  764  962  909  937  770  836  757  949  886  743  735  944  851  739  950  869  877  935  715  744  798  923  912  779  773  797  826  758  902  793  726  717  887  726  917  954  869  736  898  934  897  975  879  840  799  735  822  835  765  730  833  735  852  791  840  882  885  922 
 883  973  950  734  899  788  895  946  828  803  736  881  786  827  785  752    0  862  816  957  935  796  815  743  834  955  797  969  811  922  835  791  729  741  854  816  842  788  942  886  721  920  745  730  838  726  791  782  930  964  737  762  859  850  954  831  865  904  944  762  981  941  758  865  944  755  956  919  809  765  968  828  904  788  822  949  982  953  771  897  806  865  769  865  879  884  897  971  746  776  742  949  725  736  828  864  750  777  820  843  970  827  934  843  930  969  840  931  972  866  908  896  726  815  889  722  982  782  800  922  979  765  862  754  766  899  753  715  882  745  922  941  970  717  908  807  793  879  769  891  841  893  967  794  888  759  730  780  840  852  886  843  846  757  841  726  919  715  846  838  903  829  929  746  773  820  782  770  797  723  890  911  822  909  837  983  876  720  727  732  875  799  960  779  848  717  900  913  777  871  737  789  735  739  969  900  724  871  715  844 
 885  882  924  753  782  932  907  801  893  909  835  860  792  804  892  957  862    0  730  719  825  734  844  846  911  738  956  737  873  773  971  976  900  856  819  964  867  757  856  913  930  957  816  909  778  953  953  761  837  880  724  945  729  897  717  893  730  738  924  828  765  715  811  813  870  919  769  800  784  863  865  982  923  917  964  872  794  807  895  857  960  788  952  854  730  725  905  755  828  863  724  971  856  722  763  974  767  944  914  855  838  740  778  719  825  906  753  785  843  789  842  773  816  924  802  957  855  772  743  932  883  785  805  841  783  842  723  882  846  963  791  862  873  842  907  845  862  735  977  764  896  868  716  869  895  779  931  799  734  919  961  855  865  891  738  949  751  818  906  755  875  748  934  836  897  865  953  724  793  980  834  739  919  900  924  802  900  948  944  764  734  980  740  747  861  870  919  909  857  818  885  817  811  889  724  823  894  791  805  853 
 930  876  855  830  969  902  744  725  937  918  776  800  876  965  902  795  816  730    0  715  881  745  818  923  824  744  974  823  937  856  830  845  755  975  719  760  958  812  789  806  940  940  842  782  739  859  732  793  926  818  906  848  762  883  756  896  831  798  917  926  970  923  935  815  765  743  719  740  761  881  835  716  981  910  777  983  854  885  751  719  950  925  837  891  840  756  925  718  880  801  927  804  963  838  830  824  877  835  852  930  903  855  788  922  890  750  927  875  876  860  781  889  965  740  950  715  868  970  850  737  741  949  847  857  937  972  717  981  942  812  889  891  791  873  937  875  868  902  793  846  890  764  736  881  721  849  972  796  811  929  948  804  878  854  796  871  875  964  976  849  945  773  978  842  744  730  846  879  884  901  724  763  824  818  878  883  877  862  933  726  980  918  789  919  762  928  931  848  868  812  728  775  854  983  832  804  727  730  798  845 
 737  889  861  766  734  898  886  864  924  958  719  762  865  896  958  930  957  719  715    0  818  963  754  886  833  949  894  763  881  773  870  735  818  725  779  804  973  726  825  814  866  808  933  733  792  947  913  915  810  883  939  729  825  739  952  784  812  736  822  918  971  745  758  874  756  798  802  918  733  728  896  861  759  947  754  889  846  877  807  848  853  902  787  971  755  830  740  857  983  759  879  749  833  768  826  873  742  872  871  855  908  923  812  936  833  777  877  919  937  831  968  884  846  910  750  739  980  930  838  814  723  981  826  794  775  901  822  855  786  972  978  892  787  978  764  734  898  828  775  862  850  748  927  833  937  735  926  982  948  801  810  976  859  952  975  811  817  762  820  909  756  779  743  966  937  729  731  927  869  763  960  903  845  851  741  948  964  768  960  911  882  939  881  924  835  751  859  822  746  792  979  979  948  752  790  856  764  765  899  965 
 924  721  889  948  894  797  745  726  817  937  966  716  902  819  753  733  935  825  881  818    0  792  958  897  900  724  975  743  861  774  899  776  905  785  784  826  898  910  798  835  894  773  825  927  856  809  737  900  956  853  918  750  972  870  803  821  960  814  971  931  743  810  978  815  804  797  945  965  720  763  949  966  751  851  979  768  724  974  721  983  798  796  867  734  855  949  839  880  862  937  787  757  957  888  791  946  739  871  758  845  720  773  935  794  869  720  834  760  953  907  813  912  766  809  826  963  760  980  841  982  803  948  808  749  738  763  791  729  909  897  731  881  810  736  775  746  943  961  824  730  889  891  728  860  852  722  908  853  953  826  925  729  803  858  831  889  956  856  811  779  779  964  732  781  803  948  851  943  732  771  742  931  774  778  859  913  921  818  956  780  914  777  913  981  927  858  865  893  937  840  778  920  835  861  744  783  801  956  862  831 
 913  792  971  880  879  843  751  852  718  743  950  938  848  800  753  895  796  734  745  963  792    0  878  970  718  793  901  870  817  898  786  944  979  739  778  982  717  844  900  857  873  835  934  715  793  835  804  745  853  909  977  904  866  961  943  943  812  883  726  817  722  843  723  915  814  932  853  942  861  851  877  966  761  743  732  930  948  828  924  809  769  900  814  844  896  822  969  820  881  792  901  939  838  839  785  814  805  758  878  873  718  959  721  841  973  952  943  967  919  894  891  794  910  873  894  939  738  888  809  911  779  860  972  854  913  787  848  742  954  950  763  833  875  938  828  932  776  827  785  851  745  891  934  740  883  730  893  822  857  811  964  725  798  873  755  729  836  770  837  952  744  830  873  788  918  837  932  962  729  816  841  891  805  858  939  944  782  949  823  942  836  841  839  860  957  893  843  742  839  953  769  924  881  856  821  813  795  957  812  860 
 952  807  809  761  949  945  863  736  812  979  731  759  899  924  970  936  815  844  818  754  958  878    0  800  964  908  813  765  866  937  776  970  720  720  900  817  719  906  725  956  870  874  807  928  923  856  928  792  782  894  723  745  802  830  857  957  735  950  771  901  727  854  969  797  782  956  894  867  909  979  835  980  958  772  901  962  887  939  832  930  939  842  829  929  765  787  949  795  876  954  780  773  874  812  962  789  855  828  911  755  758  914  935  892  980  854  906  941  746  832  925  718  905  926  965  726  932  914  947  935  724  758  913  772  892  806  869  883  916  801  949  932  722  882  753  723  766  796  816  790  749  883  773  824  953  936  923  950  883  783  764  918  799  856  864  725  939  829  784  813  827  850  914  845  729  980  858  823  938  836  901  944  839  728  733  786  975  783  923  876  965  918  818  723  921  955  893  869  864  919  788  729  726  871  871  839  958  981  827  847 
 745  909  719  798  960  915  911  883  771  948  886  922  948  863  902  730  743  846  923  886  897  970  800    0  930  960  905  734  721  955  977  949  748  767  775  945  850  809  822  814  845  885  980  925  914  768  826  799  838  880  794  746  793  903  877  723  771  736  846  760  920  802  803  916  744  720  936  866  980  752  892  895  802  812  916  808  764  874  727  803  857  794  715  907  826  978  973  910  744  981  754  739  964  728  890  928  784  763  795  758  969  796  909  788  761  972  750  893  875  801  892  902  900  769  727  950  971  776  863  960  751  915  936  948  733  968  924  904  746  868  728  981  982  839  856  803  726  867  828  770  911  746  779  892  754  862  881  843  787  719  917  862  970  855  951  779  754  776  794  929  862  858  781  743  778  752  733  974  977  973  898  929  940  854  808  881  947  931  968  748  718  886  782  870  806  750  905  894  901  896  742  769  834  895  859  890  832  721  811  970 
 924  900  735  873  870  757  965  724  945  756  902  948  772  910  727  906  834  911  824  833  900  718  964  930    0  974  980  935  808  889  755  944  927  892  805  838  749  956  764  895  751  850  888  862  851  789  723  943  943  736  893  925  845  798  977  838  772  872  967  825  943  818  832  867  937  940  849  887  902  811  789  873  822  721  870  728  887  801  870  851  844  902  983  785  930  755  819  715  968  880  715  932  885  966  756  829  865  815  863  716  968  836  958  851  747  831  805  805  825  764  923  760  718  744  900  857  781  937  939  814  900  927  760  937  798  728  881  796  781  863  717  738  851  974  821  832  839  792  972  847  800  736  828  898  830  804  968  964  769  830  727  887  883  726  904  905  886  775  749  870  905  849  717  840  965  912  734  751  777  741  914  955  969  957  899  770  785  808  940  937  814  810  792  835  810  788  968  856  721  865  904  767  934  895  874  916  939  906  975  849 
 795  831  765  717  853  851  910  927  848  808  852  850  950  880  896  852  955  738  744  949  724  793  908  960  974    0  821  922  779  750  873  769  953  721  892  855  862  734  911  843  815  965  942  871  844  919  723  904  759  775  834  858  878  972  815  906  845  809  862  757  838  821  935  845  737  983  771  879  728  744  930  861  909  759  952  937  860  815  746  912  729  728  786  802  877  869  926  823  882  889  790  970  894  977  761  838  747  942  898  755  771  823  809  875  944  931  845  839  880  961  718  887  737  981  802  947  804  949  889  816  844  942  980  928  817  748  939  756  818  897  839  780  909  789  803  757  736  761  945  803  734  926  879  793  848  800  860  813  897  824  883  741  803  924  847  790  770  918  802  785  930  960  746  821  927  737  746  930  731  862  768  940  795  826  784  773  807  876  816  881  958  853  842  901  776  875  932  941  864  934  734  925  739  961  836  949  931  821  789  941 
 983  721  742  946  951  884  945  775  759  735  862  753  818  860  909  820  797  956  974  894  975  901  813  905  980  821    0  767  969  802  764  815  835  886  830  869  761  913  814  759  716  841  925  806  918  865  728  961  793  772  817  903  810  891  804  947  934  932  769  842  907  897  969  935  869  856  733  969  897  856  817  849  739  877  789  781  843  864  897  946  866  975  822  780  892  805  770  852  762  731  810  934  800  950  839  981  752  825  849  964  952  781  814  752  722  922  755  934  742  943  787  871  898  739  944  949  918  741  800  962  753  842  716  844  975  974  794  915  786  796  767  979  750  878  835  719  958  919  841  805  741  897  869  859  960  876  731  858  752  762  732  756  779  767  758  806  820  763  919  920  813  896  849  743  833  861  798  852  775  786  813  717  781  737  895  884  916  897  717  958  880  924  781  960  870  737  851  864  729  814  919  980  883  757  728  838  823  863  775  786 
 835  730  774  863  983  963  925  883  816  857  835  945  790  725  838  731  969  737  823  763  743  870  765  734  935  922  767    0  757  801  953  770  905  909  840  840  804  872  761  716  745  967  877  922  745  958  770  904  814  767  872  880  958  890  758  865  744  716  727  811  837  876  749  787  805  833  887  891  775  946  904  942  802  796  792  801  842  850  961  739  781  747  894  963  736  871  934  839  822  718  768  971  757  866  897  840  910  801  835  952  716  716  728  758  832  952  936  895  728  953  973  865  811  826  738  766  784  839  795  770  782  964  803  723  789  851  877  892  878  936  909  739  794  762  954  892  819  916  854  912  908  903  806  916  846  856  833  723  869  754  918  813  917  742  822  836  794  898  839  936  722  719  733  896  868  844  890  826  831  756  782  903  919  865  760  771  815  977  974  778  720  970  936  849  969  900  719  808  961  884  896  856  924  826  795  958  852  900  930  941 
 906  935  942  760  783  781  742  941  944  960  913  972  970  901  891  861  811  873  937  881  861  817  866  721  808  779  969  757    0  819  758  744  716  844  859  929  742  949  884  725  848  759  856  830  954  763  891  798  792  899  922  921  785  924  953  980  953  773  958  743  957  871  936  801  811  947  779  848  799  806  764  883  920  732  879  814  980  865  921  778  792  917  954  750  748  955  966  742  975  732  749  818  857  836  882  752  908  840  760  873  785  853  746  954  829  762  792  962  825  798  827  805  835  910  940  888  747  845  943  818  823  823  736  816  722  769  726  920  848  904  859  900  760  837  763  970  803  981  741  942  748  978  812  841  846  885  865  946  829  844  915  754  781  947  866  899  825  807  863  875  861  721  789  741  929  904  941  801  818  892  913  872  937  729  876  974  721  857  857  934  867  748  809  741  888  848  958  872  797  755  731  766  877  908  873  825  832  718  837  959 
 804  964  943  903  861  846  816  744  942  766  893  718  961  839  718  977  922  773  856  773  774  898  937  955  889  750  802  801  819    0  970  744  860  733  937  920  750  892  795  799  916  722  729  874  868  908  762  863  805  941  833  817  890  964  730  945  717  734  815  983  745  818  840  966  935  904  805  942  918  824  935  846  845  903  966  818  916  850  798  972  981  903  973  815  943  803  860  930  762  773  777  941  975  716  764  869  756  870  862  929  738  941  759  938  960  853  929  916  824  838  807  725  906  957  795  973  859  965  968  801  779  738  816  728  808  825  730  949  939  885  720  876  909  757  862  908  861  887  771  781  898  730  886  757  779  943  849  961  892  879  878  721  884  923  922  729  820  940  946  904  729  866  940  884  954  973  833  866  926  964  740  817  855  791  715  855  724  933  970  921  908  950  971  745  964  731  743  828  895  837  833  928  859  891  733  968  880  829  819  880 
 838  872  792  790  723  800  854  835  740  953  981  905  958  727  782  873  835  971  830  870  899  786  776  977  755  873  764  953  758  970    0  804  734  961  873  849  802  851  864  837  980  972  859  838  868  941  789  762  719  879  892  798  841  958  739  739  917  803  808  963  848  869  861  719  906  744  884  862  871  795  859  916  881  833  717  982  914  922  874  968  820  799  872  848  723  932  917  777  967  820  875  788  853  780  844  802  803  943  718  942  872  756  804  856  831  942  789  848  769  915  933  852  827  974  971  873  850  974  878  818  923  869  966  794  871  961  807  855  790  789  915  918  736  964  791  720  838  761  765  951  978  926  839  781  715  794  840  969  766  885  952  947  969  811  765  832  767  911  855  855  722  907  873  784  819  740  752  835  923  869  738  965  945  758  808  728  859  870  970  762  932  975  943  755  810  822  943  918  732  960  933  919  956  818  831  753  927  773  846  742 
 750  817  848  951  923  897  748  951  885  857  914  807  884  880  876  819  791  976  845  735  776  944  970  949  944  769  815  770  744  744  804    0  817  818  734  980  769  726  952  907  740  882  810  782  787  964  829  862  724  901  882  749  773  747  725  820  852  799  742  716  820  746  755  864  852  840  716  935  756  774  799  747  775  943  869  868  931  864  800  803  849  976  734  825  954  742  953  840  809  731  864  880  884  778  757  857  853  944  877  719  947  966  966  847  756  874  933  859  848  757  854  775  796  969  857  789  858  775  780  917  770  860  781  932  974  912  720  721  827  914  978  802  883  801  780  801  776  807  771  860  864  843  929  749  746  798  732  938  910  916  776  792  857  839  937  759  930  919  721  865  910  732  863  920  968  752  875  835  719  922  895  823  771  854  822  768  792  942  834  809  735  917  831  785  836  885  933  798  918  813  964  866  933  960  947  852  737  825  866  977 
 830  904  965  865  981  848  719  763  735  790  888  978  928  945  912  819  729  900  755  818  905  979  720  748  927  953  835  905  716  860  734  817    0  721  787  874  749  840  864  926  797  890  922  983  746  802  769  824  971  823  891  845  952  723  725  958  811  756  811  824  815  905  827  918  811  977  938  799  976  788  795  938  776  956  869  764  939  830  952  715  912  897  895  948  848  972  857  805  759  790  770  929  856  731  954  982  850  860  815  745  913  878  908  782  786  769  763  971  721  961  740  838  795  728  980  897  920  904  942  738  863  939  826  871  719  973  834  871  841  778  976  820  842  820  730  829  930  946  776  890  766  738  803  732  836  876  786  768  813  771  886  878  809  851  747  833  833  763  903  925  824  734  948  849  776  869  881  802  966  822  956  744  891  784  874  751  950  784  856  721  907  813  881  770  965  960  983  815  719  803  929  755  814  960  944  790  724  830  857  970 
 740  902  756  831  894  939  982  755  939  756  765  789  965  723  799  852  741  856  975  725  785  739  720  767  892  721  886  909  844  733  961  818  721    0  845  838  980  793  809  734  737  939  927  787  749  849  791  736  871  771  963  957  954  747  874  976  951  888  744  913  900  754  814  780  762  757  809  757  867  911  821  717  804  960  800  961  929  843  910  773  970  982  798  780  979  816  763  831  756  783  745  770  898  936  733  957  889  937  922  896  970  937  806  950  728  927  893  824  779  915  902  942  875  802  755  971  938  851  727  731  743  767  747  936  896  757  722  723  945  732  835  743  911  762  909  797  893  962  864  932  900  942  736  761  788  886  945  756  752  736  937  858  789  756  943  826  797  870  902  946  754  716  827  976  795  732  956  955  723  973  834  731  966  885  973  780  815  874  790  835  810  860  922  760  726  875  893  787  968  813  974  933  920  937  883  806  772  857  719  933 
 975  781  822  885  923  959  828  757  867  745  724  841  836  761  757  905  854  819  719  779  784  778  900  775  805  892  830  840  859  937  873  734  787  845    0  892  933  726  818  862  738  822  780  862  730  935  798  854  955  968  930  890  889  786  864  964  768  805  886  872  910  960  856  919  912  946  882  745  939  826  750  718  970  956  915  806  819  870  901  925  837  720  961  715  890  833  911  805  731  897  864  913  750  937  798  817  975  867  841  777  759  853  732  881  885  971  858  841  954  864  726  956  796  946  800  728  981  850  914  722  950  745  792  782  749  886  978  952  838  807  736  793  879  820  898  814  919  948  858  766  760  892  841  807  936  969  939  719  955  947  872  925  733  747  921  753  820  953  744  729  868  919  750  888  767  881  960  783  934  915  949  816  776  801  820  971  907  865  782  970  979  834  813  812  886  832  802  805  785  837  802  821  974  715  971  739  876  943  827  880 
 795  835  885  982  843  782  809  753  791  800  780  860  841  817  836  899  816  964  760  804  826  982  817  945  838  855  869  840  929  920  849  980  874  838  892    0  944  800  834  808  965  779  788  910  730  879  862  873  916  734  947  849  951  976  778  765  843  747  814  874  952  783  865  731  742  788  960  854  731  896  811  801  907  888  848  938  882  765  897  798  903  944  859  944  944  783  980  799  835  917  721  894  731  969  884  950  935  976  822  887  964  977  894  802  851  795  851  976  913  762  874  916  917  725  751  778  748  983  888  827  979  865  715  936  930  950  926  745  741  966  969  868  904  863  716  789  885  877  723  721  829  958  872  880  796  928  788  884  983  757  777  767  914  719  782  877  790  937  777  761  968  726  806  950  921  962  723  859  737  914  895  822  737  902  923  833  805  908  729  767  743  731  927  946  876  800  936  743  950  891  868  756  919  856  931  894  930  941  861  744 
 906  725  788  750  883  913  859  769  919  804  861  879  772  980  934  836  842  867  958  973  898  717  719  850  749  862  761  804  742  750  802  769  749  980  933  944    0  882  861  850  898  881  947  778  885  899  824  731  881  716  789  846  835  790  715  839  821  835  869  758  977  982  951  894  772  833  733  911  950  746  763  910  879  947  805  883  950  772  906  814  750  720  915  859  732  962  781  816  787  933  829  921  885  965  850  915  754  731  759  812  760  873  959  872  843  878  726  931  943  937  768  910  869  755  939  737  786  796  768  890  750  738  722  958  815  738  752  908  836  862  898  826  869  758  853  931  963  966  806  872  865  886  856  864  952  927  960  846  947  834  840  893  895  807  940  799  956  764  878  866  787  859  929  715  800  812  947  876  816  952  922  813  721  930  850  869  977  715  974  952  967  918  763  840  983  770  795  897  760  930  886  964  744  977  796  885  802  748  861  897 
 764  963  738  790  892  935  777  769  906  927  798  811  968  807  803  852  788  757  812  726  910  844  906  809  956  734  913  872  949  892  851  726  840  793  726  800  882    0  816  878  898  865  805  850  871  813  967  880  755  806  715  752  816  874  751  763  791  733  873  861  843  971  717  916  812  942  857  725  943  825  781  723  724  908  941  923  764  982  771  821  784  874  940  952  881  736  957  805  944  755  835  782  891  885  980  901  868  846  864  963  978  892  893  865  878  979  804  950  768  887  921  828  850  949  797  801  862  930  722  948  729  977  897  923  725  736  929  968  802  883  946  833  722  755  894  812  758  850  949  837  721  908  919  905  892  784  734  935  906  920  773  793  982  810  889  939  869  835  978  871  939  958  973  891  932  906  718  962  788  819  922  890  977  969  847  824  864  924  904  923  815  717  759  897  855  901  981  859  964  937  930  835  846  861  839  845  722  947  952  840 
 861  895  939  733  870  911  961  851  954  747  751  872  845  947  877  870  942  856  789  825  798  900  725  822  764  911  814  761  884  795  864  952  864  809  818  834  861  816    0  969  853  928  716  735  804  716  875  870  723  769  931  851  952  893  878  813  924  774  892  844  907  902  730  913  808  923  949  964  974  864  861  864  873  973  788  831  967  801  847  761  940  941  764  979  774  742  875  980  761  899  870  853  762  787  901  920  853  771  931  938  900  843  889  958  938  864  899  797  968  881  881  754  754  804  926  770  906  879  742  739  886  878  749  819  898  892  816  885  715  953  943  922  766  735  818  929  744  966  735  877  815  934  732  966  966  839  753  724  758  843  955  718  785  774  867  983  717  812  887  754  812  834  899  950  846  800  848  940  882  788  744  870  867  980  780  922  967  890  716  894  829  756  847  884  876  736  810  919  728  944  752  758  855  856  970  877  954  856  843  732 
