30 4 24 465

   0  881  941  781  751  963  978  811  726  814  938  869  774  803  951  868  946  721  833  930  729  981  851  889  918  890  846  781  751  895 
 881    0  722  754  941  781  807  907  943  903  819  977  957  743  824  952  831  890  983  820  731  773  908  843  783  938  854  727  918  883 
 941  722    0  924  765  752  872  868  715  757  934  917  846  864  977  929  779  946  868  953  865  779  863  919  931  817  893  787  768  810 
 781  754  924    0  869  910  741  926  722  782  760  797  895  765  889  808  880  769  825  859  980  942  843  887  939  844  970  952  939  742 
 751  941  765  869    0  973  842  902  866  833  746  824  864  774  725  783  738  953  763  948  833  774  834  717  898  774  721  924  966  816 
 963  781  752  910  973    0  916  949  812  963  890  720  722  764  816  957  945  771  925  876  918  884  797  924  853  749  828  741  718  944 
 978  807  872  741  842  916    0  948  832  974  867  959  965  807  952  731  841  812  881  750  930  959  776  838  967  899  827  956  775  816 
 811  907  868  926  902  949  948    0  863  870  973  757  719  861  937  760  965  982  806  741  880  969  817  858  744  729  797  977  955  821 
 726  943  715  722  866  812  832  863    0  723  733  943  960  792  981  949  948  954  945  934  979  760  749  971  763  796  891  819  824  897 
 814  903  757  782  833  963  974  870  723    0  862  833  717  874  893  880  972  901  891  799  767  746  851  827  907  750  967  738  873  815 
 938  819  934  760  746  890  867  973  733  862    0  852  733  947  889  795  897  817  952  761  873  788  826  982  718  936  891  885  799  872 
 869  977  917  797  824  720  959  757  943  833  852    0  766  806  759  968  831  981  794  823  892  860  796  832  931  771  968  970  962  723 
 774  957  846  895  864  722  965  719  960  717  733  766    0  768  916  858  810  856  904  872  974  818  927  864  793  866  924  836  932  884 
 803  743  864  765  774  764  807  861  792  874  947  806  768    0  814  737  721  890  794  867  891  889  890  944  974  901  963  966  957  730 
 951  824  977  889  725  816  952  937  981  893  889  759  916  814    0  797  917  805  863  722  746  720  922  830  838  931  854  901  864  881 
 868  952  929  808  783  957  731  760  949  880  795  968  858  737  797    0  976  727  757  882  792  909  916  911  858  872  760  737  820  948 
 946  831  779  880  738  945  841  965  948  972  897  831  810  721  917  976    0  743  904  950  717  920  934  786  971  918  967  890  795  949 
 721  890  946  769  953  771  812  982  954  901  817  981  856  890  805  727  743    0  787  755  852  727  931  930  946  838  913  758  807  881 
 833  983  868  825  763  925  881  806  945  891  952  794  904  794  863  757  904  787    0  951  754  835  968  837  738  832  958  736  882  893 
 930  820  953  859  948  876  750  741  934  799  761  823  872  867  722  882  950  755  951    0  825  884  835  807  849  860  776  735  794  790 
 729  731  865  980  833  918  930  880  979  767  873  892  974  891  746  792  717  852  754  825    0  877  764  857  880  934  812  825  785  900 
 981  773  779  942  774  884  959  969  760  746  788  860  818  889  720  909  920  727  835  884  877    0  891  821  882  850  917  857  838  887 
 851  908  863  843  834  797  776  817  749  851  826  796  927  890  922  916  934  931  968  835  764  891    0  948  836  737  809  917  782  960 
 889  843  919  887  717  924  838  858  971  827  982  832  864  944  830  911  786  930  837  807  857  821  948    0  850  785  881  894  874  845 
 918  783  931  939  898  853  967  744  763  907  718  931  793  974  838  858  971  946  738  849  880  882  836  850    0  750  886  737  778  780 
 890  938  817  844  774  749  899  729  796  750  936  771  866  901  931  872  918  838  832  860  934  850  737  785  750    0  807  829  924  807 
 846  854  893  970  721  828  827  797  891  967  891  968  924  963  854  760  967  913  958  776  812  917  809  881  886  807    0  821  784  792 
 781  727  787  952  924  741  956  977  819  738  885  970  836  966  901  737  890  758  736  735  825  857  917  894  737  829  821    0  819  969 
 751  918  768  939  966  718  775  955  824  873  799  962  932  957  864  820  795  807  882  794  785  838  782  874  778  924  784  819    0  974 
 895  883  810  742  816  944  816  821  897  815  872  723  884  730  881  948  949  881  893  790  900  887  960  845  780  807  792  969  974    0 

   0 1101 1185  610 1008 1168  667 1113 1028  817  960  959  992  647 1056  888 1025 1151 1109  675  897 1133  839 1072  906  828 1049  731  878 1107 
1101    0  728  743 1020  873 1104  985 1181 1149  893  840 1142  619  733 1177  834 1063  941 1074  666  667  998  818 1196  795  865  630 1170 1072 
1185  728    0  769  846  872  711 1089  783  633  764 1145 1130  730 1084 1021  678 1185  898 1006  783  743 1190 1077  846 1015  778  985  818  892 
 610  743  769    0  739  616  875  643  968  944 1160 1076 1128 1025  935 1007  821  605  782  904  924  976  970  711  994 1070 1079  818  791  744 
1008 1020  846  739    0 1114  809 1105 1019  895  804 1182  992 1004  970  820 1015  951 1058  717  978  807  699 1179  659 1008  946 1155 1117  625 
1168  873  872  616 1114    0  713  970  861  808  982 1055  996 1067  853  783 1093  873  738  787  977 1096 1031  706  812 1140  808 1090 1041  889 
 667 1104  711  875  809  713    0  989  862  746  940 1145  732 1170  950  676  949  987  667  691  697  600  725  758 1129  643  707 1157  839  671 
1113  985 1089  643 1105  970  989    0  971  601 1109  807  716  738  784  827 1124  677 1075  900  752 1017 1182  721  822  663 1145  871  936 1028 
1028 1181  783  968 1019  861  862  971    0  798  669 1102  659  829  952 1106  885 1068  662 1020  608  773  888  936 1084  992 1119  800  660  707 
 817 1149  633  944  895  808  746  601  798    0  936 1116  783  725  732  685  978  948  608 1137 1067  827  714  751 1013  780  971 1161  657  850 
 960  893  764 1160  804  982  940 1109  669  936    0  825 1085 1070  647  730 1098  987  690  730  797  927  828  714 1028  775  780  904  953  755 
 959  840 1145 1076 1182 1055 1145  807 1102 1116  825    0 1038  912  944  645 1129  707  971  998 1052  840 1002 1056  984  659  979  784 1143  623 
 992 1142 1130 1128  992  996  732  716  659  783 1085 1038    0  654  641  649 1132 1024  790  795 1025 1155 1175  923 1113  866  828  698  762 1128 
 647  619  730 1025 1004 1067 1170  738  829  725 1070  912  654    0  885  753 1162  965 1002  862  827  631  632  998  728 1140 1188  673  929 1068 
1056  733 1084  935  970  853  950  784  952  732  647  944  641  885    0  635  942  966 1157  768  657  931  830  784  637  832  860 1150  760  988 
 888 1177 1021 1007  820  783  676  827 1106  685  730  645  649  753  635    0 1074  954 1086  937  825  762  774  876 1116 1102  641  909 1145  723 
1025  834  678  821 1015 1093  949 1124  885  978 1098 1129 1132 1162  942 1074    0 1032  825 1186  805  975 1137 1156  760 1125  737  742  601  879 
1151 1063 1185  605  951  873  987  677 1068  948  987  707 1024  965  966  954 1032    0  941  798  739  661  657  662  731  782  661  694  911  787 
1109  941  898  782 1058  738  667 1075  662  608  690  971  790 1002 1157 1086  825  941    0  712  651  685 1139  676 1115  785 1098 1075  666 1070 
 675 1074 1006  904  717  787  691  900 1020 1137  730  998  795  862  768  937 1186  798  712    0 1003  716  692  902  625  767 1136  875  997  714 
 897  666  783  924  978  977  697  752  608 1067  797 1052 1025  827  657  825  805  739  651 1003    0 1141  681  841  687 1102 1117 1094  770  999 
1133  667  743  976  807 1096  600 1017  773  827  927  840 1155  631  931  762  975  661  685  716 1141    0 1145  730  709  615 1029  904 1197  649 
 839  998 1190  970  699 1031  725 1182  888  714  828 1002 1175  632  830  774 1137  657 1139  692  681 1145    0  634 1043  657  809  912  898 1008 
1072  818 1077  711 1179  706  758  721  936  751  714 1056  923  998  784  876 1156  662  676  902  841  730  634    0  635  737  649  812  608 1047 
 906 1196  846  994  659  812 1129  822 1084 1013 1028  984 1113  728  637 1116  760  731 1115  625  687  709 1043  635    0  901 1119  859  838  886 
 828  795 1015 1070 1008 1140  643  663  992  780  775  659  866 1140  832 1102 1125  782  785  767 1102  615  657  737  901    0 1148  780 1034 1115 
1049  865  778 1079  946  808  707 1145 1119  971  780  979  828 1188  860  641  737  661 1098 1136 1117 1029  809  649 1119 1148    0  777  966  797 
 731  630  985  818 1155 1090 1157  871  800 1161  904  784  698  673 1150  909  742  694 1075  875 1094  904  912  812  859  780  777    0  756  968 
 878 1170  818  791 1117 1041  839  936  660  657  953 1143  762  929  760 1145  601  911  666  997  770 1197  898  608  838 1034  966  756    0  769 
1107 1072  892  744  625  889  671 1028  707  850  755  623 1128 1068  988  723  879  787 1070  714  999  649 1008 1047  886 1115  797  968  769    0 

0 400 752
1 324 777
2 330 1099
3 401 797
4 216 750
5 586 867
6 316 755
7 386 1071
8 407 723
9 275 711
10 640 1072
11 301 987
12 537 950
13 661 770
14 608 785
15 632 742
16 303 944
17 516 723
18 596 750
19 435 1026
20 420 1029
21 380 954
22 432 1035
23 337 702
24 343 910
25 372 1078
26 340 701
27 228 947
28 629 929
29 360 958

0 3 7143 9479 2343 
0 26 17568 20557 1692 
0 21 2015 5697 2943 
0 12 15464 17874 1548 
0 8 30246 34101 1452 
0 19 26771 28728 1860 
0 15 32987 35766 1736 
0 20 29166 32682 1458 
0 24 15627 18770 1836 
0 3 3091 4847 1562 
0 6 29271 30818 2934 
0 21 18012 21716 2943 
0 12 22923 25075 1548 
0 27 30354 32218 3124 
0 8 3859 7158 1452 
0 29 33271 36071 2685 
0 15 30497 33480 2604 
0 22 16413 18728 2553 
0 23 29409 32271 3556 
0 13 34739 36356 2409 
0 5 1471 4461 3852 
0 17 3859 7265 2884 
0 14 196 2445 2853 
1 19 23405 27443 1640 
1 19 10067 13192 2460 
1 16 33508 36235 1662 
1 15 17505 21400 3808 
1 23 15337 17046 2529 
1 24 15149 19478 1566 
1 14 33955 35494 3296 
1 21 28525 30519 1546 
1 9 4573 7422 1806 
1 16 35304 37472 3324 
1 2 16412 18588 2166 
1 17 29416 31967 1780 
1 25 27407 29951 1876 
2 11 19530 22747 3668 
2 9 29801 31275 1514 
2 10 13425 15938 1868 
2 13 7903 10684 2592 
2 11 18110 21796 2751 
2 15 30016 32405 2787 
2 19 18891 21808 3812 
2 1 5624 7626 2166 
2 29 28796 32274 2430 
2 22 9252 13678 1726 
2 5 16506 19758 3008 
2 4 32718 35146 3060 
3 13 8211 11532 2295 
3 11 22699 26023 1594 
3 15 33863 37115 3232 
3 29 33257 34945 2968 
3 6 2391 5138 2223 
3 25 20332 24472 1688 
3 27 36314 38056 1904 
3 23 26128 27720 2661 
3 9 13708 15680 1564 
3 20 26324 29382 2940 
3 16 33763 35733 3520 
3 24 17044 20542 3756 
3 29 33365 35626 1484 
3 22 14413 17332 1686 
3 26 34081 38332 2910 
3 29 32023 34939 2226 
3 19 20024 22094 1718 
3 24 13575 16517 1878 
3 11 30484 34637 3188 
3 15 25588 28729 2424 
3 13 27539 30819 3060 
3 2 5138 7060 2772 
3 10 1806 5889 3040 
4 12 5759 8367 3456 
4 29 364 2338 1632 
4 19 3524 6320 1896 
4 3 25531 27999 3476 
4 14 6020 9191 2175 
4 29 32595 34326 3264 
4 24 18506 20746 1796 
4 24 28943 30491 1796 
4 20 18668 21797 3332 
4 1 17296 20029 1882 
4 28 7845 11251 3864 
4 24 9195 11119 3592 
4 12 19789 22824 1728 
4 29 22965 25258 3264 
4 20 23074 25587 3332 
4 6 1822 5025 1684 
4 13 17695 20827 1548 
4 25 9153 12872 2322 
4 7 27251 30941 3608 
4 2 8411 10627 3060 
4 29 26214 28614 2448 
5 24 19815 23046 1706 
5 20 29304 31267 3672 
5 22 16886 19133 3188 
5 7 18934 21485 3796 
5 25 22878 26263 2996 
5 16 21495 24107 3780 
5 0 26537 30835 3852 
5 8 9179 11942 1624 
5 22 14123 16855 3188 
5 19 29709 32172 2628 
5 26 8678 11716 3312 
6 26 26349 28682 1654 
6 8 31218 34381 2496 
6 29 6025 8514 1632 
6 25 17812 19786 1798 
6 7 14332 17664 3792 
6 24 36337 39656 3868 
6 26 35046 37711 2481 
6 8 3103 6275 1664 
6 17 19133 21403 3248 
6 23 35060 37803 3352 
6 13 29071 32779 2421 
6 1 911 5249 3228 
6 23 6051 8688 1676 
6 26 18263 19684 3308 
6 14 19056 22476 1904 
7 13 30897 32815 1722 
7 29 17520 21621 3284 
7 8 35770 39032 3452 
7 11 19867 22659 3028 
7 22 16615 19652 3268 
7 27 13705 16196 3908 
7 15 31891 33611 3040 
7 10 7524 10374 2919 
7 14 2409 4024 1874 
7 14 20633 23596 1874 
7 9 36003 37613 3480 
7 9 9025 10846 3480 
7 24 7754 9480 1488 
7 5 28092 30972 3796 
7 10 30216 33975 2919 
7 5 27550 31245 2847 
7 18 27548 30181 2418 
8 29 14674 16872 2691 
8 9 16830 19822 2892 
8 23 627 3491 3884 
8 26 35606 38537 2673 
8 27 22719 25215 2457 
8 20 5267 6811 3916 
8 21 2948 5692 3040 
8 0 14595 18491 2178 
8 27 35626 37866 2457 
8 24 18954 21349 2289 
8 5 22066 25380 2436 
8 2 14910 17212 2145 
8 16 768 3688 3792 
8 4 20119 22788 2598 
8 4 23369 27424 1732 
8 26 22636 25321 3564 
8 1 34911 37662 1886 
8 18 8068 9663 1890 
8 6 25922 28378 3328 
9 11 8485 12580 3332 
9 26 19774 23230 1934 
9 22 16202 18850 3404 
9 2 19018 20632 2271 
9 20 31162 33349 3068 
9 27 16990 20600 1476 
9 20 22486 26049 2301 
9 24 28391 32088 3628 
9 8 19757 21959 2892 
9 29 16978 18737 3260 
9 1 15946 19519 1806 
9 25 21317 23134 1500 
9 24 23477 26779 3628 
9 24 31151 33764 2721 
9 8 16710 18705 2892 
9 4 30482 32764 2499 
9 11 32919 37137 3332 
9 14 10704 13287 2679 
9 12 21515 23417 2151 
9 12 16226 17964 1434 
9 21 13883 17108 1492 
9 25 2685 4377 2250 
10 7 5504 8853 2919 
10 21 20843 24031 1576 
10 29 35905 37566 1744 
10 8 28031 29823 1466 
10 23 27868 29481 3928 
10 14 16278 18426 2667 
10 18 1751 3627 1904 
10 5 16265 19957 1780 
10 28 6306 9936 2397 
10 16 33544 37716 3588 
10 18 33944 36586 2856 
10 3 13502 17005 1520 
10 7 25893 28887 3892 
10 9 4806 7136 2586 
10 2 21032 23461 2802 
10 12 33060 35251 2932 
10 28 18950 22228 3196 
10 19 35502 37524 3044 
11 27 28860 30780 3880 
11 22 21143 23768 1592 
11 10 3740 5546 3408 
11 19 32415 36357 1646 
11 12 10272 12649 2298 
11 22 35359 39066 2388 
11 22 21532 24758 2388 
11 25 1893 4252 1542 
11 17 14849 17599 2943 
11 2 13133 17186 2751 
11 5 14284 18134 2880 
11 17 20105 22650 1962 
11 29 15735 17959 1446 
11 24 16039 18282 3724 
11 21 30465 32363 3440 
11 29 1898 3144 2169 
11 8 26340 30241 3772 
11 16 25854 28484 1662 
11 5 23112 25327 2880 
11 3 16331 19924 3188 
11 0 12836 15713 3476 
11 12 27547 29851 2298 
11 2 26312 30262 3668 
12 23 27962 31035 3456 
12 29 3222 5793 1768 
12 3 18780 21306 1790 
12 0 17820 21232 3096 
12 15 15089 16834 2574 
12 14 21604 23885 3664 
12 1 5946 9851 2871 
12 8 19126 20733 3840 
13 22 27169 29311 3560 
13 22 9065 10657 3560 
13 18 4186 6600 3176 
13 29 33696 35960 1460 
13 7 5621 7849 2583 
13 16 30459 32864 2163 
13 20 15394 18611 2673 
13 28 28342 32020 3828 
14 24 27728 29740 3352 
14 7 27500 29381 2811 
14 22 20550 23098 1844 
14 8 35330 37700 1962 
14 2 33558 37265 3908 
14 20 8749 10365 1492 
14 21 21022 23116 2880 
14 8 2999 5331 1962 
14 5 14453 17481 3264 
14 2 15921 19899 1954 
14 1 5545 8147 1648 
14 8 22745 24991 1962 
15 12 18755 20182 3432 
15 28 21420 24729 3280 
15 6 26406 28224 2193 
15 19 23115 26188 1764 
15 29 34490 37006 2844 
15 7 26131 28405 1520 
15 28 3741 8286 3280 
15 18 14884 18424 1514 
15 10 5647 8501 2385 
15 3 17002 20818 3232 
15 13 22418 24857 2948 
15 2 15519 19419 2787 
15 8 34436 36858 3796 
16 5 34613 37411 3780 
16 26 6430 8147 3868 
16 7 8900 12227 3860 
16 28 20823 22577 3180 
16 29 20068 22423 2847 
16 0 5550 8901 3784 
16 29 33191 36496 3796 
16 23 36204 38654 3144 
16 9 3865 6984 2916 
16 28 8867 10183 3180 
16 20 34392 37442 1434 
16 7 19832 22259 1930 
16 11 25612 28615 3324 
16 8 16159 18858 2844 
16 23 4487 8972 2358 
16 9 7904 10671 2916 
16 24 35497 37754 3884 
16 6 8171 11093 1682 
16 27 27354 30136 2670 
16 12 5262 8069 2430 
16 10 1856 4557 3588 
16 10 31132 33393 1794 
17 23 17793 20288 2790 
17 24 6167 8586 3784 
17 6 33333 35849 3248 
17 28 5649 8837 1614 
17 28 6329 9681 2421 
17 24 2346 4772 1892 
17 28 4408 7368 2421 
17 3 19602 21187 1538 
18 29 1862 5821 2679 
18 25 34187 36447 3328 
18 17 27774 29947 1574 
18 25 36222 37956 3328 
18 15 17017 20112 1514 
18 27 20094 23609 2208 
18 2 7273 10541 2604 
18 13 21161 24167 3176 
18 9 19881 22033 3564 
18 21 4850 6500 2505 
18 19 26380 27910 1902 
18 28 25812 28202 1764 
18 10 33060 35426 1904 
18 14 28435 32611 2589 
18 6 13905 15392 3524 
18 17 12915 16330 3148 
18 21 34597 36987 3340 
18 4 16254 20295 1526 
18 25 29489 31420 1664 
18 23 6514 7926 2511 
18 8 8747 11070 1890 
19 13 2637 4361 2601 
19 15 2416 5667 3528 
19 26 27505 29867 2328 
19 12 31587 34560 2616 
19 20 1138 4407 1650 
19 20 29085 31692 1650 
19 14 31558 33493 2166 
19 10 1419 4309 3044 
19 2 3632 6096 3812 
19 28 3501 6681 2382 
19 22 5218 6643 2505 
20 24 10239 11674 1760 
20 26 29614 33501 3248 
20 8 16975 18343 2937 
20 12 5978 8335 3896 
20 1 10292 12929 1462 
20 19 17091 19498 3300 
20 5 35618 37591 3672 
20 9 31699 34739 2301 
20 15 96 2472 2376 
20 12 2002 5251 3896 
20 6 28256 29650 3720 
20 13 2041 4050 3564 
20 28 4896 7175 1570 
20 13 34540 36508 2673 
20 12 27257 29307 3896 
20 12 28504 32142 1948 
20 18 14462 16069 2262 
20 8 30425 31732 2937 
20 19 36454 40355 1650 
20 3 34182 37138 2940 
20 8 32651 34882 3916 
20 25 33496 36790 2802 
20 28 1514 3423 2355 
20 19 20275 23374 3300 
21 5 14177 17706 1768 
21 24 3714 5500 1764 
21 9 9146 11321 1492 
21 25 22027 23865 3400 
21 23 31528 34309 2463 
21 24 23130 24838 2646 
21 19 6996 9466 3536 
21 20 22856 25537 2631 
22 16 3276 5663 1868 
22 27 8270 11325 2751 
22 29 18993 22027 1920 
22 28 27270 29694 3128 
22 17 6413 7740 3724 
22 0 5430 8014 1702 
22 12 31387 35440 3708 
22 3 19139 21496 2529 
22 26 12935 15442 1618 
22 28 13120 15643 3128 
23 16 31123 35585 3144 
23 13 36320 38375 1888 
23 7 5840 8154 2574 
23 6 14683 16881 1676 
23 22 13564 15478 1896 
23 0 15767 19111 1778 
23 24 33172 35604 3400 
23 15 15401 17345 1822 
23 8 17928 20015 2913 
23 18 27613 29668 1674 
23 20 16547 19591 3428 
23 28 18804 20688 2622 
23 9 28979 31645 1654 
23 16 31488 35707 1572 
23 16 124 4089 3144 
23 4 5102 9759 1434 
23 2 26888 29483 1838 
24 8 22380 26618 3052 
24 0 4962 7516 2754 
24 0 2744 4646 2754 
24 16 31849 34364 1942 
24 26 15468 19798 1772 
24 29 14997 17601 2340 
24 10 8561 11357 1436 
24 3 23224 27190 1878 
24 19 161 1711 1698 
24 21 30458 32358 1764 
24 7 21144 23856 2976 
24 4 5400 6757 1796 
24 23 31500 32833 2550 
25 7 605 3131 2187 
25 13 18649 23197 3604 
25 17 9679 12212 1676 
25 19 14401 16962 3440 
25 15 17822 20378 2616 
25 28 10653 13082 2772 
25 1 6074 8411 3752 
25 20 8212 12366 2802 
25 17 4062 6134 1676 
25 20 31908 35291 3736 
25 4 33243 35309 1548 
25 7 14284 16577 2187 
26 27 7290 9488 1642 
26 29 29428 31508 3168 
26 9 3165 5728 2901 
26 9 12838 16168 2901 
26 25 25739 28758 2421 
26 4 2004 4510 2163 
26 22 31133 34021 2427 
26 5 27673 29927 3312 
26 16 28246 29882 2901 
27 28 1332 3826 3276 
27 11 19428 22117 1940 
27 12 1224 2766 3344 
27 1 5886 8040 2908 
27 22 6294 8665 3668 
27 8 19859 21619 1638 
27 29 9974 13623 2907 
27 15 20750 23058 2948 
27 18 25992 29249 2208 
27 6 30145 33592 3824 
27 11 36254 39146 3880 
27 0 26983 29285 1562 
27 9 31517 35174 2952 
27 21 27516 30978 3428 
28 1 28408 30771 1836 
28 22 27712 30756 2346 
28 16 13568 15383 3180 
28 24 25732 27718 1556 
28 24 8770 11937 1556 
28 6 9948 12456 1550 
28 13 14441 17701 3828 
28 22 30425 33999 2346 
28 26 20439 23037 1568 
28 18 9971 11462 3528 
28 10 20680 24129 1598 
28 23 2912 5307 3496 
28 26 29373 31517 1568 
28 24 3164 6348 2334 
28 14 32128 33723 3456 
28 16 16557 18444 2385 
29 27 26496 29748 3876 
29 3 9551 12021 2226 
29 7 33066 36972 3284 
29 6 7359 9660 3264 
29 15 16645 18560 2844 
29 24 27586 30394 2340 
29 21 32809 34963 3548 
29 20 5253 8939 2700 
29 22 7047 10292 2880 
29 12 14781 17544 3536 
29 25 6505 9482 3228 
29 22 4997 8998 2880 
29 14 2905 6046 3524 
29 7 30678 34563 2463 
29 14 19595 22815 1762 
29 16 16101 18307 3796 
29 14 21977 24012 1762 
29 19 26210 28958 2370 
29 18 30839 33321 2679 
29 0 17379 21065 2685 
29 16 13088 15100 1898 
29 1 31389 33779 1766 

0 1 0 0
0 1 1 0
0 1 2 0
0 1 3 0
0 1 4 0
0 2 0 0
0 2 1 0
0 2 2 0
0 2 3 0
0 2 4 0
0 3 0 3447
0 3 1 3447
0 3 2 3447
0 3 3 0
0 3 4 0
0 4 0 0
0 4 1 0
0 4 2 0
0 4 3 0
0 4 4 0
0 5 0 0
0 5 1 0
0 5 2 0
0 5 3 0
0 5 4 0
0 6 0 0
0 6 1 0
0 6 2 0
0 6 3 0
0 6 4 0
0 7 0 3463
0 7 1 3463
0 7 2 3463
0 7 3 0
0 7 4 0
0 8 0 3649
0 8 1 3649
0 8 2 0
0 8 3 0
0 8 4 0
0 9 0 3110
0 9 1 3110
0 9 2 0
0 9 3 0
0 9 4 0
0 10 0 3395
0 10 1 3395
0 10 2 3395
0 10 3 0
0 10 4 0
0 11 0 3776
0 11 1 3776
0 11 2 0
0 11 3 0
0 11 4 0
0 12 0 0
0 12 1 0
0 12 2 0
0 12 3 0
0 12 4 0
0 13 0 3033
0 13 1 3033
0 13 2 3033
0 13 3 0
0 13 4 0
0 14 0 0
0 14 1 0
0 14 2 0
0 14 3 0
0 14 4 0
0 15 0 0
0 15 1 0
0 15 2 0
0 15 3 0
0 15 4 0
0 16 0 0
0 16 1 0
0 16 2 0
0 16 3 0
0 16 4 0
0 17 0 0
0 17 1 0
0 17 2 0
0 17 3 0
0 17 4 0
0 18 0 0
0 18 1 0
0 18 2 0
0 18 3 0
0 18 4 0
0 19 0 0
0 19 1 0
0 19 2 0
0 19 3 0
0 19 4 0
0 20 0 0
0 20 1 0
0 20 2 0
0 20 3 0
0 20 4 0
0 21 0 3418
0 21 1 3418
0 21 2 0
0 21 3 0
0 21 4 0
0 22 0 0
0 22 1 0
0 22 2 0
0 22 3 0
0 22 4 0
0 23 0 3473
0 23 1 3473
0 23 2 0
0 23 3 0
0 23 4 0
0 24 0 3518
0 24 1 3518
0 24 2 3518
0 24 3 0
0 24 4 0
0 25 0 0
0 25 1 0
0 25 2 0
0 25 3 0
0 25 4 0
0 26 0 0
0 26 1 0
0 26 2 0
0 26 3 0
0 26 4 0
0 27 0 3852
0 27 1 3852
0 27 2 0
0 27 3 0
0 27 4 0
0 28 0 0
0 28 1 0
0 28 2 0
0 28 3 0
0 28 4 0
0 29 0 3181
0 29 1 3181
0 29 2 3181
0 29 3 0
0 29 4 0
1 0 0 0
1 0 1 0
1 0 2 0
1 0 3 0
1 0 4 0
1 2 0 0
1 2 1 0
1 2 2 0
1 2 3 0
1 2 4 0
1 3 0 0
1 3 1 0
1 3 2 0
1 3 3 0
1 3 4 0
1 4 0 0
1 4 1 0
1 4 2 0
1 4 3 0
1 4 4 0
1 5 0 0
1 5 1 0
1 5 2 0
1 5 3 0
1 5 4 0
1 6 0 0
1 6 1 0
1 6 2 0
1 6 3 0
1 6 4 0
1 7 0 0
1 7 1 0
1 7 2 0
1 7 3 0
1 7 4 0
1 8 0 0
1 8 1 0
1 8 2 0
1 8 3 0
1 8 4 0
1 9 0 3093
1 9 1 3093
1 9 2 3093
1 9 3 0
1 9 4 0
1 10 0 0
1 10 1 0
1 10 2 0
1 10 3 0
1 10 4 0
1 11 0 0
1 11 1 0
1 11 2 0
1 11 3 0
1 11 4 0
1 12 0 3823
1 12 1 3823
1 12 2 0
1 12 3 0
1 12 4 0
1 13 0 0
1 13 1 0
1 13 2 0
1 13 3 0
1 13 4 0
1 14 0 0
1 14 1 0
1 14 2 0
1 14 3 0
1 14 4 0
1 15 0 3908
1 15 1 3908
1 15 2 0
1 15 3 0
1 15 4 0
1 16 0 0
1 16 1 0
1 16 2 0
1 16 3 0
1 16 4 0
1 17 0 0
1 17 1 0
1 17 2 0
1 17 3 0
1 17 4 0
1 18 0 0
1 18 1 0
1 18 2 0
1 18 3 0
1 18 4 0
1 19 0 0
1 19 1 0
1 19 2 0
1 19 3 0
1 19 4 0
1 20 0 0
1 20 1 0
1 20 2 0
1 20 3 0
1 20 4 0
1 21 0 0
1 21 1 0
1 21 2 0
1 21 3 0
1 21 4 0
1 22 0 0
1 22 1 0
1 22 2 0
1 22 3 0
1 22 4 0
1 23 0 0
1 23 1 0
1 23 2 0
1 23 3 0
1 23 4 0
1 24 0 0
1 24 1 0
1 24 2 0
1 24 3 0
1 24 4 0
1 25 0 0
1 25 1 0
1 25 2 0
1 25 3 0
1 25 4 0
1 26 0 0
1 26 1 0
1 26 2 0
1 26 3 0
1 26 4 0
1 27 0 0
1 27 1 0
1 27 2 0
1 27 3 0
1 27 4 0
1 28 0 0
1 28 1 0
1 28 2 0
1 28 3 0
1 28 4 0
1 29 0 0
1 29 1 0
1 29 2 0
1 29 3 0
1 29 4 0
2 0 0 0
2 0 1 0
2 0 2 0
2 0 3 0
2 0 4 0
2 1 0 0
2 1 1 0
2 1 2 0
2 1 3 0
2 1 4 0
2 3 0 3948
2 3 1 3948
2 3 2 3948
2 3 3 0
2 3 4 0
2 4 0 0
2 4 1 0
2 4 2 0
2 4 3 0
2 4 4 0
2 5 0 0
2 5 1 0
2 5 2 0
2 5 3 0
2 5 4 0
2 6 0 3384
2 6 1 3384
2 6 2 3384
2 6 3 0
2 6 4 0
2 7 0 0
2 7 1 0
2 7 2 0
2 7 3 0
2 7 4 0
2 8 0 0
2 8 1 0
2 8 2 0
2 8 3 0
2 8 4 0
2 9 0 0
2 9 1 0
2 9 2 0
2 9 3 0
2 9 4 0
2 10 0 0
2 10 1 0
2 10 2 0
2 10 3 0
2 10 4 0
2 11 0 0
2 11 1 0
2 11 2 0
2 11 3 0
2 11 4 0
2 12 0 0
2 12 1 0
2 12 2 0
2 12 3 0
2 12 4 0
2 13 0 3955
2 13 1 3955
2 13 2 0
2 13 3 0
2 13 4 0
2 14 0 0
2 14 1 0
2 14 2 0
2 14 3 0
2 14 4 0
2 15 0 0
2 15 1 0
2 15 2 0
2 15 3 0
2 15 4 0
2 16 0 0
2 16 1 0
2 16 2 0
2 16 3 0
2 16 4 0
2 17 0 3045
2 17 1 3045
2 17 2 0
2 17 3 0
2 17 4 0
2 18 0 0
2 18 1 0
2 18 2 0
2 18 3 0
2 18 4 0
2 19 0 0
2 19 1 0
2 19 2 0
2 19 3 0
2 19 4 0
2 20 0 3308
2 20 1 3308
2 20 2 3308
2 20 3 0
2 20 4 0
2 21 0 3836
2 21 1 3836
2 21 2 0
2 21 3 0
2 21 4 0
2 22 0 3025
2 22 1 3025
2 22 2 0
2 22 3 0
2 22 4 0
2 23 0 3780
2 23 1 3780
2 23 2 3780
2 23 3 0
2 23 4 0
2 24 0 3362
2 24 1 3362
2 24 2 0
2 24 3 0
2 24 4 0
2 25 0 3001
2 25 1 3001
2 25 2 3001
2 25 3 0
2 25 4 0
2 26 0 3491
2 26 1 3491
2 26 2 3491
2 26 3 0
2 26 4 0
2 27 0 0
2 27 1 0
2 27 2 0
2 27 3 0
2 27 4 0
2 28 0 3099
2 28 1 3099
2 28 2 3099
2 28 3 0
2 28 4 0
2 29 0 3236
2 29 1 3236
2 29 2 0
2 29 3 0
2 29 4 0
3 0 0 3447
3 0 1 3447
3 0 2 3447
3 0 3 0
3 0 4 0
3 1 0 0
3 1 1 0
3 1 2 0
3 1 3 0
3 1 4 0
3 2 0 3948
3 2 1 3948
3 2 2 3948
3 2 3 0
3 2 4 0
3 4 0 0
3 4 1 0
3 4 2 0
3 4 3 0
3 4 4 0
3 5 0 0
3 5 1 0
3 5 2 0
3 5 3 0
3 5 4 0
3 6 0 0
3 6 1 0
3 6 2 0
3 6 3 0
3 6 4 0
3 7 0 0
3 7 1 0
3 7 2 0
3 7 3 0
3 7 4 0
3 8 0 0
3 8 1 0
3 8 2 0
3 8 3 0
3 8 4 0
3 9 0 0
3 9 1 0
3 9 2 0
3 9 3 0
3 9 4 0
3 10 0 3114
3 10 1 3114
3 10 2 0
3 10 3 0
3 10 4 0
3 11 0 3653
3 11 1 3653
3 11 2 0
3 11 3 0
3 11 4 0
3 12 0 0
3 12 1 0
3 12 2 0
3 12 3 0
3 12 4 0
3 13 0 3337
3 13 1 3337
3 13 2 0
3 13 3 0
3 13 4 0
3 14 0 3646
3 14 1 3646
3 14 2 0
3 14 3 0
3 14 4 0
3 15 0 3983
3 15 1 3983
3 15 2 0
3 15 3 0
3 15 4 0
3 16 0 3330
3 16 1 3330
3 16 2 0
3 16 3 0
3 16 4 0
3 17 0 0
3 17 1 0
3 17 2 0
3 17 3 0
3 17 4 0
3 18 0 3799
3 18 1 3799
3 18 2 3799
3 18 3 0
3 18 4 0
3 19 0 3820
3 19 1 3820
3 19 2 3820
3 19 3 0
3 19 4 0
3 20 0 3369
3 20 1 3369
3 20 2 0
3 20 3 0
3 20 4 0
3 21 0 3681
3 21 1 3681
3 21 2 3681
3 21 3 0
3 21 4 0
3 22 0 0
3 22 1 0
3 22 2 0
3 22 3 0
3 22 4 0
3 23 0 0
3 23 1 0
3 23 2 0
3 23 3 0
3 23 4 0
3 24 0 0
3 24 1 0
3 24 2 0
3 24 3 0
3 24 4 0
3 25 0 3192
3 25 1 3192
3 25 2 0
3 25 3 0
3 25 4 0
3 26 0 0
3 26 1 0
3 26 2 0
3 26 3 0
3 26 4 0
3 27 0 3230
3 27 1 3230
3 27 2 3230
3 27 3 0
3 27 4 0
3 28 0 0
3 28 1 0
3 28 2 0
3 28 3 0
3 28 4 0
3 29 0 0
3 29 1 0
3 29 2 0
3 29 3 0
3 29 4 0
4 0 0 0
4 0 1 0
4 0 2 0
4 0 3 0
4 0 4 0
4 1 0 0
4 1 1 0
4 1 2 0
4 1 3 0
4 1 4 0
4 2 0 0
4 2 1 0
4 2 2 0
4 2 3 0
4 2 4 0
4 3 0 0
4 3 1 0
4 3 2 0
4 3 3 0
4 3 4 0
4 5 0 0
4 5 1 0
4 5 2 0
4 5 3 0
4 5 4 0
4 6 0 0
4 6 1 0
4 6 2 0
4 6 3 0
4 6 4 0
4 7 0 0
4 7 1 0
4 7 2 0
4 7 3 0
4 7 4 0
4 8 0 3370
4 8 1 3370
4 8 2 3370
4 8 3 0
4 8 4 0
4 9 0 3998
4 9 1 3998
4 9 2 3998
4 9 3 0
4 9 4 0
4 10 0 0
4 10 1 0
4 10 2 0
4 10 3 0
4 10 4 0
4 11 0 3882
4 11 1 3882
4 11 2 3882
4 11 3 0
4 11 4 0
4 12 0 3389
4 12 1 3389
4 12 2 0
4 12 3 0
4 12 4 0
4 13 0 3528
4 13 1 3528
4 13 2 0
4 13 3 0
4 13 4 0
4 14 0 0
4 14 1 0
4 14 2 0
4 14 3 0
4 14 4 0
4 15 0 0
4 15 1 0
4 15 2 0
4 15 3 0
4 15 4 0
4 16 0 0
4 16 1 0
4 16 2 0
4 16 3 0
4 16 4 0
4 17 0 3305
4 17 1 3305
4 17 2 0
4 17 3 0
4 17 4 0
4 18 0 3845
4 18 1 3845
4 18 2 3845
4 18 3 0
4 18 4 0
4 19 0 3435
4 19 1 3435
4 19 2 3435
4 19 3 0
4 19 4 0
4 20 0 0
4 20 1 0
4 20 2 0
4 20 3 0
4 20 4 0
4 21 0 0
4 21 1 0
4 21 2 0
4 21 3 0
4 21 4 0
4 22 0 0
4 22 1 0
4 22 2 0
4 22 3 0
4 22 4 0
4 23 0 0
4 23 1 0
4 23 2 0
4 23 3 0
4 23 4 0
4 24 0 0
4 24 1 0
4 24 2 0
4 24 3 0
4 24 4 0
4 25 0 0
4 25 1 0
4 25 2 0
4 25 3 0
4 25 4 0
4 26 0 0
4 26 1 0
4 26 2 0
4 26 3 0
4 26 4 0
4 27 0 0
4 27 1 0
4 27 2 0
4 27 3 0
4 27 4 0
4 28 0 0
4 28 1 0
4 28 2 0
4 28 3 0
4 28 4 0
4 29 0 0
4 29 1 0
4 29 2 0
4 29 3 0
4 29 4 0
5 0 0 0
5 0 1 0
5 0 2 0
5 0 3 0
5 0 4 0
5 1 0 0
5 1 1 0
5 1 2 0
5 1 3 0
5 1 4 0
5 2 0 0
5 2 1 0
5 2 2 0
5 2 3 0
5 2 4 0
5 3 0 0
5 3 1 0
5 3 2 0
5 3 3 0
5 3 4 0
5 4 0 0
5 4 1 0
5 4 2 0
5 4 3 0
5 4 4 0
5 6 0 3811
5 6 1 3811
5 6 2 0
5 6 3 0
5 6 4 0
5 7 0 0
5 7 1 0
5 7 2 0
5 7 3 0
5 7 4 0
5 8 0 3037
5 8 1 3037
5 8 2 3037
5 8 3 0
5 8 4 0
5 9 0 0
5 9 1 0
5 9 2 0
5 9 3 0
5 9 4 0
5 10 0 0
5 10 1 0
5 10 2 0
5 10 3 0
5 10 4 0
5 11 0 0
5 11 1 0
5 11 2 0
5 11 3 0
5 11 4 0
5 12 0 0
5 12 1 0
5 12 2 0
5 12 3 0
5 12 4 0
5 13 0 3038
5 13 1 3038
5 13 2 3038
5 13 3 0
5 13 4 0
5 14 0 0
5 14 1 0
5 14 2 0
5 14 3 0
5 14 4 0
5 15 0 0
5 15 1 0
5 15 2 0
5 15 3 0
5 15 4 0
5 16 0 3026
5 16 1 3026
5 16 2 0
5 16 3 0
5 16 4 0
5 17 0 3278
5 17 1 3278
5 17 2 3278
5 17 3 0
5 17 4 0
5 18 0 3364
5 18 1 3364
5 18 2 3364
5 18 3 0
5 18 4 0
5 19 0 0
5 19 1 0
5 19 2 0
5 19 3 0
5 19 4 0
5 20 0 3766
5 20 1 3766
5 20 2 3766
5 20 3 0
5 20 4 0
5 21 0 0
5 21 1 0
5 21 2 0
5 21 3 0
5 21 4 0
5 22 0 0
5 22 1 0
5 22 2 0
5 22 3 0
5 22 4 0
5 23 0 0
5 23 1 0
5 23 2 0
5 23 3 0
5 23 4 0
5 24 0 0
5 24 1 0
5 24 2 0
5 24 3 0
5 24 4 0
5 25 0 0
5 25 1 0
5 25 2 0
5 25 3 0
5 25 4 0
5 26 0 0
5 26 1 0
5 26 2 0
5 26 3 0
5 26 4 0
5 27 0 0
5 27 1 0
5 27 2 0
5 27 3 0
5 27 4 0
5 28 0 0
5 28 1 0
5 28 2 0
5 28 3 0
5 28 4 0
5 29 0 0
5 29 1 0
5 29 2 0
5 29 3 0
5 29 4 0
6 0 0 0
6 0 1 0
6 0 2 0
6 0 3 0
6 0 4 0
6 1 0 0
6 1 1 0
6 1 2 0
6 1 3 0
6 1 4 0
6 2 0 3384
6 2 1 3384
6 2 2 3384
6 2 3 0
6 2 4 0
6 3 0 0
6 3 1 0
6 3 2 0
6 3 3 0
6 3 4 0
6 4 0 0
6 4 1 0
6 4 2 0
6 4 3 0
6 4 4 0
6 5 0 3811
6 5 1 3811
6 5 2 0
6 5 3 0
6 5 4 0
6 7 0 0
6 7 1 0
6 7 2 0
6 7 3 0
6 7 4 0
6 8 0 0
6 8 1 0
6 8 2 0
6 8 3 0
6 8 4 0
6 9 0 3297
6 9 1 3297
6 9 2 3297
6 9 3 0
6 9 4 0
6 10 0 3540
6 10 1 3540
6 10 2 0
6 10 3 0
6 10 4 0
6 11 0 0
6 11 1 0
6 11 2 0
6 11 3 0
6 11 4 0
6 12 0 0
6 12 1 0
6 12 2 0
6 12 3 0
6 12 4 0
6 13 0 0
6 13 1 0
6 13 2 0
6 13 3 0
6 13 4 0
6 14 0 3677
6 14 1 3677
6 14 2 0
6 14 3 0
6 14 4 0
6 15 0 3042
6 15 1 3042
6 15 2 0
6 15 3 0
6 15 4 0
6 16 0 0
6 16 1 0
6 16 2 0
6 16 3 0
6 16 4 0
6 17 0 0
6 17 1 0
6 17 2 0
6 17 3 0
6 17 4 0
6 18 0 3216
6 18 1 3216
6 18 2 0
6 18 3 0
6 18 4 0
6 19 0 3624
6 19 1 3624
6 19 2 3624
6 19 3 0
6 19 4 0
6 20 0 0
6 20 1 0
6 20 2 0
6 20 3 0
6 20 4 0
6 21 0 0
6 21 1 0
6 21 2 0
6 21 3 0
6 21 4 0
6 22 0 0
6 22 1 0
6 22 2 0
6 22 3 0
6 22 4 0
6 23 0 0
6 23 1 0
6 23 2 0
6 23 3 0
6 23 4 0
6 24 0 3017
6 24 1 3017
6 24 2 3017
6 24 3 0
6 24 4 0
6 25 0 0
6 25 1 0
6 25 2 0
6 25 3 0
6 25 4 0
6 26 0 0
6 26 1 0
6 26 2 0
6 26 3 0
6 26 4 0
6 27 0 3164
6 27 1 3164
6 27 2 3164
6 27 3 0
6 27 4 0
6 28 0 3094
6 28 1 3094
6 28 2 3094
6 28 3 0
6 28 4 0
6 29 0 0
6 29 1 0
6 29 2 0
6 29 3 0
6 29 4 0
7 0 0 3463
7 0 1 3463
7 0 2 3463
7 0 3 0
7 0 4 0
7 1 0 0
7 1 1 0
7 1 2 0
7 1 3 0
7 1 4 0
7 2 0 0
7 2 1 0
7 2 2 0
7 2 3 0
7 2 4 0
7 3 0 0
7 3 1 0
7 3 2 0
7 3 3 0
7 3 4 0
7 4 0 0
7 4 1 0
7 4 2 0
7 4 3 0
7 4 4 0
7 5 0 0
7 5 1 0
7 5 2 0
7 5 3 0
7 5 4 0
7 6 0 0
7 6 1 0
7 6 2 0
7 6 3 0
7 6 4 0
7 8 0 0
7 8 1 0
7 8 2 0
7 8 3 0
7 8 4 0
7 9 0 3739
7 9 1 3739
7 9 2 3739
7 9 3 0
7 9 4 0
7 10 0 0
7 10 1 0
7 10 2 0
7 10 3 0
7 10 4 0
7 11 0 0
7 11 1 0
7 11 2 0
7 11 3 0
7 11 4 0
7 12 0 0
7 12 1 0
7 12 2 0
7 12 3 0
7 12 4 0
7 13 0 3821
7 13 1 3821
7 13 2 3821
7 13 3 0
7 13 4 0
7 14 0 0
7 14 1 0
7 14 2 0
7 14 3 0
7 14 4 0
7 15 0 0
7 15 1 0
7 15 2 0
7 15 3 0
7 15 4 0
7 16 0 0
7 16 1 0
7 16 2 0
7 16 3 0
7 16 4 0
7 17 0 0
7 17 1 0
7 17 2 0
7 17 3 0
7 17 4 0
7 18 0 3372
7 18 1 3372
7 18 2 0
7 18 3 0
7 18 4 0
7 19 0 3850
7 19 1 3850
7 19 2 3850
7 19 3 0
7 19 4 0
7 20 0 3470
7 20 1 3470
7 20 2 0
7 20 3 0
7 20 4 0
7 21 0 0
7 21 1 0
7 21 2 0
7 21 3 0
7 21 4 0
7 22 0 3987
7 22 1 3987
7 22 2 3987
7 22 3 0
7 22 4 0
7 23 0 0
7 23 1 0
7 23 2 0
7 23 3 0
7 23 4 0
7 24 0 0
7 24 1 0
7 24 2 0
7 24 3 0
7 24 4 0
7 25 0 0
7 25 1 0
7 25 2 0
7 25 3 0
7 25 4 0
7 26 0 3624
7 26 1 3624
7 26 2 3624
7 26 3 0
7 26 4 0
7 27 0 3486
7 27 1 3486
7 27 2 0
7 27 3 0
7 27 4 0
7 28 0 0
7 28 1 0
7 28 2 0
7 28 3 0
7 28 4 0
7 29 0 0
7 29 1 0
7 29 2 0
7 29 3 0
7 29 4 0
8 0 0 3649
8 0 1 3649
8 0 2 0
8 0 3 0
8 0 4 0
8 1 0 0
8 1 1 0
8 1 2 0
8 1 3 0
8 1 4 0
8 2 0 0
8 2 1 0
8 2 2 0
8 2 3 0
8 2 4 0
8 3 0 0
8 3 1 0
8 3 2 0
8 3 3 0
8 3 4 0
8 4 0 3370
8 4 1 3370
8 4 2 3370
8 4 3 0
8 4 4 0
8 5 0 3037
8 5 1 3037
8 5 2 3037
8 5 3 0
8 5 4 0
8 6 0 0
8 6 1 0
8 6 2 0
8 6 3 0
8 6 4 0
8 7 0 0
8 7 1 0
8 7 2 0
8 7 3 0
8 7 4 0
8 9 0 0
8 9 1 0
8 9 2 0
8 9 3 0
8 9 4 0
8 10 0 3732
8 10 1 3732
8 10 2 3732
8 10 3 0
8 10 4 0
8 11 0 0
8 11 1 0
8 11 2 0
8 11 3 0
8 11 4 0
8 12 0 3650
8 12 1 3650
8 12 2 3650
8 12 3 0
8 12 4 0
8 13 0 0
8 13 1 0
8 13 2 0
8 13 3 0
8 13 4 0
8 14 0 0
8 14 1 0
8 14 2 0
8 14 3 0
8 14 4 0
8 15 0 0
8 15 1 0
8 15 2 0
8 15 3 0
8 15 4 0
8 16 0 0
8 16 1 0
8 16 2 0
8 16 3 0
8 16 4 0
8 17 0 0
8 17 1 0
8 17 2 0
8 17 3 0
8 17 4 0
8 18 0 0
8 18 1 0
8 18 2 0
8 18 3 0
8 18 4 0
8 19 0 3862
8 19 1 3862
8 19 2 0
8 19 3 0
8 19 4 0
8 20 0 3804
8 20 1 3804
8 20 2 0
8 20 3 0
8 20 4 0
8 21 0 0
8 21 1 0
8 21 2 0
8 21 3 0
8 21 4 0
8 22 0 0
8 22 1 0
8 22 2 0
8 22 3 0
8 22 4 0
8 23 0 3492
8 23 1 3492
8 23 2 0
8 23 3 0
8 23 4 0
8 24 0 0
8 24 1 0
8 24 2 0
8 24 3 0
8 24 4 0
8 25 0 0
8 25 1 0
8 25 2 0
8 25 3 0
8 25 4 0
8 26 0 3979
8 26 1 3979
8 26 2 3979
8 26 3 0
8 26 4 0
8 27 0 3333
8 27 1 3333
8 27 2 3333
8 27 3 0
8 27 4 0
8 28 0 0
8 28 1 0
8 28 2 0
8 28 3 0
8 28 4 0
8 29 0 0
8 29 1 0
8 29 2 0
8 29 3 0
8 29 4 0
9 0 0 3110
9 0 1 3110
9 0 2 0
9 0 3 0
9 0 4 0
9 1 0 3093
9 1 1 3093
9 1 2 3093
9 1 3 0
9 1 4 0
9 2 0 0
9 2 1 0
9 2 2 0
9 2 3 0
9 2 4 0
9 3 0 0
9 3 1 0
9 3 2 0
9 3 3 0
9 3 4 0
9 4 0 3998
9 4 1 3998
9 4 2 3998
9 4 3 0
9 4 4 0
9 5 0 0
9 5 1 0
9 5 2 0
9 5 3 0
9 5 4 0
9 6 0 3297
9 6 1 3297
9 6 2 3297
9 6 3 0
9 6 4 0
9 7 0 3739
9 7 1 3739
9 7 2 3739
9 7 3 0
9 7 4 0
9 8 0 0
9 8 1 0
9 8 2 0
9 8 3 0
9 8 4 0
9 10 0 0
9 10 1 0
9 10 2 0
9 10 3 0
9 10 4 0
9 11 0 0
9 11 1 0
9 11 2 0
9 11 3 0
9 11 4 0
9 12 0 3436
9 12 1 3436
9 12 2 0
9 12 3 0
9 12 4 0
9 13 0 3599
9 13 1 3599
9 13 2 3599
9 13 3 0
9 13 4 0
9 14 0 0
9 14 1 0
9 14 2 0
9 14 3 0
9 14 4 0
9 15 0 0
9 15 1 0
9 15 2 0
9 15 3 0
9 15 4 0
9 16 0 3944
9 16 1 3944
9 16 2 0
9 16 3 0
9 16 4 0
9 17 0 0
9 17 1 0
9 17 2 0
9 17 3 0
9 17 4 0
9 18 0 0
9 18 1 0
9 18 2 0
9 18 3 0
9 18 4 0
9 19 0 0
9 19 1 0
9 19 2 0
9 19 3 0
9 19 4 0
9 20 0 3382
9 20 1 3382
9 20 2 3382
9 20 3 0
9 20 4 0
9 21 0 0
9 21 1 0
9 21 2 0
9 21 3 0
9 21 4 0
9 22 0 0
9 22 1 0
9 22 2 0
9 22 3 0
9 22 4 0
9 23 0 0
9 23 1 0
9 23 2 0
9 23 3 0
9 23 4 0
9 24 0 3302
9 24 1 3302
9 24 2 3302
9 24 3 0
9 24 4 0
9 25 0 3990
9 25 1 3990
9 25 2 0
9 25 3 0
9 25 4 0
9 26 0 0
9 26 1 0
9 26 2 0
9 26 3 0
9 26 4 0
9 27 0 0
9 27 1 0
9 27 2 0
9 27 3 0
9 27 4 0
9 28 0 0
9 28 1 0
9 28 2 0
9 28 3 0
9 28 4 0
9 29 0 3358
9 29 1 3358
9 29 2 3358
9 29 3 0
9 29 4 0
10 0 0 3395
10 0 1 3395
10 0 2 3395
10 0 3 0
10 0 4 0
10 1 0 0
10 1 1 0
10 1 2 0
10 1 3 0
10 1 4 0
10 2 0 0
10 2 1 0
10 2 2 0
10 2 3 0
10 2 4 0
10 3 0 3114
10 3 1 3114
10 3 2 0
10 3 3 0
10 3 4 0
10 4 0 0
10 4 1 0
10 4 2 0
10 4 3 0
10 4 4 0
10 5 0 0
10 5 1 0
10 5 2 0
10 5 3 0
10 5 4 0
10 6 0 3540
10 6 1 3540
10 6 2 0
10 6 3 0
10 6 4 0
10 7 0 0
10 7 1 0
10 7 2 0
10 7 3 0
10 7 4 0
10 8 0 3732
10 8 1 3732
10 8 2 3732
10 8 3 0
10 8 4 0
10 9 0 0
10 9 1 0
10 9 2 0
10 9 3 0
10 9 4 0
10 11 0 3297
10 11 1 3297
10 11 2 3297
10 11 3 0
10 11 4 0
10 12 0 0
10 12 1 0
10 12 2 0
10 12 3 0
10 12 4 0
10 13 0 3969
10 13 1 3969
10 13 2 3969
10 13 3 0
10 13 4 0
10 14 0 0
10 14 1 0
10 14 2 0
10 14 3 0
10 14 4 0
10 15 0 3079
10 15 1 3079
10 15 2 3079
10 15 3 0
10 15 4 0
10 16 0 0
10 16 1 0
10 16 2 0
10 16 3 0
10 16 4 0
10 17 0 3546
10 17 1 3546
10 17 2 3546
10 17 3 0
10 17 4 0
10 18 0 3791
10 18 1 3791
10 18 2 0
10 18 3 0
10 18 4 0
10 19 0 0
10 19 1 0
10 19 2 0
10 19 3 0
10 19 4 0
10 20 0 0
10 20 1 0
10 20 2 0
10 20 3 0
10 20 4 0
10 21 0 3134
10 21 1 3134
10 21 2 3134
10 21 3 0
10 21 4 0
10 22 0 3490
10 22 1 3490
10 22 2 3490
10 22 3 0
10 22 4 0
10 23 0 3247
10 23 1 3247
10 23 2 0
10 23 3 0
10 23 4 0
10 24 0 0
10 24 1 0
10 24 2 0
10 24 3 0
10 24 4 0
10 25 0 0
10 25 1 0
10 25 2 0
10 25 3 0
10 25 4 0
10 26 0 0
10 26 1 0
10 26 2 0
10 26 3 0
10 26 4 0
10 27 0 3822
10 27 1 3822
10 27 2 0
10 27 3 0
10 27 4 0
10 28 0 3243
10 28 1 3243
10 28 2 0
10 28 3 0
10 28 4 0
10 29 0 0
10 29 1 0
10 29 2 0
10 29 3 0
10 29 4 0
11 0 0 3776
11 0 1 3776
11 0 2 0
11 0 3 0
11 0 4 0
11 1 0 0
11 1 1 0
11 1 2 0
11 1 3 0
11 1 4 0
11 2 0 0
11 2 1 0
11 2 2 0
11 2 3 0
11 2 4 0
11 3 0 3653
11 3 1 3653
11 3 2 0
11 3 3 0
11 3 4 0
11 4 0 3882
11 4 1 3882
11 4 2 3882
11 4 3 0
11 4 4 0
11 5 0 0
11 5 1 0
11 5 2 0
11 5 3 0
11 5 4 0
11 6 0 0
11 6 1 0
11 6 2 0
11 6 3 0
11 6 4 0
11 7 0 0
11 7 1 0
11 7 2 0
11 7 3 0
11 7 4 0
11 8 0 0
11 8 1 0
11 8 2 0
11 8 3 0
11 8 4 0
11 9 0 0
11 9 1 0
11 9 2 0
11 9 3 0
11 9 4 0
11 10 0 3297
11 10 1 3297
11 10 2 3297
11 10 3 0
11 10 4 0
11 12 0 0
11 12 1 0
11 12 2 0
11 12 3 0
11 12 4 0
11 13 0 0
11 13 1 0
11 13 2 0
11 13 3 0
11 13 4 0
11 14 0 0
11 14 1 0
11 14 2 0
11 14 3 0
11 14 4 0
11 15 0 3002
11 15 1 3002
11 15 2 0
11 15 3 0
11 15 4 0
11 16 0 0
11 16 1 0
11 16 2 0
11 16 3 0
11 16 4 0
11 17 0 0
11 17 1 0
11 17 2 0
11 17 3 0
11 17 4 0
11 18 0 3191
11 18 1 3191
11 18 2 3191
11 18 3 0
11 18 4 0
11 19 0 0
11 19 1 0
11 19 2 0
11 19 3 0
11 19 4 0
11 20 0 0
11 20 1 0
11 20 2 0
11 20 3 0
11 20 4 0
11 21 0 0
11 21 1 0
11 21 2 0
11 21 3 0
11 21 4 0
11 22 0 3964
11 22 1 3964
11 22 2 3964
11 22 3 0
11 22 4 0
11 23 0 3306
11 23 1 3306
11 23 2 0
11 23 3 0
11 23 4 0
11 24 0 3178
11 24 1 3178
11 24 2 0
11 24 3 0
11 24 4 0
11 25 0 0
11 25 1 0
11 25 2 0
11 25 3 0
11 25 4 0
11 26 0 3655
11 26 1 3655
11 26 2 3655
11 26 3 0
11 26 4 0
11 27 0 0
11 27 1 0
11 27 2 0
11 27 3 0
11 27 4 0
11 28 0 3474
11 28 1 3474
11 28 2 0
11 28 3 0
11 28 4 0
11 29 0 0
11 29 1 0
11 29 2 0
11 29 3 0
11 29 4 0
12 0 0 0
12 0 1 0
12 0 2 0
12 0 3 0
12 0 4 0
12 1 0 3823
12 1 1 3823
12 1 2 0
12 1 3 0
12 1 4 0
12 2 0 0
12 2 1 0
12 2 2 0
12 2 3 0
12 2 4 0
12 3 0 0
12 3 1 0
12 3 2 0
12 3 3 0
12 3 4 0
12 4 0 3389
12 4 1 3389
12 4 2 0
12 4 3 0
12 4 4 0
12 5 0 0
12 5 1 0
12 5 2 0
12 5 3 0
12 5 4 0
12 6 0 0
12 6 1 0
12 6 2 0
12 6 3 0
12 6 4 0
12 7 0 0
12 7 1 0
12 7 2 0
12 7 3 0
12 7 4 0
12 8 0 3650
12 8 1 3650
12 8 2 3650
12 8 3 0
12 8 4 0
12 9 0 3436
12 9 1 3436
12 9 2 0
12 9 3 0
12 9 4 0
12 10 0 0
12 10 1 0
12 10 2 0
12 10 3 0
12 10 4 0
12 11 0 0
12 11 1 0
12 11 2 0
12 11 3 0
12 11 4 0
12 13 0 3869
12 13 1 3869
12 13 2 0
12 13 3 0
12 13 4 0
12 14 0 0
12 14 1 0
12 14 2 0
12 14 3 0
12 14 4 0
12 15 0 0
12 15 1 0
12 15 2 0
12 15 3 0
12 15 4 0
12 16 0 0
12 16 1 0
12 16 2 0
12 16 3 0
12 16 4 0
12 17 0 0
12 17 1 0
12 17 2 0
12 17 3 0
12 17 4 0
12 18 0 3001
12 18 1 3001
12 18 2 3001
12 18 3 0
12 18 4 0
12 19 0 0
12 19 1 0
12 19 2 0
12 19 3 0
12 19 4 0
12 20 0 0
12 20 1 0
12 20 2 0
12 20 3 0
12 20 4 0
12 21 0 3841
12 21 1 3841
12 21 2 0
12 21 3 0
12 21 4 0
12 22 0 3422
12 22 1 3422
12 22 2 0
12 22 3 0
12 22 4 0
12 23 0 0
12 23 1 0
12 23 2 0
12 23 3 0
12 23 4 0
12 24 0 0
12 24 1 0
12 24 2 0
12 24 3 0
12 24 4 0
12 25 0 3465
12 25 1 3465
12 25 2 0
12 25 3 0
12 25 4 0
12 26 0 3865
12 26 1 3865
12 26 2 3865
12 26 3 0
12 26 4 0
12 27 0 3279
12 27 1 3279
12 27 2 3279
12 27 3 0
12 27 4 0
12 28 0 0
12 28 1 0
12 28 2 0
12 28 3 0
12 28 4 0
12 29 0 0
12 29 1 0
12 29 2 0
12 29 3 0
12 29 4 0
13 0 0 3033
13 0 1 3033
13 0 2 3033
13 0 3 0
13 0 4 0
13 1 0 0
13 1 1 0
13 1 2 0
13 1 3 0
13 1 4 0
13 2 0 3955
13 2 1 3955
13 2 2 0
13 2 3 0
13 2 4 0
13 3 0 3337
13 3 1 3337
13 3 2 0
13 3 3 0
13 3 4 0
13 4 0 3528
13 4 1 3528
13 4 2 0
13 4 3 0
13 4 4 0
13 5 0 3038
13 5 1 3038
13 5 2 3038
13 5 3 0
13 5 4 0
13 6 0 0
13 6 1 0
13 6 2 0
13 6 3 0
13 6 4 0
13 7 0 3821
13 7 1 3821
13 7 2 3821
13 7 3 0
13 7 4 0
13 8 0 0
13 8 1 0
13 8 2 0
13 8 3 0
13 8 4 0
13 9 0 3599
13 9 1 3599
13 9 2 3599
13 9 3 0
13 9 4 0
13 10 0 3969
13 10 1 3969
13 10 2 3969
13 10 3 0
13 10 4 0
13 11 0 0
13 11 1 0
13 11 2 0
13 11 3 0
13 11 4 0
13 12 0 3869
13 12 1 3869
13 12 2 0
13 12 3 0
13 12 4 0
13 14 0 0
13 14 1 0
13 14 2 0
13 14 3 0
13 14 4 0
13 15 0 0
13 15 1 0
13 15 2 0
13 15 3 0
13 15 4 0
13 16 0 0
13 16 1 0
13 16 2 0
13 16 3 0
13 16 4 0
13 17 0 3248
13 17 1 3248
13 17 2 3248
13 17 3 0
13 17 4 0
13 18 0 0
13 18 1 0
13 18 2 0
13 18 3 0
13 18 4 0
13 19 0 0
13 19 1 0
13 19 2 0
13 19 3 0
13 19 4 0
13 20 0 0
13 20 1 0
13 20 2 0
13 20 3 0
13 20 4 0
13 21 0 0
13 21 1 0
13 21 2 0
13 21 3 0
13 21 4 0
13 22 0 3496
13 22 1 3496
13 22 2 0
13 22 3 0
13 22 4 0
13 23 0 0
13 23 1 0
13 23 2 0
13 23 3 0
13 23 4 0
13 24 0 3453
13 24 1 3453
13 24 2 0
13 24 3 0
13 24 4 0
13 25 0 0
13 25 1 0
13 25 2 0
13 25 3 0
13 25 4 0
13 26 0 3186
13 26 1 3186
13 26 2 3186
13 26 3 0
13 26 4 0
13 27 0 0
13 27 1 0
13 27 2 0
13 27 3 0
13 27 4 0
13 28 0 3090
13 28 1 3090
13 28 2 0
13 28 3 0
13 28 4 0
13 29 0 0
13 29 1 0
13 29 2 0
13 29 3 0
13 29 4 0
14 0 0 0
14 0 1 0
14 0 2 0
14 0 3 0
14 0 4 0
14 1 0 0
14 1 1 0
14 1 2 0
14 1 3 0
14 1 4 0
14 2 0 0
14 2 1 0
14 2 2 0
14 2 3 0
14 2 4 0
14 3 0 3646
14 3 1 3646
14 3 2 0
14 3 3 0
14 3 4 0
14 4 0 0
14 4 1 0
14 4 2 0
14 4 3 0
14 4 4 0
14 5 0 0
14 5 1 0
14 5 2 0
14 5 3 0
14 5 4 0
14 6 0 3677
14 6 1 3677
14 6 2 0
14 6 3 0
14 6 4 0
14 7 0 0
14 7 1 0
14 7 2 0
14 7 3 0
14 7 4 0
14 8 0 0
14 8 1 0
14 8 2 0
14 8 3 0
14 8 4 0
14 9 0 0
14 9 1 0
14 9 2 0
14 9 3 0
14 9 4 0
14 10 0 0
14 10 1 0
14 10 2 0
14 10 3 0
14 10 4 0
14 11 0 0
14 11 1 0
14 11 2 0
14 11 3 0
14 11 4 0
14 12 0 0
14 12 1 0
14 12 2 0
14 12 3 0
14 12 4 0
14 13 0 0
14 13 1 0
14 13 2 0
14 13 3 0
