40 4 24 624

   0  750  865  722  852  780  798  757  963  938  860  868  746  872  734  939  784  803  905  930  816  929  816  840  975  760  827  882  924  750  840  971  887  921  963  749  720  728  844  982 
 750    0  970  982  791  972  769  936  877  732  718  943  802  950  960  742  870  900  817  982  735  968  939  882  919  826  803  931  797  808  952  797  950  715  907  914  927  780  962  835 
 865  970    0  981  889  820  959  877  942  786  975  939  866  850  838  811  904  793  850  821  791  953  975  968  766  873  810  877  803  725  907  982  746  940  924  964  853  826  792  822 
 722  982  981    0  725  755  851  950  735  715  814  745  954  893  734  827  729  741  859  897  815  955  836  892  930  786  952  723  943  873  758  885  959  833  854  864  913  861  780  974 
 852  791  889  725    0  854  858  891  862  951  739  960  824  735  741  795  981  766  764  718  919  912  960  973  936  743  835  980  825  964  717  737  910  931  899  912  787  726  894  717 
 780  972  820  755  854    0  799  763  828  771  720  936  937  927  857  953  962  911  803  912  893  977  744  901  820  893  789  973  768  920  817  749  885  765  893  840  868  830  777  972 
 798  769  959  851  858  799    0  748  929  936  930  748  948  866  961  718  956  952  891  964  958  830  731  720  719  925  738  780  793  873  741  971  825  745  960  805  726  867  953  799 
 757  936  877  950  891  763  748    0  963  907  889  884  750  760  847  782  839  838  785  959  890  750  761  920  907  915  728  865  904  782  870  725  782  913  813  940  961  818  842  978 
 963  877  942  735  862  828  929  963    0  898  731  772  737  850  828  778  832  877  715  766  909  884  817  938  864  739  901  734  739  881  879  964  860  939  844  912  950  779  745  763 
 938  732  786  715  951  771  936  907  898    0  818  817  816  743  836  772  718  806  785  854  858  915  790  934  919  925  977  731  850  951  970  751  980  811  815  882  736  807  942  756 
 860  718  975  814  739  720  930  889  731  818    0  832  947  825  765  835  975  932  900  882  918  894  885  830  757  724  799  875  980  944  873  901  945  929  747  731  772  953  934  908 
 868  943  939  745  960  936  748  884  772  817  832    0  886  950  960  940  753  722  842  974  966  820  825  765  892  729  774  800  737  925  909  741  911  889  841  915  953  786  966  970 
 746  802  866  954  824  937  948  750  737  816  947  886    0  774  804  919  797  812  883  739  761  723  887  891  921  934  829  782  816  760  783  922  765  791  848  823  939  918  909  811 
 872  950  850  893  735  927  866  760  850  743  825  950  774    0  877  753  857  801  918  804  921  738  788  796  867  887  809  749  743  763  808  907  723  817  743  877  716  882  743  718 
 734  960  838  734  741  857  961  847  828  836  765  960  804  877    0  850  891  931  801  730  898  865  774  746  905  872  834  755  723  800  913  901  821  941  827  759  906  807  826  972 
 939  742  811  827  795  953  718  782  778  772  835  940  919  753  850    0  794  741  782  943  853  724  818  892  956  766  904  856  806  760  739  909  838  925  940  781  892  845  729  861 
 784  870  904  729  981  962  956  839  832  718  975  753  797  857  891  794    0  914  810  941  717  869  846  814  942  729  954  875  823  726  892  882  884  947  931  752  935  839  803  799 
 803  900  793  741  766  911  952  838  877  806  932  722  812  801  931  741  914    0  821  853  832  820  857  737  959  730  838  770  876  862  888  901  825  854  755  940  716  953  864  888 
 905  817  850  859  764  803  891  785  715  785  900  842  883  918  801  782  810  821    0  815  764  978  729  780  950  854  768  722  871  859  898  801  963  842  784  881  745  896  879  739 
 930  982  821  897  718  912  964  959  766  854  882  974  739  804  730  943  941  853  815    0  887  925  937  835  742  774  856  872  923  884  809  839  788  783  735  747  797  720  964  973 
 816  735  791  815  919  893  958  890  909  858  918  966  761  921  898  853  717  832  764  887    0  951  907  805  971  959  733  961  979  935  778  864  853  779  870  824  892  875  773  762 
 929  968  953  955  912  977  830  750  884  915  894  820  723  738  865  724  869  820  978  925  951    0  972  895  722  944  969  850  763  728  790  721  779  899  911  827  726  878  740  852 
 816  939  975  836  960  744  731  761  817  790  885  825  887  788  774  818  846  857  729  937  907  972    0  800  736  939  783  959  966  934  828  935  885  983  772  937  861  950  818  875 
 840  882  968  892  973  901  720  920  938  934  830  765  891  796  746  892  814  737  780  835  805  895  800    0  949  740  778  767  792  798  822  791  741  939  757  926  847  898  812  742 
 975  919  766  930  936  820  719  907  864  919  757  892  921  867  905  956  942  959  950  742  971  722  736  949    0  761  806  881  834  822  913  720  765  817  800  822  740  801  959  795 
 760  826  873  786  743  893  925  915  739  925  724  729  934  887  872  766  729  730  854  774  959  944  939  740  761    0  934  861  758  732  959  757  947  766  752  889  794  842  871  866 
 827  803  810  952  835  789  738  728  901  977  799  774  829  809  834  904  954  838  768  856  733  969  783  778  806  934    0  790  827  968  942  919  854  966  744  871  908  929  810  817 
 882  931  877  723  980  973  780  865  734  731  875  800  782  749  755  856  875  770  722  872  961  850  959  767  881  861  790    0  907  727  921  929  867  729  941  724  950  960  775  872 
 924  797  803  943  825  768  793  904  739  850  980  737  816  743  723  806  823  876  871  923  979  763  966  792  834  758  827  907    0  912  951  890  725  896  773  804  783  723  828  824 
 750  808  725  873  964  920  873  782  881  951  944  925  760  763  800  760  726  862  859  884  935  728  934  798  822  732  968  727  912    0  951  750  772  874  854  804  774  948  739  922 
 840  952  907  758  717  817  741  870  879  970  873  909  783  808  913  739  892  888  898  809  778  790  828  822  913  959  942  921  951  951    0  831  767  860  912  748  874  971  730  855 
 971  797  982  885  737  749  971  725  964  751  901  741  922  907  901  909  882  901  801  839  864  721  935  791  720  757  919  929  890  750  831    0  862  743  969  817  891  737  962  774 
 887  950  746  959  910  885  825  782  860  980  945  911  765  723  821  838  884  825  963  788  853  779  885  741  765  947  854  867  725  772  767  862    0  879  925  749  821  818  816  727 
 921  715  940  833  931  765  745  913  939  811  929  889  791  817  941  925  947  854  842  783  779  899  983  939  817  766  966  729  896  874  860  743  879    0  905  833  789  781  843  901 
 963  907  924  854  899  893  960  813  844  815  747  841  848  743  827  940  931  755  784  735  870  911  772  757  800  752  744  941  773  854  912  969  925  905    0  715  741  761  966  845 
 749  914  964  864  912  840  805  940  912  882  731  915  823  877  759  781  752  940  881  747  824  827  937  926  822  889  871  724  804  804  748  817  749  833  715    0  915  743  771  727 
 720  927  853  913  787  868  726  961  950  736  772  953  939  716  906  892  935  716  745  797  892  726  861  847  740  794  908  950  783  774  874  891  821  789  741  915    0  840  824  752 
 728  780  826  861  726  830  867  818  779  807  953  786  918  882  807  845  839  953  896  720  875  878  950  898  801  842  929  960  723  948  971  737  818  781  761  743  840    0  899  852 
 844  962  792  780  894  777  953  842  745  942  934  966  909  743  826  729  803  864  879  964  773  740  818  812  959  871  810  775  828  739  730  962  816  843  966  771  824  899    0  878 
 982  835  822  974  717  972  799  978  763  756  908  970  811  718  972  861  799  888  739  973  762  852  875  742  795  866  817  872  824  922  855  774  727  901  845  727  752  852  878    0 

   0 1038  954  876 1166  769  978  776  698  802  976 1183 1010  784  981  709  857  954  726  841  822  869 1022  948  702  941 1174 1064  642  852 1153 1172  981  828  921 1160  977  929 1096  617 
1038    0  865 1093 1168 1114  755  718 1080  874 1190  734  756  755 1080  810  616  960  983  755  626  625 1128  694  941  762  793 1114  755  873  793  758  800  751 1052  977 1046  726  910 1119 
 954  865    0  781  988 1067  859 1047 1055  739  740 1053  829  994 1165  934  930  786  786  844 1107 1179 1072  724 1142  930  887  874  897  707 1087  690 1137  906 1012  728  911  897 1081  953 
 876 1093  781    0  823  894 1092  783  984  997 1103 1106  895  901  689  870 1154 1176  712 1043  780 1150  926 1091  992  623 1112 1015 1122 1161 1038 1126 1088  976  832  666  694 1171  678  821 
1166 1168  988  823    0  900  858 1042  675  986  709  662  794  703  853 1037  706  754  942  667  993  937  937 1080  827  776  621 1132  773  957  916  801  673  817  639 1131 1091 1188  927  879 
 769 1114 1067  894  900    0  698 1187  983  889 1154  659  849  877 1092  657  755  917  885  851  754  729  688  832  680  782  691  829 1128  758  837 1091 1126  659 1051  874  898  795  666  627 
 978  755  859 1092  858  698    0 1020 1053 1055 1001  721  943 1123 1062 1082 1179 1154  784  900  713 1165  648  686  835 1128  922  996 1075  975  618  902  944  841 1035  609  998  993  960  820 
 776  718 1047  783 1042 1187 1020    0  759  682 1011 1196 1005  907 1087  971  793  832  723  856 1079  946  852  919 1064  974 1100  706  656 1169  705  968 1105 1080 1166  728 1065  787  895  970 
 698 1080 1055  984  675  983 1053  759    0  601  611 1134 1058  854  843 1170  716  773 1182  899  646  987 1130  667  842 1161  692  847  672 1097  905  606 1198  729  664  719  895  652  707  749 
 802  874  739  997  986  889 1055  682  601    0  957 1094  645 1093 1095  623  681  924  943 1085  853 1164  755 1110  680 1160  823  921  937 1094  855 1013  824 1182 1193  762 1031 1174  951 1162 
 976 1190  740 1103  709 1154 1001 1011  611  957    0 1022  900  883 1080  718  626 1094  702 1037  654  830  962  776 1014  694  916  623 1135  701  637  611  617  867 1134  919  663  626 1129  721 
1183  734 1053 1106  662  659  721 1196 1134 1094 1022    0  933  678  730 1118  615 1182 1071 1162  837 1044  932  704 1040  831  679  736  767  749  815 1056  949  643  753  875 1100 1071  672  901 
1010  756  829  895  794  849  943 1005 1058  645  900  933    0  980  675  968 1130 1027 1180  811  936 1082 1183 1133  670 1016 1105 1151 1173  736  789  695  680  988 1120  901  875  763  890  957 
 784  755  994  901  703  877 1123  907  854 1093  883  678  980    0  643 1186 1142  666 1007  856  816  828  756  668 1125  764  968  805 1123 1200  707  930 1067  883  881  604  956  995  663  687 
 981 1080 1165  689  853 1092 1062 1087  843 1095 1080  730  675  643    0  692  689  706  799 1099  801  980  624  670  693 1164  858  826  785  612 1039 1131  837 1113  837  993 1046  810  938  607 
 709  810  934  870 1037  657 1082  971 1170  623  718 1118  968 1186  692    0  906  620  679  690  858  878 1182  955 1183  868 1083  708  623  732  638  932  874  969  779  868  782  644 1190  842 
 857  616  930 1154  706  755 1179  793  716  681  626  615 1130 1142  689  906    0 1014  906  778 1144  629  914  702  802  764  903  773  905  920 1025 1035  882  723  770 1104  665 1174  632 1156 
 954  960  786 1176  754  917 1154  832  773  924 1094 1182 1027  666  706  620 1014    0  665  808  908 1078  809  919  619 1023  992  679  805  920  766  635  747 1017 1104  943  964  789 1074 1030 
 726  983  786  712  942  885  784  723 1182  943  702 1071 1180 1007  799  679  906  665    0  624 1142 1164  936  660 1067 1098  699  662  841  975  666 1107 1099  611 1163 1016  631  997 1013  877 
 841  755  844 1043  667  851  900  856  899 1085 1037 1162  811  856 1099  690  778  808  624    0 1042  899  757  830 1126  876 1014  646 1032  998  671  825  847  860  783 1081  640  950 1200  912 
 822  626 1107  780  993  754  713 1079  646  853  654  837  936  816  801  858 1144  908 1142 1042    0 1001  998  616 1099  881  830 1035  645  980  791 1135  623  727  823  816  822  803  884  883 
 869  625 1179 1150  937  729 1165  946  987 1164  830 1044 1082  828  980  878  629 1078 1164  899 1001    0  944  642  836  604 1106  914 1064 1001 1037 1071 1041  630  692  765  702  881  965  811 
1022 1128 1072  926  937  688  648  852 1130  755  962  932 1183  756  624 1182  914  809  936  757  998  944    0  917  811 1145 1143 1083 1049  957  797  750 1074  888  645  896  744 1031 1021 1108 
 948  694  724 1091 1080  832  686  919  667 1110  776  704 1133  668  670  955  702  919  660  830  616  642  917    0  623  743  836  923 1176  688 1004  716  989  625 1023 1141  736  744 1132  655 
 702  941 1142  992  827  680  835 1064  842  680 1014 1040  670 1125  693 1183  802  619 1067 1126 1099  836  811  623    0  952  656 1039  718  757  708  700  991 1090  646  893 1165 1102  659 1174 
 941  762  930  623  776  782 1128  974 1161 1160  694  831 1016  764 1164  868  764 1023 1098  876  881  604 1145  743  952    0 1146  937  949  958 1018 1178 1114  954 1195 1167  867 1080 1167 1026 
1174  793  887 1112  621  691  922 1100  692  823  916  679 1105  968  858 1083  903  992  699 1014  830 1106 1143  836  656 1146    0  789 1182  756 1128 1062  832  778  914 1063 1151  642  861  764 
1064 1114  874 1015 1132  829  996  706  847  921  623  736 1151  805  826  708  773  679  662  646 1035  914 1083  923 1039  937  789    0  834  630  971  733  825  641 1021  671  641  611  878  915 
 642  755  897 1122  773 1128 1075  656  672  937 1135  767 1173 1123  785  623  905  805  841 1032  645 1064 1049 1176  718  949 1182  834    0  659  710  782  824 1066 1035 1053 1097  757 1092  934 
 852  873  707 1161  957  758  975 1169 1097 1094  701  749  736 1200  612  732  920  920  975  998  980 1001  957  688  757  958  756  630  659    0  749 1197  800  656 1069 1149  991  856  846  864 
1153  793 1087 1038  916  837  618  705  905  855  637  815  789  707 1039  638 1025  766  666  671  791 1037  797 1004  708 1018 1128  971  710  749    0 1149  906  649 1017  871 1109  766 1007  972 
1172  758  690 1126  801 1091  902  968  606 1013  611 1056  695  930 1131  932 1035  635 1107  825 1135 1071  750  716  700 1178 1062  733  782 1197 1149    0 1083 1102  786 1143  839 1157  754  600 
 981  800 1137 1088  673 1126  944 1105 1198  824  617  949  680 1067  837  874  882  747 1099  847  623 1041 1074  989  991 1114  832  825  824  800  906 1083    0  769  751  605  687  666  642  963 
 828  751  906  976  817  659  841 1080  729 1182  867  643  988  883 1113  969  723 1017  611  860  727  630  888  625 1090  954  778  641 1066  656  649 1102  769    0  779  608  669  675  648 1097 
 921 1052 1012  832  639 1051 1035 1166  664 1193 1134  753 1120  881  837  779  770 1104 1163  783  823  692  645 1023  646 1195  914 1021 1035 1069 1017  786  751  779    0 1177  735  861 1118  959 
1160  977  728  666 1131  874  609  728  719  762  919  875  901  604  993  868 1104  943 1016 1081  816  765  896 1141  893 1167 1063  671 1053 1149  871 1143  605  608 1177    0  713  700  725 1000 
 977 1046  911  694 1091  898  998 1065  895 1031  663 1100  875  956 1046  782  665  964  631  640  822  702  744  736 1165  867 1151  641 1097  991 1109  839  687  669  735  713    0  684 1138  798 
 929  726  897 1171 1188  795  993  787  652 1174  626 1071  763  995  810  644 1174  789  997  950  803  881 1031  744 1102 1080  642  611  757  856  766 1157  666  675  861  700  684    0 1123  914 
1096  910 1081  678  927  666  960  895  707  951 1129  672  890  663  938 1190  632 1074 1013 1200  884  965 1021 1132  659 1167  861  878 1092  846 1007  754  642  648 1118  725 1138 1123    0  868 
 617 1119  953  821  879  627  820  970  749 1162  721  901  957  687  607  842 1156 1030  877  912  883  811 1108  655 1174 1026  764  915  934  864  972  600  963 1097  959 1000  798  914  868    0 

0 577 966
1 308 1007
2 674 961
3 479 1030
4 295 1040
5 468 886
6 452 993
7 393 775
8 593 860
9 271 1100
10 692 823
11 217 833
12 451 1093
13 550 979
14 308 731
15 367 1093
16 248 766
17 312 1030
18 517 779
19 510 1001
20 256 781
21 405 1097
22 498 825
23 384 1007
24 498 821
25 682 755
26 533 777
27 360 1009
28 520 833
29 413 1006
30 417 934
31 535 973
32 318 804
33 324 1038
34 254 901
35 641 714
36 202 868
37 393 851
38 530 1089
39 444 1041

0 3 3587 6434 1444 
0 12 32905 35955 2238 
0 15 24526 26539 1878 
0 14 7483 10965 2936 
0 8 262 1860 3852 
0 32 14829 18419 1774 
0 24 38277 39800 3900 
0 27 10577 13875 2646 
0 7 38982 41783 3028 
0 21 20178 22698 3716 
0 25 5335 7518 2280 
0 1 37901 40765 3000 
0 34 15704 18734 3852 
0 7 21366 23189 1514 
0 27 17676 20633 1764 
0 26 14865 18152 2481 
0 12 1088 4340 1492 
0 26 18362 21590 1654 
0 27 9328 12881 3528 
0 9 12462 15333 3752 
1 28 40999 42811 2391 
1 33 11652 14265 2860 
1 31 35314 37868 2391 
1 22 8084 11546 2817 
1 12 16712 18685 1604 
1 28 21608 24084 2391 
1 32 30829 33309 2850 
1 28 40965 43675 2391 
1 11 39529 41723 1886 
1 22 25297 28207 1878 
1 10 4105 8210 1436 
1 20 30619 32378 2205 
1 35 15814 19301 1828 
1 22 38336 42520 3756 
1 20 35501 37491 2205 
1 15 29462 32645 1484 
1 30 10370 12304 3808 
1 22 17557 21606 3756 
1 6 19285 21195 1538 
1 9 20351 23462 2928 
1 20 2405 4345 1470 
1 39 16206 18757 3340 
2 35 5233 7111 3856 
2 13 36396 40292 3400 
2 0 39657 42976 3460 
2 30 25862 28720 2721 
2 39 40176 42606 3288 
2 24 21907 26075 3064 
2 21 2522 4986 1906 
2 17 21321 24182 3172 
2 28 6184 8543 2409 
2 14 33564 36231 1676 
2 5 7476 10058 1640 
2 33 16040 19056 1880 
2 7 11978 14312 2631 
3 37 34686 38046 1722 
3 32 4563 7130 2877 
3 0 20921 22865 2888 
3 21 19695 22248 2865 
3 31 35179 38275 2655 
3 5 5187 7216 1510 
3 0 15998 17898 2166 
3 9 24495 28473 2860 
3 32 38715 42251 1918 
3 14 11378 13376 2936 
3 21 29596 33471 1910 
3 21 16576 19324 3820 
3 17 31726 34877 2964 
3 26 23281 26917 1904 
3 12 15234 17149 2862 
3 23 32192 35912 2676 
3 24 8955 12665 1860 
3 8 15537 18065 1470 
3 4 21355 24433 1450 
3 30 11000 14487 1516 
3 4 3485 6538 2900 
3 7 25600 28363 3800 
3 29 29857 32736 3492 
3 18 18892 21448 1718 
4 17 20903 23074 3064 
4 2 29903 32669 3556 
4 23 5072 7286 3892 
4 36 39973 42678 2361 
4 13 30972 33200 2205 
4 10 40852 42553 2956 
4 23 41087 43743 3892 
4 1 3044 7669 3164 
5 31 24366 27671 2247 
5 9 27088 29390 3084 
5 33 10662 12757 2295 
5 28 3709 6901 2304 
5 31 32638 35070 2996 
5 18 30444 33594 2409 
5 23 17172 19784 1802 
5 1 2523 6644 3888 
5 33 38302 39699 3060 
6 21 10668 14710 3320 
6 0 5586 8578 2394 
6 27 18668 22124 1560 
6 29 12465 14990 2619 
6 26 4861 6787 1476 
6 19 3367 6103 2892 
6 1 11501 13531 3076 
6 5 20972 23163 2397 
6 4 19399 22779 2574 
6 18 32227 34281 3564 
6 4 29742 31929 2574 
7 0 11444 13578 2271 
7 28 4270 5739 3616 
7 0 10719 13357 3028 
7 32 29400 33378 3128 
7 27 27043 29704 1730 
7 22 38608 41803 1522 
7 32 2333 5902 2346 
7 4 19237 21498 2673 
7 21 15208 17525 3000 
7 22 6982 8771 2283 
7 33 16243 19353 3652 
7 26 30766 34869 2912 
7 20 8250 11174 3560 
7 27 2997 4684 1730 
7 35 23697 25276 3760 
7 17 34442 36330 1676 
7 23 17535 20144 2760 
7 13 40934 43609 3040 
7 13 19668 21608 1520 
8 15 34805 38151 1556 
8 26 15901 17672 3604 
8 0 37375 38938 1926 
8 4 19275 21927 1724 
8 7 16610 19418 1926 
8 31 4789 6291 3856 
8 36 29497 31832 3800 
8 5 30414 33697 2484 
8 12 26247 30320 2211 
8 27 4356 6795 1468 
8 1 31469 34331 3508 
8 37 39041 41316 1558 
8 33 41253 43381 2817 
8 18 38635 40999 2145 
8 7 10698 12891 3852 
8 7 22114 24907 2889 
8 16 10274 12787 2496 
8 12 6508 10560 2211 
8 5 35475 37627 3312 
8 36 22121 24528 2850 
8 38 377 2462 1490 
8 23 18793 20320 1876 
8 27 37012 40061 1468 
9 36 38394 41703 1472 
9 24 22361 24958 2757 
9 37 29410 32908 2421 
9 36 9998 12493 1472 
9 26 1145 2791 1954 
9 4 18240 21326 1902 
9 11 14918 18626 3268 
9 28 19775 22361 3400 
9 36 35009 37318 2208 
9 26 5346 7526 3908 
9 6 9336 12585 3744 
9 0 6061 8314 1876 
9 20 30660 32877 3432 
9 37 23656 27624 3228 
9 15 25441 27123 3088 
9 34 39919 44273 2445 
9 13 99 3148 2229 
9 7 2170 4345 2721 
9 20 30565 33405 1716 
10 5 30250 33596 2160 
10 7 6469 9906 2667 
10 30 33232 35232 3492 
10 24 6469 10078 3028 
10 19 8596 11427 2646 
10 13 18566 20658 1650 
10 34 5904 9759 2241 
10 3 41094 44623 1628 
10 4 9610 11318 1478 
10 5 5288 8669 2880 
10 4 5306 7347 1478 
10 23 8900 11980 1660 
10 35 20787 24150 1462 
10 28 35866 38635 2940 
11 25 15205 17880 1458 
11 6 6909 9533 1496 
11 36 3071 5722 1906 
11 36 1821 5715 1906 
11 38 1016 2729 3864 
11 38 19607 21387 1932 
11 23 1753 3646 1530 
11 0 40231 43850 1736 
11 20 19343 21460 2898 
11 15 26462 30240 1880 
11 38 36019 38592 2898 
12 32 30655 32620 2295 
12 32 39618 41515 1530 
12 36 7009 10334 1878 
12 13 22305 25460 3096 
12 2 31109 33537 1732 
12 30 2066 4985 1566 
12 39 32704 34713 3244 
12 33 35349 39142 1582 
12 21 30385 33014 2169 
12 10 11921 14108 2841 
12 27 23392 25751 1564 
12 14 17175 18876 1608 
12 37 6668 8247 3672 
12 31 30386 32144 2766 
12 5 16682 19534 2811 
12 26 31970 34898 2487 
12 30 30287 32472 1566 
12 29 11492 13950 2280 
12 20 38190 40932 3044 
12 3 41769 43764 2862 
12 34 15037 19225 2544 
12 14 25704 27499 3216 
13 22 16476 19159 1576 
13 14 16786 18850 1754 
13 7 11404 14678 2280 
13 31 26264 28933 1814 
13 1 38165 40845 3800 
13 23 10468 12986 1592 
13 35 6598 8210 2631 
13 18 26696 30129 2754 
13 9 39749 41935 2229 
13 12 14877 16856 2322 
13 4 39252 41874 1470 
13 7 6407 8429 1520 
14 28 23128 25797 2169 
14 17 5725 7821 3724 
14 28 18831 21798 2169 
14 29 6701 8849 2400 
14 30 1900 5733 3652 
14 32 33888 35620 3284 
14 32 16494 18243 2463 
14 12 7208 9665 1608 
14 9 15162 17417 2508 
14 24 41230 43690 2715 
14 32 39938 42942 2463 
14 5 3168 5843 1714 
14 2 15986 18770 1676 
14 11 20612 23342 3840 
14 22 29781 31659 2322 
14 20 15464 18555 1796 
14 34 16473 18925 3308 
14 21 17184 19741 3460 
15 7 31714 34520 3128 
15 38 39622 44251 2916 
15 34 34294 37347 3760 
15 14 33928 36509 1700 
15 36 11114 13983 3568 
15 37 9449 11020 2535 
15 7 12291 14970 2346 
15 1 24947 28065 1484 
15 34 23659 25723 1880 
15 18 22844 25505 2346 
15 24 11257 14888 2868 
16 32 1652 4015 1768 
16 11 6848 8453 1506 
16 12 3250 7408 1594 
16 20 37674 41563 2868 
16 13 19033 22036 2571 
16 30 16389 20345 1784 
16 36 4829 7050 1870 
16 3 18597 22532 1458 
16 2 30436 34044 2712 
16 37 38073 41360 3356 
17 6 19461 23384 2856 
17 3 1877 6157 2964 
17 4 29510 32480 1532 
17 2 37686 40421 2379 
17 13 3314 5218 1602 
17 10 15136 19205 3728 
17 36 10773 13260 2148 
17 34 22623 25129 3020 
17 34 2604 5860 2265 
17 4 35528 38483 1532 
17 18 22613 24528 1642 
17 8 10761 12577 3508 
17 15 34287 36289 2223 
17 22 21903 23618 2571 
17 35 23643 27235 3760 
17 30 39447 42457 1776 
17 39 26258 30172 2664 
17 18 35201 37821 2463 
17 8 4526 6296 3508 
17 8 7638 10157 3508 
17 23 38123 40236 2211 
17 27 3833 5496 2310 
17 6 26603 30803 2856 
17 33 26896 29235 1708 
18 6 25245 27722 1782 
18 16 36891 39735 3240 
18 19 36982 38779 1630 
18 15 24310 25810 2346 
18 32 36757 39724 1926 
18 31 232 4217 3204 
18 25 40141 42556 1708 
18 38 2964 5516 2637 
18 4 38434 40732 2292 
18 20 11050 14647 2292 
18 20 23113 27167 2292 
18 6 38874 41500 1782 
19 39 40998 44573 1946 
19 20 12247 14654 2661 
19 31 40323 43062 3356 
19 4 5343 7397 2872 
19 34 34655 36221 2940 
19 25 19422 21533 3096 
19 22 10475 12677 1874 
19 13 1609 4673 3216 
19 35 22532 24942 2988 
19 27 5688 7709 2616 
19 10 40344 43071 1764 
19 20 8870 11600 1774 
19 32 20707 23019 1576 
19 30 40791 42595 1618 
19 35 36757 39751 2988 
19 17 6663 9878 3412 
19 23 30600 33471 1670 
19 28 35535 39270 3692 
19 32 39779 42209 3152 
19 36 40593 43121 3188 
20 38 4143 6582 3092 
20 5 41209 42965 3572 
20 19 26012 28564 1774 
20 24 34449 37767 1942 
20 18 21832 24218 3056 
20 33 25370 28103 3116 
20 4 22560 24824 3676 
20 34 16697 19824 2610 
21 18 3521 6547 2934 
21 35 32157 33687 3308 
21 32 37087 39731 1558 
21 6 33024 37427 2490 
21 4 17621 20816 3648 
21 27 4058 6507 3400 
21 18 26210 29702 3912 
21 25 33454 35121 2832 
21 4 3842 7168 2736 
21 19 24808 27792 1850 
21 17 5076 7307 1640 
21 33 7599 9879 3596 
21 16 23243 24853 1738 
21 23 35539 36932 3580 
21 23 17673 19130 3580 
21 26 4680 7334 2907 
21 8 2285 5048 2652 
21 32 32832 36079 2337 
21 32 25867 28646 2337 
21 15 2971 6061 2172 
21 9 24969 27634 2745 
21 27 15697 17991 1700 
21 15 514 2357 2896 
22 21 3975 6429 1944 
22 16 38818 40655 2538 
22 10 41755 44217 1770 
22 12 4626 9003 3548 
22 6 8230 9914 1462 
22 11 34970 36889 2475 
22 39 22056 25501 2625 
22 28 35597 39373 1932 
22 8 29996 32346 1634 
22 27 1216 5461 3836 
22 31 34343 36255 3740 
22 23 17788 20273 1600 
22 12 24586 27531 1774 
22 29 24927 28506 1868 
23 37 10934 12794 3592 
23 18 23868 25643 3120 
23 9 21559 24611 2802 
23 6 19421 21403 2880 
23 18 41367 43974 2340 
23 21 26047 27472 3580 
23 2 41461 43633 1936 
23 13 26764 28213 3184 
23 18 18064 20044 1560 
23 30 20129 22538 3288 
23 33 41691 43659 1878 
23 12 6730 11250 3564 
23 16 29853 32324 2442 
23 0 23529 27292 2520 
23 32 9738 11824 2964 
23 14 8262 10767 2238 
23 17 37307 40266 2211 
23 15 6141 9588 3568 
24 15 31630 36125 1912 
24 32 7541 10068 1530 
24 19 39343 43790 1484 
24 10 19321 23022 1514 
24 2 31457 33866 1532 
24 38 7953 10582 2877 
24 25 20323 23245 1522 
24 9 11427 13807 2757 
24 33 39886 42403 1634 
24 31 29405 31427 1440 
24 7 23060 26528 1814 
24 8 8189 11354 1728 
24 20 39686 43444 2913 
24 36 4724 9325 2220 
24 21 8738 11379 1444 
24 37 29360 32026 1602 
24 26 39669 42227 2418 
24 35 19354 21327 1644 
24 8 36437 39560 1728 
24 39 40834 45107 1590 
24 0 34304 36943 1950 
24 35 34401 36231 3288 
24 0 519 2056 2925 
25 13 3187 6029 3548 
25 14 14835 19444 1744 
25 30 31745 34422 1918 
25 4 4121 5851 2229 
25 33 35040 36957 2298 
25 5 39048 40752 2679 
25 22 35751 38785 2817 
25 17 4301 7871 1460 
25 14 34678 37017 3488 
25 16 25274 27329 1458 
25 3 14871 16459 1572 
25 27 4826 7815 3444 
25 31 5738 9566 2271 
25 2 39664 43346 3492 
25 22 41060 44598 1878 
25 15 11299 14614 3064 
25 12 16033 19487 1868 
25 11 35520 37265 1458 
25 1 34065 36183 3304 
25 34 9508 12638 2256 
25 37 36228 38539 3368 
26 16 25739 28348 2862 
26 31 39502 42093 3676 
26 10 17319 20305 3196 
26 6 37308 39668 1476 
26 7 26170 30240 1456 
26 3 30266 34035 2856 
26 16 38680 41723 2862 
26 2 16255 18818 1620 
26 16 2175 4920 1908 
26 15 8590 12261 1808 
26 23 23067 24906 3112 
26 38 24664 26601 1620 
26 39 26237 28490 2451 
26 7 7782 11390 2912 
27 33 33909 35421 2916 
27 8 37582 39809 2936 
27 34 32590 35775 1882 
27 7 11702 13382 2595 
27 22 23299 26862 2877 
27 39 19250 22333 3488 
27 24 33450 35881 1762 
27 38 21135 23084 1550 
27 23 29923 32673 2301 
27 14 29719 31660 1510 
27 7 24611 26714 2595 
27 12 10565 13937 1564 
27 32 32825 36001 3468 
28 5 38164 41220 2304 
28 26 36342 41058 2481 
28 1 25153 27584 3188 
28 2 6373 9333 3212 
28 30 22040 24553 1902 
28 3 20318 22775 3772 
28 21 37783 41453 1526 
28 30 2961 4878 3804 
28 8 27115 29413 2217 
28 34 25729 29341 1546 
28 25 38424 41660 2274 
29 11 40760 43613 2775 
29 14 11813 13514 1600 
29 35 5833 9027 2412 
29 5 22844 25474 1840 
29 0 5085 8092 2250 
29 10 34600 37326 3776 
29 9 16363 20596 1902 
29 21 27099 30602 2912 
29 16 34916 37630 2178 
29 36 15507 18678 2322 
29 28 34862 36878 3648 
29 21 29314 31506 1456 
29 15 6173 7900 2280 
30 4 795 4010 2868 
30 24 5617 7457 3652 
30 7 16195 18027 1740 
30 26 11643 15433 3768 
30 0 19644 23529 3360 
30 22 19593 22239 1656 
30 24 41715 43916 2739 
30 4 8672 11703 2868 
30 32 543 3840 2301 
30 26 25793 28658 3768 
30 0 37259 41709 3360 
30 24 22499 24148 1826 
30 18 30224 31815 1796 
30 27 32146 35816 2763 
31 24 31296 32822 1440 
31 15 24540 26469 1818 
31 2 10668 12172 1964 
31 3 7572 10071 3540 
31 4 5655 7793 1474 
31 32 20127 22466 1724 
31 3 3929 8399 1770 
31 14 519 3199 3604 
31 37 19798 23592 1474 
31 20 32150 34715 2592 
31 36 11653 14891 2673 
31 30 38148 40595 1662 
31 22 14 2264 1870 
31 3 33157 35701 1770 
31 13 8963 11139 2721 
31 5 32721 36648 1498 
32 37 7204 9341 2454 
32 7 18353 22110 3128 
32 24 21770 24297 2295 
32 24 5164 8999 2295 
32 31 32121 35846 2586 
32 17 37268 39001 1650 
32 21 6543 10696 1558 
32 6 10977 13676 2475 
32 13 36404 38836 1446 
32 30 35918 37874 1534 
32 1 7655 9415 3800 
32 19 41399 43736 3152 
32 37 20278 21869 3272 
32 28 21954 24549 2900 
33 35 38062 40311 1666 
33 14 41618 45535 2823 
33 20 31397 34159 2337 
33 7 30604 33736 2739 
33 12 4393 6497 3164 
33 2 15313 18828 3760 
33 4 40198 43049 2793 
33 17 27214 29990 1708 
33 35 40748 42547 1666 
34 23 22424 25257 3028 
34 15 16712 18760 2820 
34 24 17207 18679 2400 
34 4 36723 39061 2697 
34 33 40632 43335 3620 
34 28 35491 37654 2319 
34 31 23097 25494 3876 
34 37 22965 25746 3044 
34 13 783 3646 2972 
34 21 21911 23523 3644 
34 32 34773 36980 1850 
35 11 4592 7199 3660 
35 7 16860 19400 1880 
35 25 6408 9022 2667 
35 29 22850 26193 1608 
35 30 16992 19265 2244 
35 26 11975 14993 1742 
35 15 11552 13817 1562 
35 5 359 2351 3360 
35 4 32719 36406 2736 
35 7 26583 28191 2820 
36 20 20219 22019 1784 
36 5 474 3805 3472 
36 15 10731 13608 3568 
36 33 11215 13282 1578 
36 37 29696 31563 3360 
36 11 32817 35050 1906 
36 6 4127 7879 2178 
36 30 14705 16956 2622 
36 21 1044 2749 2904 
36 37 1309 2697 1680 
36 32 11581 13978 1642 
37 23 38880 41238 2694 
37 30 8363 10622 2913 
37 6 7870 10511 2601 
37 16 4342 8169 1678 
37 15 22649 24671 2535 
37 11 33415 37602 2358 
37 36 8372 11094 2520 
37 9 4028 6599 2421 
37 9 3864 6235 1614 
37 27 40108 41928 1920 
37 34 25010 28385 1522 
37 3 4302 7920 1722 
37 26 38694 40966 1858 
37 9 21870 25650 2421 
37 27 4304 5538 2880 
37 17 963 2706 3812 
37 3 22007 24758 2583 
37 26 38947 40564 1858 
37 11 21430 24589 1572 
37 30 29732 32612 2913 
37 0 41427 44195 1456 
37 22 1911 4725 1900 
37 36 26838 28664 3360 
37 38 30706 34389 2697 
38 29 16864 18691 2956 
38 2 30472 34125 3168 
38 20 7731 10029 1546 
38 15 2786 7248 1458 
38 23 33981 37116 3248 
38 12 31133 34390 1818 
38 0 17479 20536 1688 
38 16 19183 20958 1606 
38 18 4373 8343 1758 
38 21 6712 9993 2960 
38 3 3478 5200 2340 
38 0 15057 17501 3376 
38 35 10006 12637 1542 
38 4 17724 20263 3576 
38 27 16103 17885 3100 
38 17 25087 28910 3456 
38 34 10719 14877 1932 
39 24 39839 43220 1590 
39 13 26443 27830 2872 
39 21 14666 16888 1704 
39 4 33313 36714 1434 
39 10 38146 39948 3632 
39 20 32013 35483 3048 
39 12 18087 20163 1622 
39 13 33404 35320 1436 
39 2 33409 35705 3288 
39 17 34245 38138 2664 
39 35 10286 13046 2908 
39 6 37496 40423 2397 
39 15 38090 40018 2583 
39 9 18689 21082 2268 
39 10 20403 22385 1816 
39 16 15364 19490 1598 
39 30 32478 34606 3420 
39 21 8928 10890 3408 

0 1 0 0
0 1 1 0
0 1 2 0
0 1 3 0
0 1 4 0
0 2 0 3228
0 2 1 3228
0 2 2 0
0 2 3 0
0 2 4 0
0 3 0 3508
0 3 1 3508
0 3 2 3508
0 3 3 0
0 3 4 0
0 4 0 0
0 4 1 0
0 4 2 0
0 4 3 0
0 4 4 0
0 5 0 0
0 5 1 0
0 5 2 0
0 5 3 0
0 5 4 0
0 6 0 0
0 6 1 0
0 6 2 0
0 6 3 0
0 6 4 0
0 7 0 0
0 7 1 0
0 7 2 0
0 7 3 0
0 7 4 0
0 8 0 0
0 8 1 0
0 8 2 0
0 8 3 0
0 8 4 0
0 9 0 3195
0 9 1 3195
0 9 2 0
0 9 3 0
0 9 4 0
0 10 0 3156
0 10 1 3156
0 10 2 3156
0 10 3 0
0 10 4 0
0 11 0 3145
0 11 1 3145
0 11 2 3145
0 11 3 0
0 11 4 0
0 12 0 0
0 12 1 0
0 12 2 0
0 12 3 0
0 12 4 0
0 13 0 3056
0 13 1 3056
0 13 2 0
0 13 3 0
0 13 4 0
0 14 0 0
0 14 1 0
0 14 2 0
0 14 3 0
0 14 4 0
0 15 0 3371
0 15 1 3371
0 15 2 3371
0 15 3 0
0 15 4 0
0 16 0 3108
0 16 1 3108
0 16 2 0
0 16 3 0
0 16 4 0
0 17 0 0
0 17 1 0
0 17 2 0
0 17 3 0
0 17 4 0
0 18 0 0
0 18 1 0
0 18 2 0
0 18 3 0
0 18 4 0
0 19 0 3496
0 19 1 3496
0 19 2 3496
0 19 3 0
0 19 4 0
0 20 0 0
0 20 1 0
0 20 2 0
0 20 3 0
0 20 4 0
0 21 0 0
0 21 1 0
0 21 2 0
0 21 3 0
0 21 4 0
0 22 0 0
0 22 1 0
0 22 2 0
0 22 3 0
0 22 4 0
0 23 0 3843
0 23 1 3843
0 23 2 3843
0 23 3 0
0 23 4 0
0 24 0 3700
0 24 1 3700
0 24 2 0
0 24 3 0
0 24 4 0
0 25 0 0
0 25 1 0
0 25 2 0
0 25 3 0
0 25 4 0
0 26 0 0
0 26 1 0
0 26 2 0
0 26 3 0
0 26 4 0
0 27 0 3817
0 27 1 3817
0 27 2 3817
0 27 3 0
0 27 4 0
0 28 0 0
0 28 1 0
0 28 2 0
0 28 3 0
0 28 4 0
0 29 0 0
0 29 1 0
0 29 2 0
0 29 3 0
0 29 4 0
0 30 0 0
0 30 1 0
0 30 2 0
0 30 3 0
0 30 4 0
0 31 0 3261
0 31 1 3261
0 31 2 0
0 31 3 0
0 31 4 0
0 32 0 3326
0 32 1 3326
0 32 2 3326
0 32 3 0
0 32 4 0
0 33 0 0
0 33 1 0
0 33 2 0
0 33 3 0
0 33 4 0
0 34 0 0
0 34 1 0
0 34 2 0
0 34 3 0
0 34 4 0
0 35 0 3071
0 35 1 3071
0 35 2 0
0 35 3 0
0 35 4 0
0 36 0 0
0 36 1 0
0 36 2 0
0 36 3 0
0 36 4 0
0 37 0 3495
0 37 1 3495
0 37 2 0
0 37 3 0
0 37 4 0
0 38 0 3661
0 38 1 3661
0 38 2 3661
0 38 3 0
0 38 4 0
0 39 0 0
0 39 1 0
0 39 2 0
0 39 3 0
0 39 4 0
1 0 0 0
1 0 1 0
1 0 2 0
1 0 3 0
1 0 4 0
1 2 0 0
1 2 1 0
1 2 2 0
1 2 3 0
1 2 4 0
1 3 0 3169
1 3 1 3169
1 3 2 3169
1 3 3 0
1 3 4 0
1 4 0 0
1 4 1 0
1 4 2 0
1 4 3 0
1 4 4 0
1 5 0 0
1 5 1 0
1 5 2 0
1 5 3 0
1 5 4 0
1 6 0 3460
1 6 1 3460
1 6 2 3460
1 6 3 0
1 6 4 0
1 7 0 3322
1 7 1 3322
1 7 2 0
1 7 3 0
1 7 4 0
1 8 0 3007
1 8 1 3007
1 8 2 3007
1 8 3 0
1 8 4 0
1 9 0 0
1 9 1 0
1 9 2 0
1 9 3 0
1 9 4 0
1 10 0 0
1 10 1 0
1 10 2 0
1 10 3 0
1 10 4 0
1 11 0 0
1 11 1 0
1 11 2 0
1 11 3 0
1 11 4 0
1 12 0 3546
1 12 1 3546
1 12 2 3546
1 12 3 0
1 12 4 0
1 13 0 0
1 13 1 0
1 13 2 0
1 13 3 0
1 13 4 0
1 14 0 3770
1 14 1 3770
1 14 2 3770
1 14 3 0
1 14 4 0
1 15 0 3969
1 15 1 3969
1 15 2 0
1 15 3 0
1 15 4 0
1 16 0 0
1 16 1 0
1 16 2 0
1 16 3 0
1 16 4 0
1 17 0 3267
1 17 1 3267
1 17 2 3267
1 17 3 0
1 17 4 0
1 18 0 0
1 18 1 0
1 18 2 0
1 18 3 0
1 18 4 0
1 19 0 0
1 19 1 0
1 19 2 0
1 19 3 0
1 19 4 0
1 20 0 3629
1 20 1 3629
1 20 2 3629
1 20 3 0
1 20 4 0
1 21 0 0
1 21 1 0
1 21 2 0
1 21 3 0
1 21 4 0
1 22 0 3030
1 22 1 3030
1 22 2 3030
1 22 3 0
1 22 4 0
1 23 0 3158
1 23 1 3158
1 23 2 3158
1 23 3 0
1 23 4 0
1 24 0 3294
1 24 1 3294
1 24 2 0
1 24 3 0
1 24 4 0
1 25 0 0
1 25 1 0
1 25 2 0
1 25 3 0
1 25 4 0
1 26 0 0
1 26 1 0
1 26 2 0
1 26 3 0
1 26 4 0
1 27 0 0
1 27 1 0
1 27 2 0
1 27 3 0
1 27 4 0
1 28 0 0
1 28 1 0
1 28 2 0
1 28 3 0
1 28 4 0
1 29 0 3101
1 29 1 3101
1 29 2 0
1 29 3 0
1 29 4 0
1 30 0 3102
1 30 1 3102
1 30 2 3102
1 30 3 0
1 30 4 0
1 31 0 0
1 31 1 0
1 31 2 0
1 31 3 0
1 31 4 0
1 32 0 3852
1 32 1 3852
1 32 2 0
1 32 3 0
1 32 4 0
1 33 0 3285
1 33 1 3285
1 33 2 3285
1 33 3 0
1 33 4 0
1 34 0 0
1 34 1 0
1 34 2 0
1 34 3 0
1 34 4 0
1 35 0 3263
1 35 1 3263
1 35 2 3263
1 35 3 0
1 35 4 0
1 36 0 0
1 36 1 0
1 36 2 0
1 36 3 0
1 36 4 0
1 37 0 0
1 37 1 0
1 37 2 0
1 37 3 0
1 37 4 0
1 38 0 3695
1 38 1 3695
1 38 2 3695
1 38 3 0
1 38 4 0
1 39 0 0
1 39 1 0
1 39 2 0
1 39 3 0
1 39 4 0
2 0 0 3228
2 0 1 3228
2 0 2 0
2 0 3 0
2 0 4 0
2 1 0 0
2 1 1 0
2 1 2 0
2 1 3 0
2 1 4 0
2 3 0 3346
2 3 1 3346
2 3 2 3346
2 3 3 0
2 3 4 0
2 4 0 0
2 4 1 0
2 4 2 0
2 4 3 0
2 4 4 0
2 5 0 0
2 5 1 0
2 5 2 0
2 5 3 0
2 5 4 0
2 6 0 3584
2 6 1 3584
2 6 2 3584
2 6 3 0
2 6 4 0
2 7 0 3564
2 7 1 3564
2 7 2 3564
2 7 3 0
2 7 4 0
2 8 0 0
2 8 1 0
2 8 2 0
2 8 3 0
2 8 4 0
2 9 0 0
2 9 1 0
2 9 2 0
2 9 3 0
2 9 4 0
2 10 0 0
2 10 1 0
2 10 2 0
2 10 3 0
2 10 4 0
2 11 0 3848
2 11 1 3848
2 11 2 0
2 11 3 0
2 11 4 0
2 12 0 0
2 12 1 0
2 12 2 0
2 12 3 0
2 12 4 0
2 13 0 0
2 13 1 0
2 13 2 0
2 13 3 0
2 13 4 0
2 14 0 0
2 14 1 0
2 14 2 0
2 14 3 0
2 14 4 0
2 15 0 0
2 15 1 0
2 15 2 0
2 15 3 0
2 15 4 0
2 16 0 0
2 16 1 0
2 16 2 0
2 16 3 0
2 16 4 0
2 17 0 3585
2 17 1 3585
2 17 2 0
2 17 3 0
2 17 4 0
2 18 0 0
2 18 1 0
2 18 2 0
2 18 3 0
2 18 4 0
2 19 0 3584
2 19 1 3584
2 19 2 0
2 19 3 0
2 19 4 0
2 20 0 0
2 20 1 0
2 20 2 0
2 20 3 0
2 20 4 0
2 21 0 3855
2 21 1 3855
2 21 2 0
2 21 3 0
2 21 4 0
2 22 0 0
2 22 1 0
2 22 2 0
2 22 3 0
2 22 4 0
2 23 0 3222
2 23 1 3222
2 23 2 3222
2 23 3 0
2 23 4 0
2 24 0 0
2 24 1 0
2 24 2 0
2 24 3 0
2 24 4 0
2 25 0 0
2 25 1 0
2 25 2 0
2 25 3 0
2 25 4 0
2 26 0 3491
2 26 1 3491
2 26 2 0
2 26 3 0
2 26 4 0
2 27 0 0
2 27 1 0
2 27 2 0
2 27 3 0
2 27 4 0
2 28 0 0
2 28 1 0
2 28 2 0
2 28 3 0
2 28 4 0
2 29 0 0
2 29 1 0
2 29 2 0
2 29 3 0
2 29 4 0
2 30 0 0
2 30 1 0
2 30 2 0
2 30 3 0
2 30 4 0
2 31 0 0
2 31 1 0
2 31 2 0
2 31 3 0
2 31 4 0
2 32 0 0
2 32 1 0
2 32 2 0
2 32 3 0
2 32 4 0
2 33 0 0
2 33 1 0
2 33 2 0
2 33 3 0
2 33 4 0
2 34 0 0
2 34 1 0
2 34 2 0
2 34 3 0
2 34 4 0
2 35 0 0
2 35 1 0
2 35 2 0
2 35 3 0
2 35 4 0
2 36 0 3927
2 36 1 3927
2 36 2 3927
2 36 3 0
2 36 4 0
2 37 0 0
2 37 1 0
2 37 2 0
2 37 3 0
2 37 4 0
2 38 0 0
2 38 1 0
2 38 2 0
2 38 3 0
2 38 4 0
2 39 0 0
2 39 1 0
2 39 2 0
2 39 3 0
2 39 4 0
3 0 0 3508
3 0 1 3508
3 0 2 3508
3 0 3 0
3 0 4 0
3 1 0 3169
3 1 1 3169
3 1 2 3169
3 1 3 0
3 1 4 0
3 2 0 3346
3 2 1 3346
3 2 2 3346
3 2 3 0
3 2 4 0
3 4 0 3532
3 4 1 3532
3 4 2 3532
3 4 3 0
3 4 4 0
3 5 0 3643
3 5 1 3643
3 5 2 0
3 5 3 0
3 5 4 0
3 6 0 0
3 6 1 0
3 6 2 0
3 6 3 0
3 6 4 0
3 7 0 0
3 7 1 0
3 7 2 0
3 7 3 0
3 7 4 0
3 8 0 0
3 8 1 0
3 8 2 0
3 8 3 0
3 8 4 0
3 9 0 0
3 9 1 0
3 9 2 0
3 9 3 0
3 9 4 0
3 10 0 3264
3 10 1 3264
3 10 2 3264
3 10 3 0
3 10 4 0
3 11 0 0
3 11 1 0
3 11 2 0
3 11 3 0
3 11 4 0
3 12 0 0
3 12 1 0
3 12 2 0
3 12 3 0
3 12 4 0
3 13 0 3736
3 13 1 3736
3 13 2 3736
3 13 3 0
3 13 4 0
3 14 0 0
3 14 1 0
3 14 2 0
3 14 3 0
3 14 4 0
3 15 0 3539
3 15 1 3539
3 15 2 3539
3 15 3 0
3 15 4 0
3 16 0 3070
3 16 1 3070
3 16 2 3070
3 16 3 0
3 16 4 0
3 17 0 3097
3 17 1 3097
3 17 2 0
3 17 3 0
3 17 4 0
3 18 0 3441
3 18 1 3441
3 18 2 3441
3 18 3 0
3 18 4 0
3 19 0 0
3 19 1 0
3 19 2 0
3 19 3 0
3 19 4 0
3 20 0 3606
3 20 1 3606
3 20 2 0
3 20 3 0
3 20 4 0
3 21 0 3729
3 21 1 3729
3 21 2 0
3 21 3 0
3 21 4 0
3 22 0 3183
3 22 1 3183
3 22 2 0
3 22 3 0
3 22 4 0
3 23 0 0
3 23 1 0
3 23 2 0
3 23 3 0
3 23 4 0
3 24 0 0
3 24 1 0
3 24 2 0
3 24 3 0
3 24 4 0
3 25 0 3621
3 25 1 3621
3 25 2 0
3 25 3 0
3 25 4 0
3 26 0 3136
3 26 1 3136
3 26 2 0
3 26 3 0
3 26 4 0
3 27 0 3205
3 27 1 3205
3 27 2 3205
3 27 3 0
3 27 4 0
3 28 0 0
3 28 1 0
3 28 2 0
3 28 3 0
3 28 4 0
3 29 0 0
3 29 1 0
3 29 2 0
3 29 3 0
3 29 4 0
3 30 0 3696
3 30 1 3696
3 30 2 3696
3 30 3 0
3 30 4 0
3 31 0 3331
3 31 1 3331
3 31 2 3331
3 31 3 0
3 31 4 0
3 32 0 0
3 32 1 0
3 32 2 0
3 32 3 0
3 32 4 0
3 33 0 0
3 33 1 0
3 33 2 0
3 33 3 0
3 33 4 0
3 34 0 0
3 34 1 0
3 34 2 0
3 34 3 0
3 34 4 0
3 35 0 3194
3 35 1 3194
3 35 2 0
3 35 3 0
3 35 4 0
3 36 0 0
3 36 1 0
3 36 2 0
3 36 3 0
3 36 4 0
3 37 0 3984
3 37 1 3984
3 37 2 3984
3 37 3 0
3 37 4 0
3 38 0 0
3 38 1 0
3 38 2 0
3 38 3 0
3 38 4 0
3 39 0 0
3 39 1 0
3 39 2 0
3 39 3 0
3 39 4 0
4 0 0 0
4 0 1 0
4 0 2 0
4 0 3 0
4 0 4 0
4 1 0 0
4 1 1 0
4 1 2 0
4 1 3 0
4 1 4 0
4 2 0 0
4 2 1 0
4 2 2 0
4 2 3 0
4 2 4 0
4 3 0 3532
4 3 1 3532
4 3 2 3532
4 3 3 0
4 3 4 0
4 5 0 3150
4 5 1 3150
4 5 2 3150
4 5 3 0
4 5 4 0
4 6 0 0
4 6 1 0
4 6 2 0
4 6 3 0
4 6 4 0
4 7 0 3361
4 7 1 3361
4 7 2 3361
4 7 3 0
4 7 4 0
4 8 0 3636
4 8 1 3636
4 8 2 0
4 8 3 0
4 8 4 0
4 9 0 0
4 9 1 0
4 9 2 0
4 9 3 0
4 9 4 0
4 10 0 0
4 10 1 0
4 10 2 0
4 10 3 0
4 10 4 0
4 11 0 3159
4 11 1 3159
4 11 2 0
4 11 3 0
4 11 4 0
4 12 0 0
4 12 1 0
4 12 2 0
4 12 3 0
4 12 4 0
4 13 0 0
4 13 1 0
4 13 2 0
4 13 3 0
4 13 4 0
4 14 0 3181
4 14 1 3181
4 14 2 0
4 14 3 0
4 14 4 0
4 15 0 0
4 15 1 0
4 15 2 0
4 15 3 0
4 15 4 0
4 16 0 0
4 16 1 0
4 16 2 0
4 16 3 0
4 16 4 0
4 17 0 0
4 17 1 0
4 17 2 0
4 17 3 0
4 17 4 0
4 18 0 3197
4 18 1 3197
4 18 2 0
4 18 3 0
4 18 4 0
4 19 0 0
4 19 1 0
4 19 2 0
4 19 3 0
4 19 4 0
4 20 0 3279
4 20 1 3279
4 20 2 0
4 20 3 0
4 20 4 0
4 21 0 0
4 21 1 0
4 21 2 0
4 21 3 0
4 21 4 0
4 22 0 3258
4 22 1 3258
4 22 2 0
4 22 3 0
4 22 4 0
4 23 0 0
4 23 1 0
4 23 2 0
4 23 3 0
4 23 4 0
4 24 0 0
4 24 1 0
4 24 2 0
4 24 3 0
4 24 4 0
4 25 0 0
4 25 1 0
4 25 2 0
4 25 3 0
4 25 4 0
4 26 0 0
4 26 1 0
4 26 2 0
4 26 3 0
4 26 4 0
4 27 0 0
4 27 1 0
4 27 2 0
4 27 3 0
4 27 4 0
4 28 0 0
4 28 1 0
4 28 2 0
4 28 3 0
4 28 4 0
4 29 0 3463
4 29 1 3463
4 29 2 3463
4 29 3 0
4 29 4 0
4 30 0 0
4 30 1 0
4 30 2 0
4 30 3 0
4 30 4 0
4 31 0 0
4 31 1 0
4 31 2 0
4 31 3 0
4 31 4 0
4 32 0 0
4 32 1 0
4 32 2 0
4 32 3 0
4 32 4 0
4 33 0 0
4 33 1 0
4 33 2 0
4 33 3 0
4 33 4 0
4 34 0 0
4 34 1 0
4 34 2 0
4 34 3 0
4 34 4 0
4 35 0 0
4 35 1 0
4 35 2 0
4 35 3 0
4 35 4 0
4 36 0 0
4 36 1 0
4 36 2 0
4 36 3 0
4 36 4 0
4 37 0 3361
4 37 1 3361
4 37 2 0
4 37 3 0
4 37 4 0
4 38 0 0
4 38 1 0
4 38 2 0
4 38 3 0
4 38 4 0
