50 4 24 768

   0  894  760  720  935  771  869  836  743  720  789  871  970  817  824  961  906  878  877  935  935  961  854  804  744  945  843  786  720  830  718  809  760  758  783  969  739  742  756  929  951  933  809  844  909  942  813  880  755  861 
 894    0  723  959  732  745  888  733  723  764  930  948  864  929  766  725  903  776  814  851  837  726  839  928  723  893  800  901  814  733  904  979  875  738  903  978  779  949  934  981  896  755  982  888  952  921  908  954  738  803 
 760  723    0  901  967  925  774  847  864  846  768  756  967  715  907  932  900  782  937  941  783  975  876  788  770  976  773  812  871  970  899  973  842  886  884  950  933  834  833  761  765  766  793  897  720  774  881  716  938  906 
 720  959  901    0  783  785  941  960  950  718  936  883  947  830  915  936  898  770  977  778  796  757  825  842  826  964  878  774  735  748  736  797  824  965  850  804  844  836  868  794  980  804  917  810  954  866  791  931  883  733 
 935  732  967  783    0  721  856  774  884  794  822  890  919  908  849  922  865  908  937  931  930  928  851  902  912  761  969  824  843  855  938  791  911  852  746  810  741  977  765  735  775  862  875  769  807  948  786  873  959  903 
 771  745  925  785  721    0  726  754  849  823  915  859  721  788  880  920  718  892  847  916  814  766  942  734  975  734  722  835  792  976  869  840  915  868  975  785  849  729  728  797  847  892  925  737  958  774  961  944  780  747 
 869  888  774  941  856  726    0  981  928  752  830  967  901  795  741  732  862  936  835  847  818  906  926  836  855  901  854  955  952  912  734  744  848  812  731  871  820  880  827  863  935  742  827  735  918  940  959  738  893  879 
 836  733  847  960  774  754  981    0  820  869  852  814  839  803  934  902  864  940  838  869  971  930  764  726  918  867  952  849  966  758  896  928  952  865  953  785  738  787  856  859  845  973  845  910  859  976  821  966  854  836 
 743  723  864  950  884  849  928  820    0  873  823  727  753  768  932  977  969  764  924  929  722  840  859  934  825  801  918  743  865  800  834  818  841  967  757  869  925  825  949  844  878  866  886  790  863  844  917  891  790  901 
 720  764  846  718  794  823  752  869  873    0  736  765  795  966  965  862  807  721  733  925  792  741  843  869  975  845  812  967  843  884  715  776  723  721  862  768  841  924  980  956  763  977  979  892  905  955  762  900  793  748 
 789  930  768  936  822  915  830  852  823  736    0  737  919  817  868  811  850  780  936  977  932  830  740  944  933  748  922  980  807  794  913  844  952  812  970  863  768  768  828  849  983  917  743  979  744  855  733  944  738  750 
 871  948  756  883  890  859  967  814  727  765  737    0  739  750  808  804  742  761  935  824  976  744  950  933  886  828  950  725  903  780  924  792  892  980  952  884  931  738  785  875  782  817  869  923  852  907  808  740  722  913 
 970  864  967  947  919  721  901  839  753  795  919  739    0  811  832  970  721  918  769  886  721  845  888  725  767  765  886  920  964  958  973  825  740  739  737  755  974  747  978  961  816  823  717  948  763  934  735  867  970  970 
 817  929  715  830  908  788  795  803  768  966  817  750  811    0  827  907  862  876  812  818  845  937  912  924  841  905  831  791  868  788  874  853  788  974  726  731  782  960  902  736  808  741  897  947  780  773  760  966  838  831 
 824  766  907  915  849  880  741  934  932  965  868  808  832  827    0  877  834  968  791  723  933  978  890  779  968  942  842  866  906  771  729  916  895  828  837  781  932  747  770  834  775  768  920  766  828  736  795  907  755  958 
 961  725  932  936  922  920  732  902  977  862  811  804  970  907  877    0  869  814  881  725  715  778  936  812  979  872  715  902  948  915  718  741  897  782  773  826  842  736  819  778  755  812  748  920  824  786  861  786  956  858 
 906  903  900  898  865  718  862  864  969  807  850  742  721  862  834  869    0  818  736  911  921  927  753  738  785  788  902  927  757  755  829  973  802  807  811  903  818  785  906  817  919  901  787  897  918  889  829  953  807  818 
 878  776  782  770  908  892  936  940  764  721  780  761  918  876  968  814  818    0  916  955  726  977  735  950  806  899  822  841  778  780  899  914  726  899  968  940  774  793  797  834  727  925  718  865  913  718  909  758  866  753 
 877  814  937  977  937  847  835  838  924  733  936  935  769  812  791  881  736  916    0  812  737  766  752  881  948  871  939  937  956  786  731  788  888  930  981  861  743  745  739  833  972  839  916  937  972  779  764  781  807  760 
 935  851  941  778  931  916  847  869  929  925  977  824  886  818  723  725  911  955  812    0  885  936  876  820  867  810  753  904  821  778  925  721  791  808  960  906  787  723  834  905  833  726  856  770  921  766  967  825  778  925 
 935  837  783  796  930  814  818  971  722  792  932  976  721  845  933  715  921  726  737  885    0  844  737  789  952  937  849  737  931  939  935  844  907  741  873  769  816  973  803  809  944  799  799  943  828  865  796  957  765  890 
 961  726  975  757  928  766  906  930  840  741  830  744  845  937  978  778  927  977  766  936  844    0  885  826  894  932  883  817  752  728  843  751  982  785  882  792  921  860  738  720  752  838  812  821  800  837  745  929  917  740 
 854  839  876  825  851  942  926  764  859  843  740  950  888  912  890  936  753  735  752  876  737  885    0  963  892  814  753  822  899  766  980  902  953  924  957  755  833  903  862  817  937  916  972  917  741  981  784  958  917  917 
 804  928  788  842  902  734  836  726  934  869  944  933  725  924  779  812  738  950  881  820  789  826  963    0  749  871  749  877  756  882  715  901  762  950  886  802  728  874  982  792  790  938  803  887  881  969  715  725  720  848 
 744  723  770  826  912  975  855  918  825  975  933  886  767  841  968  979  785  806  948  867  952  894  892  749    0  977  872  718  717  942  908  849  946  775  722  919  812  751  857  825  907  918  878  738  764  809  742  879  801  895 
 945  893  976  964  761  734  901  867  801  845  748  828  765  905  942  872  788  899  871  810  937  932  814  871  977    0  942  771  867  974  778  866  739  861  907  763  863  980  929  834  824  783  941  762  728  810  806  775  832  853 
 843  800  773  878  969  722  854  952  918  812  922  950  886  831  842  715  902  822  939  753  849  883  753  749  872  942    0  903  915  845  897  753  825  789  900  790  898  782  902  928  851  777  775  744  942  867  847  778  914  907 
 786  901  812  774  824  835  955  849  743  967  980  725  920  791  866  902  927  841  937  904  737  817  822  877  718  771  903    0  798  761  775  928  922  865  855  893  744  823  961  806  753  811  907  842  923  946  818  923  952  817 
 720  814  871  735  843  792  952  966  865  843  807  903  964  868  906  948  757  778  956  821  931  752  899  756  717  867  915  798    0  745  943  831  882  736  838  867  733  952  819  836  737  926  794  815  790  942  734  808  883  894 
 830  733  970  748  855  976  912  758  800  884  794  780  958  788  771  915  755  780  786  778  939  728  766  882  942  974  845  761  745    0  812  981  964  891  860  895  983  891  968  719  853  790  762  745  946  921  727  897  927  833 
 718  904  899  736  938  869  734  896  834  715  913  924  973  874  729  718  829  899  731  925  935  843  980  715  908  778  897  775  943  812    0  957  743  923  961  719  829  883  856  834  970  777  901  965  788  777  903  925  892  892 
 809  979  973  797  791  840  744  928  818  776  844  792  825  853  916  741  973  914  788  721  844  751  902  901  849  866  753  928  831  981  957    0  789  799  844  795  903  914  816  748  875  738  961  749  855  771  726  865  944  981 
 760  875  842  824  911  915  848  952  841  723  952  892  740  788  895  897  802  726  888  791  907  982  953  762  946  739  825  922  882  964  743  789    0  933  751  860  832  928  769  846  936  918  853  922  931  716  804  719  824  746 
 758  738  886  965  852  868  812  865  967  721  812  980  739  974  828  782  807  899  930  808  741  785  924  950  775  861  789  865  736  891  923  799  933    0  802  735  747  903  837  730  863  788  719  749  866  868  803  907  842  848 
 783  903  884  850  746  975  731  953  757  862  970  952  737  726  837  773  811  968  981  960  873  882  957  886  722  907  900  855  838  860  961  844  751  802    0  932  820  761  966  891  862  819  721  777  751  904  853  949  835  920 
 969  978  950  804  810  785  871  785  869  768  863  884  755  731  781  826  903  940  861  906  769  792  755  802  919  763  790  893  867  895  719  795  860  735  932    0  818  869  904  717  957  842  787  982  861  831  978  737  881  941 
 739  779  933  844  741  849  820  738  925  841  768  931  974  782  932  842  818  774  743  787  816  921  833  728  812  863  898  744  733  983  829  903  832  747  820  818    0  860  843  733  781  743  840  975  936  759  865  960  850  755 
 742  949  834  836  977  729  880  787  825  924  768  738  747  960  747  736  785  793  745  723  973  860  903  874  751  980  782  823  952  891  883  914  928  903  761  869  860    0  830  805  765  752  899  885  953  857  971  756  943  855 
 756  934  833  868  765  728  827  856  949  980  828  785  978  902  770  819  906  797  739  834  803  738  862  982  857  929  902  961  819  968  856  816  769  837  966  904  843  830    0  960  830  767  901  814  769  779  780  976  939  737 
 929  981  761  794  735  797  863  859  844  956  849  875  961  736  834  778  817  834  833  905  809  720  817  792  825  834  928  806  836  719  834  748  846  730  891  717  733  805  960    0  930  728  838  853  735  944  973  775  852  777 
 951  896  765  980  775  847  935  845  878  763  983  782  816  808  775  755  919  727  972  833  944  752  937  790  907  824  851  753  737  853  970  875  936  863  862  957  781  765  830  930    0  880  771  741  780  945  750  772  762  980 
 933  755  766  804  862  892  742  973  866  977  917  817  823  741  768  812  901  925  839  726  799  838  916  938  918  783  777  811  926  790  777  738  918  788  819  842  743  752  767  728  880    0  788  861  938  730  759  975  903  801 
 809  982  793  917  875  925  827  845  886  979  743  869  717  897  920  748  787  718  916  856  799  812  972  803  878  941  775  907  794  762  901  961  853  719  721  787  840  899  901  838  771  788    0  976  740  918  739  829  896  785 
 844  888  897  810  769  737  735  910  790  892  979  923  948  947  766  920  897  865  937  770  943  821  917  887  738  762  744  842  815  745  965  749  922  749  777  982  975  885  814  853  741  861  976    0  955  724  816  811  959  920 
 909  952  720  954  807  958  918  859  863  905  744  852  763  780  828  824  918  913  972  921  828  800  741  881  764  728  942  923  790  946  788  855  931  866  751  861  936  953  769  735  780  938  740  955    0  863  776  770  912  851 
 942  921  774  866  948  774  940  976  844  955  855  907  934  773  736  786  889  718  779  766  865  837  981  969  809  810  867  946  942  921  777  771  716  868  904  831  759  857  779  944  945  730  918  724  863    0  907  963  921  868 
 813  908  881  791  786  961  959  821  917  762  733  808  735  760  795  861  829  909  764  967  796  745  784  715  742  806  847  818  734  727  903  726  804  803  853  978  865  971  780  973  750  759  739  816  776  907    0  938  959  843 
 880  954  716  931  873  944  738  966  891  900  944  740  867  966  907  786  953  758  781  825  957  929  958  725  879  775  778  923  808  897  925  865  719  907  949  737  960  756  976  775  772  975  829  811  770  963  938    0  732  776 
 755  738  938  883  959  780  893  854  790  793  738  722  970  838  755  956  807  866  807  778  765  917  917  720  801  832  914  952  883  927  892  944  824  842  835  881  850  943  939  852  762  903  896  959  912  921  959  732    0  720 
 861  803  906  733  903  747  879  836  901  748  750  913  970  831  958  858  818  753  760  925  890  740  917  848  895  853  907  817  894  833  892  981  746  848  920  941  755  855  737  777  980  801  785  920  851  868  843  776  720    0 

   0  934 1049 1167  694  891  887  863 1023 1011  628  722  848  840  887  949  883  614  796  671  863 1156 1086  616 1032 1032 1006  816  725  667  970  945  653 1145 1159 1024 1190  673  603 1054  650 1000  978 1036  921  985  907  755  727  720 
 934    0  993 1010 1143  609  712  987  680 1081 1121 1030  791  601 1191  788  773  769  858  875  778  865  999 1108  826  944  897 1083 1139  644 1036  704  894  726  695  670  910  877 1157 1137 1019  653  785 1057  628 1140 1144 1058  820  636 
1049  993    0  725 1055  896  791  743  624  780 1102 1157  938  662  607  748 1200  780 1017  642 1101  997  642  712  618 1103  923 1087 1015 1117 1045  661  810  722  973  773  812  625  611 1038 1199  858  845  758  821 1095  640 1175  806 1185 
1167 1010  725    0  773  666  812  820 1175 1068  719  764  946  663 1170  695  778  624 1092  949  829  624  947  605  616 1084 1095  689 1060 1004  700  796  639 1122  734  993 1005  837  833  727 1183  759 1146  922  720 1132  620  618  925  796 
 694 1143 1055  773    0 1138  629 1056  823 1177  606  934 1103  889  994 1112  799  631  858  711  734 1188  805  888  629  742 1137  756 1120  938  609 1125 1089  668  643 1028 1105  686  894  987  951  966  753  990 1166  798  605  736 1145 1051 
 891  609  896  666 1138    0  929  774  894  843  796  854  986 1120  970  716  905  895  858  979  909 1195 1196 1124  982  613  987  922 1195 1098  905  937 1138  663  642  809  877  995 1015  614 1104  712 1052 1017  685 1124 1020  861 1120 1123 
 887  712  791  812  629  929    0 1077 1187  606  681  948 1064 1175  839  640  818  781  618  989 1110 1021  883  627  773  901  765 1139  802  660  797  661  631  628  600  950  860 1049 1088 1185 1190  803  672  701 1194  760  615  985  683  742 
 863  987  743  820 1056  774 1077    0 1063  662 1083  613  876 1167  644  639 1064  794  834  799 1088 1002  720 1040  974  727  823  742 1075  992  687  869 1005  727  815  727  615  640  785  835  769 1144  928  789  881  984  746  639 1173  719 
1023  680  624 1175  823  894 1187 1063    0  702 1089 1168  647 1134  662 1071  990 1015  931  989  820  657 1069  717 1031 1159  714 1159 1142 1156 1139 1114  978  817  675  811 1088  858 1143 1062 1097 1126  608  865 1064  832  879  982  934  680 
1011 1081  780 1068 1177  843  606  662  702    0  707 1010  879  823  706  996  771  659  754 1012 1194 1198  766  613  869 1131  791  771 1175  699  854  762  950 1181  658  883  913  601  652  886  656  709 1047  907  664  645  891 1034  639  856 
 628 1121 1102  719  606  796  681 1083 1089  707    0  701  933  619  652  612  823  678  890 1109 1111  855  958 1147  712 1150  748 1163  891 1176  912 1010  766  641  655  688 1015 1076  810  883  711 1084  811 1148 1068  640  718  979  727 1198 
 722 1030 1157  764  934  854  948  613 1168 1010  701    0  785  878  943 1141  804  997 1152  837 1014  666 1144  602 1058 1184  642 1131  830  852  681 1124 1087 1123  600 1110 1198  705  868  851 1189 1178  834  862  746  943  798  816  923 1109 
 848  791  938  946 1103  986 1064  876  647  879  933  785    0 1154  655  970 1137  602  859  933  933  990  866 1098  806 1020 1194  672 1118  733  653 1074  784  606 1077 1170  839  907 1179 1174  771  801  667  793  991 1113  718  909  763  877 
 840  601  662  663  889 1120 1175 1167 1134  823  619  878 1154    0 1101 1029  909 1094  778  907  843  646  985  845  950  636  608 1136 1155 1115 1000 1050 1061 1034  984  821  852 1088  794  835  703  911  613  762  846  821  680  688  854  670 
 887 1191  607 1170  994  970  839  644  662  706  652  943  655 1101    0  925 1031 1049 1113  685 1138  973 1121  712  749  784  755  845  900  780 1130  959  738  923 1051  897 1153 1173  805 1143  844 1047  996  639 1026  750  724  809  627  760 
 949  788  748  695 1112  716  640  639 1071  996  612 1141  970 1029  925    0  927  680  739  914  691 1034  951  862  828  697  792 1051  863  628  874 1092  978 1137  961  646 1119  751  767  795 1009  733  779 1160  810  890 1093  622  621  959 
 883  773 1200  778  799  905  818 1064  990  771  823  804 1137  909 1031  927    0 1005 1082  941 1110 1129  912  736  842 1133 1053  904 1076  789  740 1068 1015  700 1180  775  645  611 1169  715  604  801 1136  886 1074  719 1102  659 1083  832 
 614  769  780  624  631  895  781  794 1015  659  678  997  602 1094 1049  680 1005    0  824  812  810  825  855  758 1193 1103 1174 1098 1025 1055  848 1136 1095  808  925  904 1186  897  985  788  983  738 1170  714  707  616 1001  835  842 1000 
 796  858 1017 1092  858  858  618  834  931  754  890 1152  859  778 1113  739 1082  824    0  694 1166  676  653  773  789  922  818  864  780  761  653  701  958  650  835 1037 1182  950 1102  652  949  712 1152  874  691  983  871  720 1194 1112 
 671  875  642  949  711  979  989  799  989 1012 1109  837  933  907  685  914  941  812  694    0 1058  910  836  663  753  832  948  631  995  729  864  897 1095  924 1132  674  929 1083 1089  701 1168  718  822  638 1112  671 1046 1050  842  818 
 863  778 1101  829  734  909 1110 1088  820 1194 1111 1014  933  843 1138  691 1110  810 1166 1058    0 1084  857 1150  756 1150  801  872 1045 1025  783 1176  779  866  892  756  788  698 1129  976  664 1083  906  908  636 1198 1178  917  705 1181 
1156  865  997  624 1188 1195 1021 1002  657 1198  855  666  990  646  973 1034 1129  825  676  910 1084    0  989  926  713  726  754 1164  982 1096 1134  888  935  975  864 1184  661  963 1161  856  847 1034  953  833  794 1112  929  890  911  705 
1086  999  642  947  805 1196  883  720 1069  766  958 1144  866  985 1121  951  912  855  653  836  857  989    0 1150 1147 1071  849  635  790  922 1139 1057  668 1117  979  889  830 1048 1082  852  871  604 1140  674 1023  877 1021  852  695  716 
 616 1108  712  605  888 1124  627 1040  717  613 1147  602 1098  845  712  862  736  758  773  663 1150  926 1150    0  611  749  608  930  887  802  607  954  835  785 1169 1135  923  729  771  667  854  829  913 1150 1168  922  684  841  838  825 
1032  826  618  616  629  982  773  974 1031  869  712 1058  806  950  749  828  842 1193  789  753  756  713 1147  611    0  672  819 1014 1051 1071  801 1197  679  680  839 1128  840 1104  667  786  763 1126  859  959 1024 1066  608  893  843  901 
1032  944 1103 1084  742  613  901  727 1159 1131 1150 1184 1020  636  784  697 1133 1103  922  832 1150  726 1071  749  672    0  830  756 1140  811  931  795  672  652  691  674 1118  952 1114  654  816  622 1186  746  686  864  844  724 1140 1104 
1006  897  923 1095 1137  987  765  823  714  791  748  642 1194  608  755  792 1053 1174  818  948  801  754  849  608  819  830    0  968  890  709 1170  979  731 1179 1006 1016  789  881  808  725  661 1121  717  940  824  819 1153 1066  780  670 
 816 1083 1087  689  756  922 1139  742 1159  771 1163 1131  672 1136  845 1051  904 1098  864  631  872 1164  635  930 1014  756  968    0 1049  847 1083 1161  829  868  789  752 1130  903  890  839  985  882  692  954 1017  627  628  900  860  940 
 725 1139 1015 1060 1120 1195  802 1075 1142 1175  891  830 1118 1155  900  863 1076 1025  780  995 1045  982  790  887 1051 1140  890 1049    0 1012  718  799  969  705  983 1004  681  743  714  613  612  747 1174  709  988  844  860  757 1155  781 
 667  644 1117 1004  938 1098  660  992 1156  699 1176  852  733 1115  780  628  789 1055  761  729 1025 1096  922  802 1071  811  709  847 1012    0  841  752  629 1192  791 1165 1121  769  948  859  784  763  744  985 1153  978 1178 1031 1132  687 
 970 1036 1045  700  609  905  797  687 1139  854  912  681  653 1000 1130  874  740  848  653  864  783 1134 1139  607  801  931 1170 1083  718  841    0  887 1126 1094  948  720  869 1147  607  675  895  861  603  684  709 1083  618  810  950 1089 
 945  704  661  796 1125  937  661  869 1114  762 1010 1124 1074 1050  959 1092 1068 1136  701  897 1176  888 1057  954 1197  795  979 1161  799  752  887    0 1068 1004  725  620  983 1062  945 1116 1064  832 1184 1169  850  835  976  951 1047  624 
 653  894  810  639 1089 1138  631 1005  978  950  766 1087  784 1061  738  978 1015 1095  958 1095  779  935  668  835  679  672  731  829  969  629 1126 1068    0 1070  638 1035  685  833 1018  617  798  807  657 1054 1121  941  719  999  910  949 
1145  726  722 1122  668  663  628  727  817 1181  641 1123  606 1034  923 1137  700  808  650  924  866  975 1117  785  680  652 1179  868  705 1192 1094 1004 1070    0 1076  741  951 1077  617  602 1090  812  984  643  872 1109  725  630  970 1071 
1159  695  973  734  643  642  600  815  675  658  655  600 1077  984 1051  961 1180  925  835 1132  892  864  979 1169  839  691 1006  789  983  791  948  725  638 1076    0 1136 1086  791  902 1008  757  612  994 1060  754  730  947  648  855 1020 
1024  670  773  993 1028  809  950  727  811  883  688 1110 1170  821  897  646  775  904 1037  674  756 1184  889 1135 1128  674 1016  752 1004 1165  720  620 1035  741 1136    0  872  955  686  936  759 1012  968  894  777  801  794 1073  798  809 
1190  910  812 1005 1105  877  860  615 1088  913 1015 1198  839  852 1153 1119  645 1186 1182  929  788  661  830  923  840 1118  789 1130  681 1121  869  983  685  951 1086  872    0  729 1182  943  690 1008  938 1016 1185 1151  986  642  663  781 
 673  877  625  837  686  995 1049  640  858  601 1076  705  907 1088 1173  751  611  897  950 1083  698  963 1048  729 1104  952  881  903  743  769 1147 1062  833 1077  791  955  729    0 1065  932  995 1180  975  721 1158  927 1013 1013  789 1094 
 603 1157  611  833  894 1015 1088  785 1143  652  810  868 1179  794  805  767 1169  985 1102 1089 1129 1161 1082  771  667 1114  808  890  714  948  607  945 1018  617  902  686 1182 1065    0 1164  764 1055 1183  612  726 1102  795  831 1095  621 
1054 1137 1038  727  987  614 1185  835 1062  886  883  851 1174  835 1143  795  715  788  652  701  976  856  852  667  786  654  725  839  613  859  675 1116  617  602 1008  936  943  932 1164    0  799  858  929  863  683  834  924 1133 1057  904 
 650 1019 1199 1183  951 1104 1190  769 1097  656  711 1189  771  703  844 1009  604  983  949 1168  664  847  871  854  763  816  661  985  612  784  895 1064  798 1090  757  759  690  995  764  799    0  754 1155  672  931  720  733  803  905  925 
1000  653  858  759  966  712  803 1144 1126  709 1084 1178  801  911 1047  733  801  738  712  718 1083 1034  604  829 1126  622 1121  882  747  763  861  832  807  812  612 1012 1008 1180 1055  858  754    0  664  707  955 1029  987 1176  879 1103 
 978  785  845 1146  753 1052  672  928  608 1047  811  834  667  613  996  779 1136 1170 1152  822  906  953 1140  913  859 1186  717  692 1174  744  603 1184  657  984  994  968  938  975 1183  929 1155  664    0 1040 1125  918  995  999  888  871 
1036 1057  758  922  990 1017  701  789  865  907 1148  862  793  762  639 1160  886  714  874  638  908  833  674 1150  959  746  940  954  709  985  684 1169 1054  643 1060  894 1016  721  612  863  672  707 1040    0  864  666 1176 1104  633  772 
 921  628  821  720 1166  685 1194  881 1064  664 1068  746  991  846 1026  810 1074  707  691 1112  636  794 1023 1168 1024  686  824 1017  988 1153  709  850 1121  872  754  777 1185 1158  726  683  931  955 1125  864    0  994  875 1003  891  915 
 985 1140 1095 1132  798 1124  760  984  832  645  640  943 1113  821  750  890  719  616  983  671 1198 1112  877  922 1066  864  819  627  844  978 1083  835  941 1109  730  801 1151  927 1102  834  720 1029  918  666  994    0  617  833  799  605 
 907 1144  640  620  605 1020  615  746  879  891  718  798  718  680  724 1093 1102 1001  871 1046 1178  929 1021  684  608  844 1153  628  860 1178  618  976  719  725  947  794  986 1013  795  924  733  987  995 1176  875  617    0  983  940  857 
 755 1058 1175  618  736  861  985  639  982 1034  979  816  909  688  809  622  659  835  720 1050  917  890  852  841  893  724 1066  900  757 1031  810  951  999  630  648 1073  642 1013  831 1133  803 1176  999 1104 1003  833  983    0  694  988 
 727  820  806  925 1145 1120  683 1173  934  639  727  923  763  854  627  621 1083  842 1194  842  705  911  695  838  843 1140  780  860 1155 1132  950 1047  910  970  855  798  663  789 1095 1057  905  879  888  633  891  799  940  694    0  968 
 720  636 1185  796 1051 1123  742  719  680  856 1198 1109  877  670  760  959  832 1000 1112  818 1181  705  716  825  901 1104  670  940  781  687 1089  624  949 1071 1020  809  781 1094  621  904  925 1103  871  772  915  605  857  988  968    0 

0 408 1025
1 638 717
2 246 983
3 282 803
4 366 1046
5 445 1043
6 246 864
7 267 711
8 202 1037
9 256 989
10 395 822
11 481 792
12 214 836
13 273 894
14 698 787
15 543 822
16 373 755
17 391 902
18 640 893
19 613 761
20 527 735
21 565 864
22 475 766
23 223 929
24 659 704
25 221 809
26 372 1069
27 275 750
28 415 701
29 674 1041
30 267 1003
31 490 924
32 696 805
33 211 1008
34 578 740
35 622 949
36 657 770
37 628 783
38 690 994
39 519 841
40 463 817
41 688 819
42 479 878
43 434 954
44 293 915
45 363 708
46 562 721
47 279 885
48 509 922
49 349 787

0 34 47234 51302 1566 
0 1 9041 11684 3576 
0 22 14447 18649 2562 
0 49 12965 14635 1722 
0 34 44115 47777 1566 
0 15 10111 13024 3844 
0 6 22371 24854 3476 
0 43 2552 4779 2532 
0 47 39263 41656 3520 
1 14 27528 30410 2298 
1 38 6921 9281 1868 
1 19 6560 8660 1702 
1 43 6069 9895 2664 
1 33 20174 21749 1476 
1 45 33088 36542 2763 
1 33 36329 38717 2214 
1 35 41023 42631 2934 
1 34 44736 47349 3612 
1 23 50468 54711 2784 
1 12 486 3396 2592 
1 11 38417 41383 1896 
1 19 22829 25839 1702 
1 15 45672 48114 2175 
1 34 23349 25058 2709 
1 21 7687 9875 2178 
1 18 20775 23443 2442 
1 31 25575 27933 2937 
1 0 27124 30028 2682 
2 14 31467 33640 3628 
2 30 18045 22110 2697 
2 48 25336 28052 2814 
2 29 11465 15352 3880 
2 42 39583 42920 2379 
2 26 9934 11955 2319 
2 8 43273 44620 3456 
2 40 38852 42988 3060 
2 9 1726 3465 1692 
2 42 21737 23950 1586 
2 45 48137 52122 1548 
2 39 32687 34866 2283 
2 19 49926 51723 2823 
2 13 48131 50123 1430 
2 15 18416 20435 3728 
2 48 42830 45965 2814 
2 26 38308 41021 1546 
2 5 28420 31618 3700 
2 9 37653 39673 3384 
2 28 36959 39181 1742 
2 48 36551 38283 2814 
3 18 46242 49299 3908 
3 4 7996 10098 1566 
3 46 19790 22015 2373 
3 49 48497 50980 2932 
3 4 2744 4436 1566 
3 23 48901 50788 2526 
3 44 6765 8464 3816 
3 10 18691 20581 3744 
3 28 38066 40620 2205 
3 1 46772 49933 2877 
3 7 18213 20500 3840 
3 44 29573 32366 1908 
3 47 48534 50011 2793 
3 27 10306 11863 2322 
3 17 19794 21928 3080 
3 33 19035 23287 3860 
3 26 5188 8297 3512 
4 9 2960 7314 2382 
4 13 24829 28358 2724 
4 8 23276 26271 2652 
4 35 15132 18030 1620 
4 11 39620 42571 1780 
4 46 19828 21062 2358 
4 25 31108 33348 2283 
4 39 39965 42343 1470 
4 23 11682 15225 1804 
4 10 48350 50392 3288 
4 15 1322 5202 2766 
4 41 38532 40869 3448 
4 33 24520 26377 2556 
4 30 20083 21428 2814 
4 8 39571 42311 1768 
4 24 1165 3636 2736 
4 35 10220 13375 1620 
4 2 876 3291 1934 
4 18 18986 21817 3748 
4 33 23697 26001 1704 
5 25 40233 41655 1468 
5 36 14863 17529 3396 
5 23 28579 32063 2202 
5 17 7604 10271 3568 
5 10 27343 30375 2745 
5 10 47645 50033 2745 
5 33 7020 9108 3472 
5 3 18746 20437 2355 
5 26 9631 11713 1444 
6 10 46244 47851 1660 
6 13 28870 31290 1590 
6 34 24977 26555 1462 
6 48 8722 10183 1786 
6 23 23719 25079 3344 
6 13 7858 11324 3180 
6 33 3639 4995 1624 
6 39 23369 27552 1726 
6 22 9305 12369 3704 
6 36 11107 14306 1640 
6 20 18043 21772 2454 
6 42 26162 27512 2481 
6 7 27316 30299 3924 
6 12 42682 44969 2703 
6 8 49004 51674 1856 
6 42 119 2061 2481 
6 17 39005 40957 3744 
6 41 47462 50513 2226 
7 13 48222 52201 2409 
7 27 48269 50324 1698 
7 0 41599 44688 2508 
7 38 20559 23031 1712 
7 39 42514 44710 1718 
7 9 50105 51733 1738 
7 22 24200 26007 1528 
7 0 43561 45520 3344 
7 13 26233 30165 2409 
7 14 11298 13371 3736 
7 18 27250 29418 2514 
7 3 14296 17133 2880 
7 1 20888 23918 2932 
7 15 12142 13745 2706 
7 2 27368 29686 3388 
7 39 4257 6135 1718 
7 12 7274 10313 2517 
7 49 18047 19520 1672 
7 24 3748 6075 1836 
7 16 5810 9097 1728 
7 40 23359 25273 3380 
7 33 28233 30632 1730 
8 37 8292 10308 2475 
8 25 44568 48775 1602 
8 14 22192 24138 2796 
8 40 5810 8574 2634 
8 5 47719 49810 3396 
8 25 44101 46847 3204 
8 36 36185 38545 1850 
8 41 5809 9896 2598 
9 45 36505 38381 1910 
9 45 24695 26107 2865 
9 6 26129 27892 1504 
9 41 19852 22631 3908 
9 45 27345 28976 1910 
9 46 43969 47488 1524 
9 32 45201 47101 1446 
9 47 40520 42949 3600 
9 26 48134 51084 2436 
9 26 46766 49194 3248 
9 14 39265 42053 2895 
9 41 24980 27738 2931 
9 43 7186 10696 3568 
9 21 13808 17186 2223 
9 25 9692 12168 3380 
9 7 29407 31399 1738 
9 14 22438 25184 1930 
9 45 44355 46780 3820 
9 8 47882 49952 3492 
9 43 24686 27978 1784 
9 29 19389 21527 3536 
9 15 13277 15687 1724 
9 35 31325 33347 2304 
9 21 3469 6883 1482 
10 8 32388 35600 3292 
10 34 45568 47690 3880 
10 39 2768 6158 2547 
10 47 9002 11439 3776 
10 29 42884 46000 3176 
10 14 13738 15139 2604 
10 34 15086 16612 3880 
10 3 20849 23200 3744 
10 49 22064 24483 1500 
11 38 920 4209 3140 
11 4 1234 4783 1780 
11 21 254 2844 2232 
11 12 9998 12423 1478 
11 21 14123 15741 1488 
11 19 9110 12056 1648 
11 31 23045 25529 3168 
11 26 4958 6806 1900 
11 29 9014 12115 3120 
11 44 40738 43252 3408 
11 21 10664 12482 2976 
11 17 49536 52606 3044 
11 20 39705 42757 2928 
11 25 4075 6596 2484 
11 34 36181 37471 1904 
11 32 27207 31522 3568 
11 32 43199 46536 3568 
11 22 423 4381 2850 
11 15 43597 46415 2412 
12 13 37987 41968 3244 
12 45 21657 25430 2802 
12 15 12 2330 3880 
12 31 28442 31148 2475 
12 36 6296 9182 2922 
12 42 11922 13536 1434 
12 3 43998 47233 2841 
12 16 38305 42773 2163 
13 44 36270 39264 2340 
13 15 20702 24745 3628 
13 26 31855 33174 1662 
13 21 21253 22570 2811 
13 23 9996 11702 1848 
13 36 19803 22273 2346 
13 25 40204 41997 2715 
13 45 45843 47509 3092 
13 24 46951 49221 3364 
13 47 25571 27483 3864 
13 35 25935 29202 2193 
13 27 49514 53728 3164 
13 30 28456 32206 2622 
13 33 44458 48211 1948 
13 24 4415 6904 2523 
13 8 1614 4471 2304 
13 6 18037 21726 2385 
13 38 5147 8013 1804 
14 16 2159 5777 1668 
14 26 44069 46364 3368 
14 37 46840 49749 1494 
14 39 41839 45050 1668 
14 47 30221 33117 1814 
14 1 7863 11638 2298 
14 0 7983 11468 1648 
14 22 9387 11864 1780 
14 31 29346 32549 2748 
14 18 6284 10023 1582 
14 48 47375 49657 1510 
15 47 27916 30292 1572 
15 14 10129 13431 2631 
15 33 12156 16044 3128 
15 11 12034 16461 1608 
15 43 41413 44742 1840 
15 5 31684 33724 3680 
15 34 37337 40171 1546 
15 6 6191 7528 1464 
15 47 41155 42486 3144 
15 4 26762 29097 3688 
15 47 27520 29964 1572 
16 30 45998 47655 3316 
16 2 44421 48549 3600 
16 9 42509 45577 3228 
16 41 32227 34581 2703 
16 12 8889 13311 2884 
16 42 11096 14265 2361 
16 17 38979 42908 3272 
16 9 46826 49216 2421 
16 8 29788 32461 1938 
16 34 27475 30672 1622 
16 49 28962 31308 3272 
17 11 38475 41206 3044 
17 35 46031 48643 1880 
17 0 40255 41544 1756 
17 24 36992 39616 1612 
17 14 11592 15253 2904 
17 14 25906 29115 3872 
17 26 44208 46614 1644 
17 18 13131 15677 3664 
17 24 23951 26957 3224 
17 30 3189 5733 2697 
17 45 41397 43134 1436 
17 48 20636 23658 1732 
17 35 22030 23946 2820 
17 45 27649 29256 2154 
17 27 3985 7860 2523 
17 31 1694 5147 2742 
17 11 462 4260 3044 
17 31 23590 26736 3656 
17 49 3633 5953 3012 
18 40 31310 34735 1944 
18 32 24817 28246 2664 
18 24 22829 24730 2844 
18 37 28105 30784 2235 
18 32 12388 15903 2664 
18 32 36013 38522 2664 
18 19 13889 15637 1624 
18 20 40812 44006 1474 
18 37 10505 14238 1490 
18 3 32026 35378 3908 
18 26 23415 25214 3756 
18 11 9944 13549 1870 
18 38 9949 12781 2956 
19 3 723 3218 3112 
19 40 6778 9511 2499 
19 20 6362 10583 3540 
19 45 20434 22272 1532 
19 22 20089 22103 3504 
19 21 45151 48781 1872 
19 12 8383 11088 3544 
19 14 43905 46042 1446 
19 7 10895 13691 1738 
19 20 42040 45034 1770 
19 43 10101 11453 3080 
19 49 24540 26568 3700 
19 32 23978 27372 2373 
19 4 50636 52832 1862 
19 32 2929 5151 3164 
19 26 27407 30525 3012 
20 34 24260 26588 1746 
20 42 41754 43729 2397 
20 31 24228 28473 1688 
20 48 6155 7579 1530 
20 14 19488 22401 2799 
20 23 19823 24377 1578 
20 31 21116 24302 3376 
20 46 36703 40001 2388 
20 7 25983 28398 2913 
20 28 42616 45939 3724 
20 47 32412 34961 3828 
20 4 35887 37729 1860 
20 6 42082 44401 3272 
20 42 45561 47961 3196 
20 27 46685 49335 2211 
21 43 6003 8443 2463 
21 19 19304 21187 1872 
21 19 19012 21987 2808 
21 32 38871 42358 2946 
21 16 21757 24714 3708 
21 1 40111 43086 2904 
21 36 42338 43765 1842 
21 19 49531 52452 3744 
21 33 37830 41554 2355 
21 41 30423 33731 3352 
21 36 15040 17538 3684 
21 29 10119 13187 2184 
21 12 50774 54239 1690 
21 35 32965 35557 3168 
21 41 49032 52806 3352 
21 6 29729 31924 1812 
21 47 29183 32387 3716 
22 42 31273 33883 1944 
22 5 5155 9173 3768 
22 23 5677 8943 1926 
22 2 36347 37945 3504 
22 24 7366 11609 1784 
22 9 39886 42452 1686 
22 47 32937 36242 3832 
22 29 18460 20377 1532 
22 3 24167 26458 3300 
22 25 31226 34481 3256 
22 19 39146 42030 1752 
22 31 25797 28809 2706 
22 49 48023 50500 1834 
22 25 28632 31737 2442 
22 34 8839 12314 3828 
22 42 46001 49443 3888 
22 33 12936 15471 1848 
22 16 43365 46903 3012 
22 34 42736 45565 2871 
23 15 22488 25496 2436 
23 2 19737 21808 2364 
23 39 24269 26710 3168 
23 47 41342 44403 2175 
23 4 2217 5520 3608 
23 37 50561 52077 3496 
23 42 12449 16000 1606 
23 21 37996 40644 3304 
23 4 7018 9486 1804 
23 18 39473 42108 2643 
23 16 8421 10400 2952 
23 5 43152 45815 1468 
23 0 29221 31524 1608 
23 8 20272 22423 3736 
23 47 31367 33250 2175 
23 45 32933 35772 1938 
23 37 28199 30349 2622 
23 27 27819 31334 2631 
23 8 38749 41401 3736 
24 42 45471 48030 1756 
24 26 46700 48944 1744 
24 9 49228 51947 1950 
24 43 47653 51450 2952 
24 12 22154 25136 3068 
24 49 5564 7690 2685 
24 33 1133 3723 2325 
24 49 49186 52672 1790 
24 41 50078 54379 3672 
24 18 5743 8709 3792 
25 40 31788 35019 2472 
25 47 39892 41767 3100 
25 1 14970 18038 1786 
25 2 22379 25434 3904 
25 2 30859 33737 2928 
25 22 45341 49078 1628 
25 41 45803 47407 1566 
25 39 27929 29675 3336 
25 46 20349 22999 1612 
26 40 37924 39907 3404 
26 20 45295 47521 3396 
26 43 2974 5869 2976 
26 18 8506 11761 1878 
26 10 46752 48943 1844 
26 0 13117 16919 1686 
26 49 10251 12803 1814 
26 44 46061 47906 3768 
26 37 29079 30955 1564 
27 17 28471 32028 3364 
27 37 39688 41566 3292 
27 4 21675 24381 1648 
27 25 30240 32432 1542 
27 5 22817 25168 2505 
27 12 5267 7471 1840 
27 45 45141 46846 2838 
27 45 12087 14344 1892 
27 38 22403 24699 3844 
27 33 1169 3781 3460 
27 26 42836 45004 3612 
27 44 49807 52268 3692 
27 2 49823 53920 2436 
28 21 3569 5935 1504 
28 21 28975 30997 3008 
28 44 10510 13958 1580 
28 6 6494 8499 2856 
28 30 13045 15471 1886 
28 4 31343 35531 1686 
28 0 41146 43690 2160 
28 13 217 2931 2604 
28 18 11663 14471 3824 
28 44 10681 13605 2370 
28 37 21408 24067 2856 
28 4 42239 45811 1686 
28 22 32822 35057 3596 
29 8 28812 31702 1600 
29 23 46038 48957 2646 
29 20 13095 16426 2817 
29 26 46464 48711 3380 
29 7 12396 15481 3032 
29 0 31202 33783 1660 
29 20 26120 29728 3756 
29 36 27866 30803 2949 
29 34 39197 41625 1720 
30 23 50645 52180 2145 
30 9 8355 10259 1430 
30 21 1213 5612 1686 
30 27 38009 41940 2325 
30 24 22512 25643 2724 
30 0 660 4491 1436 
30 28 49133 50906 1886 
30 19 28961 31544 1850 
30 24 18583 21546 3632 
30 8 4518 7092 3336 
30 28 45467 47498 3772 
30 0 48982 51668 2154 
30 44 43056 44849 2364 
30 14 23165 26622 2916 
30 0 43171 45159 2872 
30 25 49193 51269 1556 
31 43 13642 17955 1498 
31 23 25356 27388 2703 
31 32 45215 47820 2367 
31 41 7235 9431 2952 
31 41 48124 50886 2214 
31 8 8259 11678 2454 
31 12 1750 5992 3300 
31 10 49580 51933 1688 
31 33 42658 45268 1598 
31 0 44837 48248 3236 
31 15 40649 43193 1482 
31 25 46736 48699 2598 
31 23 50992 54712 1802 
31 39 49542 52767 2992 
31 9 8662 11313 1552 
31 6 35818 38111 2232 
31 40 1140 3448 1750 
31 20 14148 16617 3376 
31 28 20473 23573 2493 
31 32 8393 10902 1578 
31 39 43609 47570 2244 
31 48 46393 48937 2832 
32 11 1214 4268 1784 
32 40 9085 11742 3744 
32 40 32985 36009 1872 
32 39 18742 20549 2538 
32 34 50444 52090 2253 
32 10 9124 11598 1904 
32 33 27060 31329 2799 
32 40 5777 8554 1872 
32 13 4629 7249 2364 
32 12 43825 45440 2960 
32 20 46906 49554 3628 
33 20 8040 10560 2223 
33 39 1035 2804 2920 
33 34 37592 40927 2406 
33 5 19004 20893 2604 
33 1 1858 3418 2952 
33 30 19688 22215 3692 
33 13 49587 52544 3896 
33 34 49477 52285 2406 
33 36 22083 24384 2988 
33 32 40898 45017 1866 
33 41 12613 14602 3152 
33 11 31507 34718 2940 
34 7 18266 20319 1906 
34 9 30721 33004 2586 
34 30 1809 4112 2883 
34 32 31880 34355 2253 
34 3 39814 42104 2550 
34 44 39993 42307 3004 
34 1 12894 15618 1806 
34 31 12937 14880 3376 
34 37 20302 23133 3044 
35 15 27341 28968 3304 
35 47 6528 9886 2211 
35 2 13102 15753 3800 
35 47 18700 22573 2948 
35 14 45951 48758 2343 
35 46 24824 26824 3912 
35 25 6371 8932 1526 
35 47 18094 21345 1474 
35 21 8139 11359 1584 
35 0 26961 29531 2907 
35 44 37403 39065 1722 
35 3 47607 50675 3216 
35 33 24516 26575 1470 
35 5 27891 30908 1570 
35 39 27776 31463 2868 
35 14 7390 9480 3124 
35 30 32010 34328 2876 
35 7 5568 8316 1570 
35 44 8262 11004 3444 
35 12 12196 16829 2265 
35 17 45891 49253 3760 
36 7 28546 30821 1476 
36 30 8224 9988 2487 
36 33 29342 32641 2988 
36 10 32302 34971 1536 
36 40 12394 15043 1562 
36 13 50820 52668 2346 
36 32 45393 46893 2496 
36 29 4378 8200 1966 
36 8 25406 28713 3700 
37 9 45111 46998 3696 
37 6 37579 41428 1760 
37 36 6527 7985 3440 
37 28 11521 13549 2856 
37 6 25153 27565 1760 
37 28 3068 4776 2856 
37 30 8486 11904 3532 
37 18 23335 26137 1490 
37 45 48118 50185 3428 
37 5 48042 51206 2187 
37 32 2545 4560 2784 
37 9 26272 28459 2772 
37 34 49535 51291 2283 
37 7 40819 42892 2361 
37 25 23152 26798 2940 
37 6 38883 41390 1760 
37 13 22387 24660 3840 
37 18 42514 45715 2980 
37 49 30817 34667 3420 
37 27 40593 42687 1646 
37 6 20202 23044 3520 
38 41 41570 44239 3068 
38 44 10989 13246 3076 
38 3 7922 10979 1736 
38 26 44297 46389 1804 
38 28 42180 43750 1638 
38 16 24868 28456 1812 
38 35 37866 40253 1808 
38 44 4404 5863 1538 
38 0 9343 10808 1512 
38 40 49869 51916 1660 
38 13 22783 25014 3608 
38 10 16 2591 2484 
38 23 22436 25481 2946 
38 18 1217 5074 2956 
38 4 12695 15278 1530 
38 43 38719 40420 3256 
38 36 9178 12771 1686 
39 13 10860 12530 2944 
39 14 9302 13405 2502 
39 24 23118 25664 3300 
39 43 18789 21766 2559 
39 43 46142 47997 1706 
39 33 28296 29879 2190 
39 30 46906 48593 3336 
39 7 22245 25134 3436 
39 4 43202 47001 2205 
39 2 11216 15295 3044 
39 28 29393 30845 1672 
39 48 22236 26294 3408 
39 27 30253 32568 3224 
39 32 28488 30295 3384 
39 41 43478 46549 2912 
39 26 24600 26079 1856 
39 49 27348 30213 1554 
39 16 20862 23400 1634 
40 14 7476 9577 3100 
40 27 27338 30096 1506 
40 24 39870 42021 1814 
40 36 22830 24644 2343 
40 13 14935 17346 3232 
40 22 2953 4904 3748 
40 14 19871 23019 1550 
40 19 50220 54237 1666 
40 33 19210 22381 2589 
40 8 38590 41946 3512 
40 38 24233 25799 3320 
40 33 20061 22459 1726 
40 20 29311 31296 1888 
40 33 7021 10498 1726 
40 27 23180 25475 2259 
40 25 39635 41936 2472 
40 27 32781 36307 1506 
40 16 44480 46829 1838 
40 13 31943 33679 2424 
40 46 32223 33747 1500 
40 38 5780 8255 2490 
41 28 29199 32060 1852 
41 47 7494 10363 2925 
41 9 31773 34013 1954 
41 33 25493 27823 2364 
41 9 30632 33425 1954 
41 1 50248 52742 3020 
41 34 31331 32555 3276 
