60 4 24 891

   0  814  769  909  715  853  858  840  938  908  884  851  835  733  824  740  929  943  839  742  946  976  881  916  975  791  830  912  926  819  983  802  875  856  715  863  758  959  890  871  769  933  941  972  857  735  867  766  979  740  949  787  726  907  944  836  795  857  963  777 
 814    0  903  895  735  924  818  983  899  796  777  795  914  783  782  919  816  735  858  818  797  719  949  865  923  870  836  817  932  931  963  852  755  822  778  773  856  933  769  749  896  965  719  768  761  752  726  754  955  940  892  728  956  766  926  969  805  863  850  839 
 769  903    0  797  896  944  905  876  852  961  982  740  932  928  859  848  811  930  843  754  802  743  951  977  887  774  748  868  779  901  775  768  736  883  891  898  718  854  894  951  720  895  872  964  925  912  983  860  831  836  885  716  931  818  807  830  881  794  741  868 
 909  895  797    0  747  759  907  749  822  745  783  960  723  982  772  737  811  741  866  967  889  939  813  899  926  922  925  746  715  894  951  766  781  887  836  741  830  878  884  744  912  771  917  746  916  756  974  758  949  863  848  830  799  843  822  845  824  831  722  928 
 715  735  896  747    0  761  754  842  896  811  772  841  867  939  791  738  784  770  957  900  933  957  973  858  863  950  804  870  791  870  761  869  976  717  747  842  965  785  896  839  757  871  839  879  854  736  726  960  810  866  798  758  957  723  856  856  983  948  947  881 
 853  924  944  759  761    0  925  799  816  785  896  742  818  940  936  846  803  734  822  887  808  776  755  910  773  721  942  885  729  904  730  869  734  829  790  949  952  877  757  722  721  861  926  912  809  840  805  732  774  833  889  949  767  870  760  775  908  947  847  899 
 858  818  905  907  754  925    0  749  941  859  874  776  717  745  789  731  754  942  895  789  775  981  847  887  901  962  959  894  822  937  854  841  930  797  891  969  872  739  953  775  907  760  778  718  816  834  884  940  892  779  787  800  764  838  970  834  941  878  818  944 
 840  983  876  749  842  799  749    0  904  808  882  750  875  948  762  952  880  815  868  923  790  982  738  749  909  853  938  970  814  865  744  914  721  775  770  885  896  715  796  760  930  742  921  735  955  746  769  862  861  744  882  758  943  766  763  793  753  899  753  837 
 938  899  852  822  896  816  941  904    0  897  863  964  933  949  830  810  789  751  796  912  725  730  892  951  924  886  803  925  832  873  865  906  735  881  974  832  887  953  912  761  759  727  924  955  934  797  785  722  850  976  787  936  914  859  736  732  818  964  915  726 
 908  796  961  745  811  785  859  808  897    0  934  753  792  778  755  804  789  875  754  941  764  952  937  796  872  786  834  952  773  818  886  762  734  808  972  771  738  753  931  751  982  861  882  844  906  919  802  809  728  843  886  831  875  723  902  739  784  865  730  880 
 884  777  982  783  772  896  874  882  863  934    0  787  871  899  795  836  807  772  970  906  864  784  928  789  967  717  976  863  769  746  892  723  754  806  877  722  842  872  891  963  960  877  776  733  964  825  750  742  745  734  756  773  887  808  950  869  797  977  853  869 
 851  795  740  960  841  742  776  750  964  753  787    0  939  860  779  747  968  856  820  718  896  883  784  943  863  801  977  968  891  903  940  915  770  798  796  827  962  910  959  733  766  964  739  793  740  809  731  827  889  795  861  870  768  785  868  900  970  824  715  852 
 835  914  932  723  867  818  717  875  933  792  871  939    0  976  817  937  777  834  915  875  862  952  783  794  853  868  745  770  933  974  936  756  976  845  983  904  928  721  850  890  848  725  861  914  784  950  875  848  783  740  776  968  973  965  791  979  935  967  936  837 
 733  783  928  982  939  940  745  948  949  778  899  860  976    0  881  821  926  843  945  919  977  827  843  778  945  978  788  765  832  921  976  892  780  829  888  896  884  806  946  788  794  812  907  762  867  975  980  954  767  947  741  772  937  921  895  857  824  941  728  891 
 824  782  859  772  791  936  789  762  830  755  795  779  817  881    0  719  915  743  823  907  836  882  758  900  748  868  888  905  882  955  895  899  969  914  796  852  851  796  896  928  907  858  849  909  856  980  855  881  780  927  810  757  868  931  875  909  740  838  971  952 
 740  919  848  737  738  846  731  952  810  804  836  747  937  821  719    0  752  881  834  920  798  968  938  969  725  842  873  855  804  838  913  802  747  838  917  728  910  887  796  894  878  970  840  905  819  718  938  796  857  813  924  823  903  921  894  840  738  816  847  853 
 929  816  811  811  784  803  754  880  789  789  807  968  777  926  915  752    0  767  820  761  944  804  826  919  858  764  871  769  886  981  888  857  943  725  968  854  872  925  916  823  779  889  781  857  959  787  928  810  897  880  952  792  906  948  818  873  748  802  868  912 
 943  735  930  741  770  734  942  815  751  875  772  856  834  843  743  881  767    0  826  973  781  978  767  980  905  761  791  850  824  797  751  874  907  900  796  935  941  875  867  757  776  859  927  777  894  761  744  798  900  816  890  918  732  788  718  901  982  743  836  911 
 839  858  843  866  957  822  895  868  796  754  970  820  915  945  823  834  820  826    0  913  863  879  848  864  769  764  876  940  906  758  913  970  910  915  865  922  954  981  789  948  752  869  827  881  968  926  956  877  882  854  899  960  890  924  823  734  944  771  888  799 
 742  818  754  967  900  887  789  923  912  941  906  718  875  919  907  920  761  973  913    0  837  739  811  849  822  808  976  805  817  964  934  859  820  737  877  715  755  945  727  718  966  829  870  846  914  774  736  881  923  978  880  746  722  869  912  767  952  849  821  892 
 946  797  802  889  933  808  775  790  725  764  864  896  862  977  836  798  944  781  863  837    0  912  848  776  828  896  842  756  736  751  872  966  865  779  775  730  778  894  798  764  944  959  773  976  966  735  749  792  768  727  729  867  859  792  743  809  841  948  858  759 
 976  719  743  939  957  776  981  982  730  952  784  883  952  827  882  968  804  978  879  739  912    0  912  921  866  883  900  904  862  969  781  740  951  959  740  959  822  762  874  801  776  859  932  745  757  943  930  891  821  960  819  824  762  736  811  931  825  736  906  878 
 881  949  951  813  973  755  847  738  892  937  928  784  783  843  758  938  826  767  848  811  848  912    0  955  801  837  967  931  957  759  977  852  747  968  966  718  854  926  842  961  921  945  952  943  861  962  951  784  929  933  887  924  876  829  887  972  882  913  719  913 
 916  865  977  899  858  910  887  749  951  796  789  943  794  778  900  969  919  980  864  849  776  921  955    0  873  913  740  789  949  924  755  789  812  753  730  761  796  948  792  810  926  792  948  819  766  840  962  812  872  744  874  964  908  864  970  830  827  825  880  965 
 975  923  887  926  863  773  901  909  924  872  967  863  853  945  748  725  858  905  769  822  828  866  801  873    0  798  844  773  826  909  882  973  790  874  824  732  888  731  823  895  895  970  905  814  900  849  908  730  749  943  920  835  877  832  719  928  738  915  887  907 
 791  870  774  922  950  721  962  853  886  786  717  801  868  978  868  842  764  761  764  808  896  883  837  913  798    0  725  755  769  836  856  777  981  879  848  972  840  967  976  818  901  809  954  761  952  757  936  801  930  891  735  904  850  848  944  895  928  773  726  791 
 830  836  748  925  804  942  959  938  803  834  976  977  745  788  888  873  871  791  876  976  842  900  967  740  844  725    0  978  802  754  927  974  938  904  905  811  849  890  760  977  842  967  798  858  765  819  927  898  929  935  731  898  800  891  767  949  818  742  745  957 
 912  817  868  746  870  885  894  970  925  952  863  968  770  765  905  855  769  850  940  805  756  904  931  789  773  755  978    0  864  897  939  937  835  744  953  833  756  937  724  948  782  841  910  737  977  758  863  763  859  959  883  941  936  747  829  820  748  916  951  774 
 926  932  779  715  791  729  822  814  832  773  769  891  933  832  882  804  886  824  906  817  736  862  957  949  826  769  802  864    0  941  778  816  838  735  752  973  966  880  812  957  736  815  855  965  933  857  874  851  793  933  936  876  870  850  961  738  784  981  808  765 
 819  931  901  894  870  904  937  865  873  818  746  903  974  921  955  838  981  797  758  964  751  969  759  924  909  836  754  897  941    0  948  844  830  873  803  973  801  746  864  870  935  945  958  947  861  925  893  769  784  964  921  763  884  855  808  834  792  736  753  876 
 983  963  775  951  761  730  854  744  865  886  892  940  936  976  895  913  888  751  913  934  872  781  977  755  882  856  927  939  778  948    0  898  736  832  852  982  740  843  828  757  935  747  958  799  950  771  919  789  927  903  851  898  805  750  739  852  889  788  791  780 
 802  852  768  766  869  869  841  914  906  762  723  915  756  892  899  802  857  874  970  859  966  740  852  789  973  777  974  937  816  844  898    0  815  796  889  814  873  718  798  828  900  857  875  929  895  801  814  841  942  934  977  724  926  942  801  852  781  962  834  825 
 875  755  736  781  976  734  930  721  735  734  754  770  976  780  969  747  943  907  910  820  865  951  747  812  790  981  938  835  838  830  736  815    0  902  875  816  889  894  866  839  733  815  980  879  802  977  800  752  831  867  903  761  843  860  817  950  766  756  802  780 
 856  822  883  887  717  829  797  775  881  808  806  798  845  829  914  838  725  900  915  737  779  959  968  753  874  879  904  744  735  873  832  796  902    0  854  758  886  869  750  909  828  949  917  911  977  934  893  783  976  971  836  979  715  955  792  741  741  926  720  959 
 715  778  891  836  747  790  891  770  974  972  877  796  983  888  796  917  968  796  865  877  775  740  966  730  824  848  905  953  752  803  852  889  875  854    0  854  887  751  906  823  844  877  720  858  738  851  897  804  790  748  850  905  814  731  803  803  973  945  917  868 
 863  773  898  741  842  949  969  885  832  771  722  827  904  896  852  728  854  935  922  715  730  959  718  761  732  972  811  833  973  973  982  814  816  758  854    0  724  931  820  892  746  912  734  876  926  743  887  840  757  777  751  906  842  772  778  873  719  787  914  975 
 758  856  718  830  965  952  872  896  887  738  842  962  928  884  851  910  872  941  954  755  778  822  854  796  888  840  849  756  966  801  740  873  889  886  887  724    0  827  719  773  890  730  759  795  925  965  837  943  819  760  982  825  772  937  867  716  866  813  915  729 
 959  933  854  878  785  877  739  715  953  753  872  910  721  806  796  887  925  875  981  945  894  762  926  948  731  967  890  937  880  746  843  718  894  869  751  931  827    0  923  827  857  973  967  912  715  933  958  803  902  882  937  939  799  837  759  718  917  871  974  811 
 890  769  894  884  896  757  953  796  912  931  891  959  850  946  896  796  916  867  789  727  798  874  842  792  823  976  760  724  812  864  828  798  866  750  906  820  719  923    0  899  792  904  860  718  973  830  867  947  851  978  963  817  852  881  864  957  787  952  742  964 
 871  749  951  744  839  722  775  760  761  751  963  733  890  788  928  894  823  757  948  718  764  801  961  810  895  818  977  948  957  870  757  828  839  909  823  892  773  827  899    0  875  730  978  812  844  885  880  780  725  812  872  884  733  934  925  757  767  840  965  832 
 769  896  720  912  757  721  907  930  759  982  960  766  848  794  907  878  779  776  752  966  944  776  921  926  895  901  842  782  736  935  935  900  733  828  844  746  890  857  792  875    0  944  909  768  913  951  858  772  723  741  820  933  748  887  818  827  850  885  899  950 
 933  965  895  771  871  861  760  742  727  861  877  964  725  812  858  970  889  859  869  829  959  859  945  792  970  809  967  841  815  945  747  857  815  949  877  912  730  973  904  730  944    0  847  751  827  926  823  911  730  941  816  743  764  733  982  781  927  752  976  974 
 941  719  872  917  839  926  778  921  924  882  776  739  861  907  849  840  781  927  827  870  773  932  952  948  905  954  798  910  855  958  958  875  980  917  720  734  759  967  860  978  909  847    0  786  928  724  738  923  929  812  878  860  811  848  860  873  720  797  747  738 
 972  768  964  746  879  912  718  735  955  844  733  793  914  762  909  905  857  777  881  846  976  745  943  819  814  761  858  737  965  947  799  929  879  911  858  876  795  912  718  812  768  751  786    0  817  735  732  805  840  935  811  974  945  835  942  862  792  795  966  851 
 857  761  925  916  854  809  816  955  934  906  964  740  784  867  856  819  959  894  968  914  966  757  861  766  900  952  765  977  933  861  950  895  802  977  738  926  925  715  973  844  913  827  928  817    0  743  897  771  800  719  868  780  912  931  975  901  883  855  852  805 
 735  752  912  756  736  840  834  746  797  919  825  809  950  975  980  718  787  761  926  774  735  943  962  840  849  757  819  758  857  925  771  801  977  934  851  743  965  933  830  885  951  926  724  735  743    0  762  719  895  893  750  793  965  975  944  929  942  878  970  781 
 867  726  983  974  726  805  884  769  785  802  750  731  875  980  855  938  928  744  956  736  749  930  951  962  908  936  927  863  874  893  919  814  800  893  897  887  837  958  867  880  858  823  738  732  897  762    0  928  794  933  869  825  948  951  803  837  766  793  964  915 
 766  754  860  758  960  732  940  862  722  809  742  827  848  954  881  796  810  798  877  881  792  891  784  812  730  801  898  763  851  769  789  841  752  783  804  840  943  803  947  780  772  911  923  805  771  719  928    0  971  774  849  874  888  979  882  970  797  851  919  866 
 979  955  831  949  810  774  892  861  850  728  745  889  783  767  780  857  897  900  882  923  768  821  929  872  749  930  929  859  793  784  927  942  831  976  790  757  819  902  851  725  723  730  929  840  800  895  794  971    0  941  769  743  958  744  804  736  962  838  874  905 
 740  940  836  863  866  833  779  744  976  843  734  795  740  947  927  813  880  816  854  978  727  960  933  744  943  891  935  959  933  964  903  934  867  971  748  777  760  882  978  812  741  941  812  935  719  893  933  774  941    0  951  889  741  775  815  933  923  933  855  982 
 949  892  885  848  798  889  787  882  787  886  756  861  776  741  810  924  952  890  899  880  729  819  887  874  920  735  731  883  936  921  851  977  903  836  850  751  982  937  963  872  820  816  878  811  868  750  869  849  769  951    0  767  751  886  815  893  916  764  935  794 
 787  728  716  830  758  949  800  758  936  831  773  870  968  772  757  823  792  918  960  746  867  824  924  964  835  904  898  941  876  763  898  724  761  979  905  906  825  939  817  884  933  743  860  974  780  793  825  874  743  889  767    0  823  872  978  773  979  863  914  981 
 726  956  931  799  957  767  764  943  914  875  887  768  973  937  868  903  906  732  890  722  859  762  876  908  877  850  800  936  870  884  805  926  843  715  814  842  772  799  852  733  748  764  811  945  912  965  948  888  958  741  751  823    0  791  715  911  817  936  775  867 
 907  766  818  843  723  870  838  766  859  723  808  785  965  921  931  921  948  788  924  869  792  736  829  864  832  848  891  747  850  855  750  942  860  955  731  772  937  837  881  934  887  733  848  835  931  975  951  979  744  775  886  872  791    0  834  784  809  765  725  803 
 944  926  807  822  856  760  970  763  736  902  950  868  791  895  875  894  818  718  823  912  743  811  887  970  719  944  767  829  961  808  739  801  817  792  803  778  867  759  864  925  818  982  860  942  975  944  803  882  804  815  815  978  715  834    0  815  793  918  900  869 
 836  969  830  845  856  775  834  793  732  739  869  900  979  857  909  840  873  901  734  767  809  931  972  830  928  895  949  820  738  834  852  852  950  741  803  873  716  718  957  757  827  781  873  862  901  929  837  970  736  933  893  773  911  784  815    0  884  847  892  821 
 795  805  881  824  983  908  941  753  818  784  797  970  935  824  740  738  748  982  944  952  841  825  882  827  738  928  818  748  784  792  889  781  766  741  973  719  866  917  787  767  850  927  720  792  883  942  766  797  962  923  916  979  817  809  793  884    0  875  907  933 
 857  863  794  831  948  947  878  899  964  865  977  824  967  941  838  816  802  743  771  849  948  736  913  825  915  773  742  916  981  736  788  962  756  926  945  787  813  871  952  840  885  752  797  795  855  878  793  851  838  933  764  863  936  765  918  847  875    0  744  738 
 963  850  741  722  947  847  818  753  915  730  853  715  936  728  971  847  868  836  888  821  858  906  719  880  887  726  745  951  808  753  791  834  802  720  917  914  915  974  742  965  899  976  747  966  852  970  964  919  874  855  935  914  775  725  900  892  907  744    0  774 
 777  839  868  928  881  899  944  837  726  880  869  852  837  891  952  853  912  911  799  892  759  878  913  965  907  791  957  774  765  876  780  825  780  959  868  975  729  811  964  832  950  974  738  851  805  781  915  866  905  982  794  981  867  803  869  821  933  738  774    0 

   0  762  778  994 1137  950  913  720 1093  961  976  667  609 1031 1024 1065  653 1054  658  960  928 1040  690 1098  811  662  977  681 1143 1097  958 1097 1184  975  993  978  611  794  857  853  683 1050  607 1187  816 1196  756  966 1064 1167 1019  825  860  891  644 1109 1076 1049 1197  742 
 762    0  607 1091  880  823  933  822 1006 1148 1042 1118 1118  823 1085 1160 1149  761 1163  880 1152  930  764  730  632  684 1197  653  838  762 1031 1129  636  927  655  987  960  788  982  610  644  969 1066  906 1177  766  888  830 1146  869  882  723  926 1011  867  958 1005  802 1154  940 
 778  607    0 1066  744 1087  622 1196  980  918 1071  985  603 1131  663 1036  931 1107  859 1141  715  862  795  762 1035 1178  708  882  636 1089  997 1140  692 1110  710 1146  804 1171  728 1067  780  646  652 1000 1004  668  775  829 1060  868  677 1112 1025  666  683  653  893  863  648  963 
 994 1091 1066    0 1016  606  662 1078  863 1034  952 1181  672  673  966  943  917  826  730  814  645 1089 1072 1175  602  927 1122  618  799  620  741 1032 1103  720  612 1107  884  802 1015  731 1073  883  766  698  943 1188 1135  842  916  600  703  784 1108  661 1147  743  687  881  781  990 
1137  880  744 1016    0  637  879  973 1064  627  601  843  936  808 1035  758 1080 1190  807  629  737  991 1056  818 1193  697  821 1058  741  664  720  900  709 1121  859  843  862 1089 1027 1140  670  969  897 1184  727  993 1038 1041  829  616  603  615 1137  742 1166 1155  807  629 1098  680 
 950  823 1087  606  637    0  777 1195  600  930  627 1190  924  871  987 1170  770 1020 1127 1052  697 1052  727  710  635  654  697  951  627  688  870 1042  611  903  739  905  633 1060  721  874  928  935  834  628  786  943  937  787  762 1063  605 1109 1172  690  921  723  655  835  899  641 
 913  933  622  662  879  777    0 1115  726  972  834  746  976 1024  910  705  882 1000  626  619 1002 1194 1086  974  735  858  716  601 1162  977  620  678 1146  690  862 1076  776  947  930  802  806 1040  608  846  847  649 1082 1011 1124  840 1015 1026  631  837  713 1063  698  636  796  806 
 720  822 1196 1078  973 1195 1115    0  967  722  665  851  924  617  621  789  628  821 1110  991 1179  932  781  929  918 1136  765  892  848 1004 1040  956 1169  881  829  849 1200 1066  844 1129 1033 1163  655 1144 1157 1023  674  839 1160  629 1181  883  811  868  859  736 1061  606  927 1112 
1093 1006  980  863 1064  600  726  967    0  857 1027  648  742 1059 1052  717  974 1004  828  945  755 1125 1090 1027  914 1066  708 1047  900  809  974  967 1074  956  729  903 1041 1168  603 1157 1167 1190 1096  884  831  821  974 1027  812 1164  740 1161 1102  685  619  809  708  984 1190 1173 
 961 1148  918 1034  627  930  972  722  857    0  994  744  786 1001  892  980 1018  665 1190  885 1075  868  798  935 1082 1028  850 1074 1025  713  873 1135  706  907  961 1080  966  997  980  794  695 1033  634 1006  666 1063  826 1023  776  763 1194 1132  872  806 1169 1134  853  881 1111  651 
 976 1042 1071  952  601  627  834  665 1027  994    0 1140  957  682 1171  967  804  675  639  783  865  886  944  762  880  909 1052 1080  729  982 1142  820 1195  867  729  852  917  687  677  618 1140 1106 1174 1091  644  644  813 1137  826 1019 1104  707  764 1086 1118 1156  653  939  695 1162 
 667 1118  985 1181  843 1190  746  851  648  744 1140    0  628  802  677  786  994  715  684  803  677  695  692 1185  680  701  649  862  914  750 1005  878  611  712  946 1189 1101  604  624  721  850  765  707 1064 1179  860  660  940  717  704 1134 1005 1189  667  758  638  727 1082  786  824 
 609 1118  603  672  936  924  976  924  742  786  957  628    0 1185  642 1089 1028  977  995 1054  798  959 1166  775 1019  741 1148  705  856 1140 1063  859  914 1158  605  772  640  688  611  604 1039 1002 1068  622  983  750  807  896  646  605 1055  612  898  700 1063  968  948 1066 1134  948 
1031  823 1131  673  808  871 1024  617 1059 1001  682  802 1185    0  712  889  678 1192  682  688  850  709  613 1096 1070  785  784 1176 1109  724  845  789 1065 1083  619  875 1085  914  681  855  971  801 1177 1056 1035 1138 1014  915  966  889 1129  661 1104  641 1045  604  715  856 1039  612 
1024 1085  663  966 1035  987  910  621 1052  892 1171  677  642  712    0 1119 1132 1012 1100 1143  654  917 1024 1079  918  931  830 1190  647 1198 1095  680  710  756  642  746 1185  737  606 1039  882  746  778 1157  860 1140  714  785 1015  728 1018 1040  670  933 1135 1069 1116  840 1084 1035 
1065 1160 1036  943  758 1170  705  789  717  980  967  786 1089  889 1119    0  820  817  944 1134  683  944  831 1171 1109  987  893 1097  926 1061  631  646 1015 1048 1117  803 1099 1191  900  977  824  661 1004  601 1156  954  697  670  606 1066  632  889  605 1195  808  927 1069 1011  697 1132 
 653 1149  931  917 1080  770  882  628  974 1018  804  994 1028  678 1132  820    0 1176 1112 1110  658  876  749  754 1042  956  778  927  791  747  720  672 1115  730 1032  633  794  982 1145 1053  904  956  710  692  721  813 1086  660  826  900 1064 1160 1113 1063 1088  680 1145  799  714  787 
1054  761 1107  826 1190 1020 1000  821 1004  665  675  715  977 1192 1012  817 1176    0 1171 1163  812  755 1109 1090  757  843 1149  719  906 1019  713 1086  644  682  617 1149  967 1088  837  930  949  745  663  908  871  699 1163  889  887 1191  933 1191  978  963 1002 1128 1141  733  784  909 
 658 1163  859  730  807 1127  626 1110  828 1190  639  684  995  682 1100  944 1112 1171    0  775 1042 1167  673 1108  801  903  682  666 1039 1002 1197  669  882 1183 1143  708  910  607  640  739 1184  945  725  655  642  646  956  947  762 1109  728  916  751 1065  958 1191  605 1197  625  824 
 960  880 1141  814  629 1052  619  991  945  885  783  803 1054  688 1143 1134 1110 1163  775    0 1092  931 1129 1169 1182  876 1188 1176  761  879  713  757  836 1091  805 1083  948  927 1068  895  633 1067 1039  887  957 1096  821  714  963 1048 1187  614 1149  640  775  855 1077  624  951  816 
 928 1152  715  645  737  697 1002 1179  755 1075  865  677  798  850  654  683  658  812 1042 1092    0 1197  784  897 1035  639  875  812  809  874  674  776 1002  734  707 1107  847  909  868  990  878 1076 1144  975  672 1119 1121  853  721 1049  899 1167  833  682  990 1055  880 1167  677  670 
1040  930  862 1089  991 1052 1194  932 1125  868  886  695  959  709  917  944  876  755 1167  931 1197    0 1119  903  640  692  808  702  951  708  695  745  624  718  638  854  928  890  770  864 1053 1184  662 1063  618  942  678  720 1055 1091  982  778  781  764  872 1189  724 1101  612  855 
 690  764  795 1072 1056  727 1086  781 1090  798  944  692 1166  613 1024  831  749 1109  673 1129  784 1119    0 1115  684  611  875 1036 1163 1193  631  639 1143  704 1112  695  772  805  644 1036  788  688  936  624  927  672  608  804  792  751  972  653 1188  894  789  786  927  777  767  726 
1098  730  762 1175  818  710  974  929 1027  935  762 1185  775 1096 1079 1171  754 1090 1108 1169  897  903 1115    0 1065  632 1193  788  604  845 1080  680  755 1068  603  648  814  913  960  926  871  665 1036  924  653  863  621  795 1067  772 1065  975 1163 1136  789 1122 1042 1065  685  878 
 811  632 1035  602 1193  635  735  918  914 1082  880  680 1019 1070  918 1109 1042  757  801 1182 1035  640  684 1065    0 1089  697 1168  847 1140  686  997  888 1017  826  663 1157  958 1200  749  625  734 1001 1113  718  896  751  923  821 1059  976  655  708  865  890  740 1000  669  967 1098 
 662  684 1178  927  697  654  858 1136 1066 1028  909  701  741  785  931  987  956  843  903  876  639  692  611  632 1089    0 1096 1064  800 1106  979  707  786 1122  949  983  610  662  838 1022  668  999  679 1194 1173  885  886  770 1128  661  807  636 1066  978 1125  645  870  914  842  880 
 977 1197  708 1122  821  697  716  765  708  850 1052  649 1148  784  830  893  778 1149  682 1188  875  808  875 1193  697 1096    0  645  605 1047 1171 1176  650 1142  757  677  619  626 1104 1195 1185  742 1005  735 1008 1092  625  642 1083  972  818  903 1157  895  692  847  611  766 1042 1124 
 681  653  882  618 1058  951  601  892 1047 1074 1080  862  705 1176 1190 1097  927  719  666 1176  812  702 1036  788 1168 1064  645    0 1134  808  605  891 1170  631  764  643  866  785  769  618 1042  690  934  719  855  977 1181  943  946  848  713  754 1118 1088  999  999  763  724  819  864 
1143  838  636  799  741  627 1162  848  900 1025  729  914  856 1109  647  926  791  906 1039  761  809  951 1163  604  847  800  605 1134    0 1125 1115 1012  937  953 1066  641  797  604  846 1179  867 1147  766  742  732 1045  617  765 1106 1083 1110 1157 1154 1178  873  728  901 1009  663  723 
1097  762 1089  620  664  688  977 1004  809  713  982  750 1140  724 1198 1061  747 1019 1002  879  874  708 1193  845 1140 1106 1047  808 1125    0 1080  633  975  676  805  939 1153  960 1005  611 1186  722  888 1116  646  808 1163  785  934  623  777 1052  954  653  989 1134  606  755  703  655 
 958 1031  997  741  720  870  620 1040  974  873 1142 1005 1063  845 1095  631  720  713 1197  713  674  695  631 1080  686  979 1171  605 1115 1080    0  932 1054 1024 1026 1109  773  638  844  945 1135  663  935 1198  678 1144  857 1012  694  755  936  665  686  856 1016  608 1040 1105  634  864 
1097 1129 1140 1032  900 1042  678  956  967 1135  820  878  859  789  680  646  672 1086  669  757  776  745  639  680  997  707 1176  891 1012  633  932    0  672 1153 1098  742  896  731  828  990 1191 1150  651  819  622 1177  820  813  695  920 1117 1120 1181  836  640 1199  800  984  805  965 
1184  636  692 1103  709  611 1146 1169 1074  706 1195  611  914 1065  710 1015 1115  644  882  836 1002  624 1143  755  888  786  650 1170  937  975 1054  672    0  622 1013  635  615  815  934  688 1198  637  677  764  917  818  966  951  666  751  765 1109  808  653  961 1161  631 1004 1032  686 
 975  927 1110  720 1121  903  690  881  956  907  867  712 1158 1083  756 1048  730  682 1183 1091  734  718  704 1068 1017 1122 1142  631  953  676 1024 1153  622    0 1140  668 1197  828  889 1013  980 1003  929 1178 1131  754 1089  679  921  779  805  830 1163 1057  782  782 1115  717  976  603 
 993  655  710  612  859  739  862  829  729  961  729  946  605  619  642 1117 1032  617 1143  805  707  638 1112  603  826  949  757  764 1066  805 1026 1098 1013 1140    0 1175  808  756 1059  891  803  856  825 1161 1131 1166  917  827 1164  666  697 1023 1090  784 1182 1049  926  844  778  675 
 978  987 1146 1107  843  905 1076  849  903 1080  852 1189  772  875  746  803  633 1149  708 1083 1107  854  695  648  663  983  677  643  641  939 1109  742  635  668 1175    0  888 1186  904 1095  757 1074  824 1156 1030 1021 1058  977  796  933  805  618 1166  839  861 1130  915 1024  654 1118 
 611  960  804  884  862  633  776 1200 1041  966  917 1101  640 1085 1185 1099  794  967  910  948  847  928  772  814 1157  610  619  866  797 1153  773  896  615 1197  808  888    0 1183  742 1147  825 1108 1131  751 1178  604 1151 1091  615  650  762 1144  809  687 1016  808 1147  639  662  600 
 794  788 1171  802 1089 1060  947 1066 1168  997  687  604  688  914  737 1191  982 1088  607  927  909  890  805  913  958  662  626  785  604  960  638  731  815  828  756 1186 1183    0 1059  967  821  815  847  816 1042  674 1033 1071  912  824  775 1051 1093 1016 1027  971  875 1020  655 1153 
 857  982  728 1015 1027  721  930  844  603  980  677  624  611  681  606  900 1145  837  640 1068  868  770  644  960 1200  838 1104  769  846 1005  844  828  934  889 1059  904  742 1059    0 1151 1042  952  710  733  997 1101  984 1125  748  737 1089  651 1104  863  934  608  640  670  774  703 
 853  610 1067  731 1140  874  802 1129 1157  794  618  721  604  855 1039  977 1053  930  739  895  990  864 1036  926  749 1022 1195  618 1179  611  945  990  688 1013  891 1095 1147  967 1151    0 1105  661 1163 1006 1122 1032  903  987 1067  833  757  879 1060  885  806 1144  922  980  845 1191 
 683  644  780 1073  670  928  806 1033 1167  695 1140  850 1039  971  882  824  904  949 1184  633  878 1053  788  871  625  668 1185 1042  867 1186 1135 1191 1198  980  803  757  825  821 1042 1105    0 1043  877  610 1131  612  759  846 1032 1180 1184 1174  845 1151 1055 1126  766  850  774 1097 
1050  969  646  883  969  935 1040 1163 1190 1033 1106  765 1002  801  746  661  956  745  945 1067 1076 1184  688  665  734  999  742  690 1147  722  663 1150  637 1003  856 1074 1108  815  952  661 1043    0  978  710  952  751  635 1053  874  660 1191 1096 1134 1122  892  907  930  644  726  927 
 607 1066  652  766  897  834  608  655 1096  634 1174  707 1068 1177  778 1004  710  663  725 1039 1144  662  936 1036 1001  679 1005  934  766  888  935  651  677  929  825  824 1131  847  710 1163  877  978    0  844 1178  840  747  699  733  613 1055  829  706  827 1040  774  714  714  987  652 
1187  906 1000  698 1184  628  846 1144  884 1006 1091 1064  622 1056 1157  601  692  908  655  887  975 1063  624  924 1113 1194  735  719  742 1116 1198  819  764 1178 1161 1156  751  816  733 1006  610  710  844    0 1046  700 1050  845  798 1112 1192 1099 1074 1081  850  969 1115  734 1048  693 
 816 1177 1004  943  727  786  847 1157  831  666  644 1179  983 1035  860 1156  721  871  642  957  672  618  927  653  718 1173 1008  855  732  646  678  622  917 1131 1131 1030 1178 1042  997 1122 1131  952 1178 1046    0 1151  920  686  652  895  602  641 1153  692  953  958  606 1010  781  890 
1196  766  668 1188  993  943  649 1023  821 1063  644  860  750 1138 1140  954  813  699  646 1096 1119  942  672  863  896  885 1092  977 1045  808 1144 1177  818  754 1166 1021  604  674 1101 1032  612  751  840  700 1151    0  646 1114 1056  994 1059 1152  631  897  960  956 1056  958  726  979 
 756  888  775 1135 1038  937 1082  674  974  826  813  660  807 1014  714  697 1086 1163  956  821 1121  678  608  621  751  886  625 1181  617 1163  857  820  966 1089  917 1058 1151 1033  984  903  759  635  747 1050  920  646    0  684 1162  667  721  893  741  705  939 1156 1003  634  833 1149 
 966  830  829  842 1041  787 1011  839 1027 1023 1137  940  896  915  785  670  660  889  947  714  853  720  804  795  923  770  642  943  765  785 1012  813  951  679  827  977 1091 1071 1125  987  846 1053  699  845  686 1114  684    0  645 1127  761 1197  971  626  795  647 1029 1177  690 1053 
1064 1146 1060  916  829  762 1124 1160  812  776  826  717  646  966 1015  606  826  887  762  963  721 1055  792 1067  821 1128 1083  946 1106  934  694  695  666  921 1164  796  615  912  748 1067 1032  874  733  798  652 1056 1162  645    0 1199  878  847  934  941  615  689  827  643  650  870 
1167  869  868  600  616 1063  840  629 1164  763 1019  704  605  889  728 1066  900 1191 1109 1048 1049 1091  751  772 1059  661  972  848 1083  623  755  920  751  779  666  933  650  824  737  833 1180  660  613 1112  895  994  667 1127 1199    0  885  827 1145 1064  647  878  752  961 1071  657 
1019  882  677  703  603  605 1015 1181  740 1194 1104 1134 1055 1129 1018  632 1064  933  728 1187  899  982  972 1065  976  807  818  713 1110  777  936 1117  765  805  697  805  762  775 1089  757 1184 1191 1055 1192  602 1059  721  761  878  885    0  763 1182  899  885  985  695 1124 1187  857 
 825  723 1112  784  615 1109 1026  883 1161 1132  707 1005  612  661 1040  889 1160 1191  916  614 1167  778  653  975  655  636  903  754 1157 1052  665 1120 1109  830 1023  618 1144 1051  651  879 1174 1096  829 1099  641 1152  893 1197  847  827  763    0 1103  766  698  621  646  767  998  704 
 860  926 1025 1108 1137 1172  631  811 1102  872  764 1189  898 1104  670  605 1113  978  751 1149  833  781 1188 1163  708 1066 1157 1118 1154  954  686 1181  808 1163 1090 1166  809 1093 1104 1060  845 1134  706 1074 1153  631  741  971  934 1145 1182 1103    0  965 1187  682  998  884  983 1090 
 891 1011  666  661  742  690  837  868  685  806 1086  667  700  641  933 1195 1063  963 1065  640  682  764  894 1136  865  978  895 1088 1178  653  856  836  653 1057  784  839  687 1016  863  885 1151 1122  827 1081  692  897  705  626  941 1064  899  766  965    0 1028 1108 1087 1136  764  731 
 644  867  683 1147 1166  921  713  859  619 1169 1118  758 1063 1045 1135  808 1088 1002  958  775  990  872  789  789  890 1125  692  999  873  989 1016  640  961  782 1182  861 1016 1027  934  806 1055  892 1040  850  953  960  939  795  615  647  885  698 1187 1028    0 1193  836  939 1008  715 
1109  958  653  743 1155  723 1063  736  809 1134 1156  638  968  604 1069  927  680 1128 1191  855 1055 1189  786 1122  740  645  847  999  728 1134  608 1199 1161  782 1049 1130  808  971  608 1144 1126  907  774  969  958  956 1156  647  689  878  985  621  682 1108 1193    0  669  839  899  696 
1076 1005  893  687  807  655  698 1061  708  853  653  727  948  715 1116 1069 1145 1141  605 1077  880  724  927 1042 1000  870  611  763  901  606 1040  800  631 1115  926  915 1147  875  640  922  766  930  714 1115  606 1056 1003 1029  827  752  695  646  998 1087  836  669    0 1097  983  717 
1049  802  863  881  629  835  636  606  984  881  939 1082 1066  856  840 1011  799  733 1197  624 1167 1101  777 1065  669  914  766  724 1009  755 1105  984 1004  717  844 1024  639 1020  670  980  850  644  714  734 1010  958  634 1177  643  961 1124  767  884 1136  939  839 1097    0  940  732 
1197 1154  648  781 1098  899  796  927 1190 1111  695  786 1134 1039 1084  697  714  784  625  951  677  612  767  685  967  842 1042  819  663  703  634  805 1032  976  778  654  662  655  774  845  774  726  987 1048  781  726  833  690  650 1071 1187  998  983  764 1008  899  983  940    0  713 
 742  940  963  990  680  641  806 1112 1173  651 1162  824  948  612 1035 1132  787  909  824  816  670  855  726  878 1098  880 1124  864  723  655  864  965  686  603  675 1118  600 1153  703 1191 1097  927  652  693  890  979 1149 1053  870  657  857  704 1090  731  715  696  717  732  713    0 

0 594 1095
1 563 796
2 411 873
3 483 967
4 273 826
5 461 978
6 445 777
7 544 872
8 699 770
9 613 837
10 560 863
11 632 772
12 679 800
13 690 873
14 699 823
15 528 832
16 643 890
17 504 797
18 216 917
19 408 775
20 461 750
21 437 872
22 612 955
23 627 1088
24 258 834
25 365 713
26 591 1066
27 554 1087
28 520 1055
29 536 1091
30 503 723
31 510 718
32 433 916
33 550 1058
34 582 922
35 672 871
36 604 778
37 357 757
38 425 711
39 657 706
40 551 796
41 316 971
42 370 860
43 271 1095
44 389 932
45 572 1008
46 456 1073
47 331 949
48 406 730
49 376 872
50 247 1055
51 341 834
52 651 1018
53 653 1016
54 223 784
55 456 960
56 620 1068
57 350 803
58 500 778
59 264 765

0 58 34542 37702 3852 
0 22 48890 50352 1762 
0 22 503 1917 2643 
0 7 51131 53363 3360 
0 39 1226 4552 3484 
0 31 776 3913 3208 
0 28 58212 61709 1852 
0 23 15414 19597 1832 
0 50 32074 35243 2847 
0 13 8324 11128 2932 
0 53 25132 27787 3628 
0 32 34207 37072 3500 
0 57 22163 26012 3428 
0 51 27560 30711 3148 
0 12 44883 47014 1670 
0 23 435 4475 1832 
0 17 2702 6844 2829 
0 39 4552 7170 3484 
0 53 15985 18559 1814 
0 33 24014 27699 1712 
0 4 41949 44689 2145 
0 1 20604 22448 2442 
1 54 20886 22914 1852 
1 26 1103 3939 3344 
1 45 28675 30758 3008 
1 58 35907 39357 1700 
1 0 43434 45308 2442 
1 6 47459 50771 1636 
1 4 1833 4437 2205 
1 19 15472 18244 2454 
1 38 421 2542 3076 
1 10 54064 57325 1554 
1 24 56410 57952 3692 
1 20 49192 52452 3188 
1 29 11283 13408 2793 
1 18 2282 4863 3432 
1 3 22144 24653 1790 
1 56 31673 34657 1610 
1 6 4859 7947 3272 
1 4 7642 9903 2940 
1 12 35572 38288 3656 
1 31 55267 58304 2556 
1 28 12143 14640 2796 
1 28 30045 32198 1864 
2 27 22554 24997 2604 
2 38 11143 13072 1788 
2 59 23355 25887 3472 
2 38 35268 37677 3576 
2 26 33280 35510 1496 
2 15 24362 26485 1696 
2 8 21543 23610 3408 
2 5 7438 10622 1888 
2 59 51858 55623 1736 
3 41 10501 13361 2313 
3 6 30303 31660 1814 
3 36 57414 60888 2490 
3 49 4863 6723 3452 
3 19 42238 44671 2901 
3 36 23263 25738 1660 
3 2 43257 46902 1594 
3 37 48939 51136 3512 
3 54 15998 19106 3288 
3 52 44604 47218 1598 
3 8 1444 4300 2466 
3 5 50826 53171 1518 
3 19 27590 30707 2901 
3 21 49992 54337 2817 
3 21 53541 56927 3756 
3 18 46754 48257 3464 
3 10 14599 16817 1566 
3 50 43438 44900 1696 
3 11 45367 49252 2880 
3 22 24663 28297 1626 
3 31 36439 40370 1532 
3 6 43141 45517 3628 
4 18 4840 6542 1914 
4 24 51667 54542 2589 
4 27 43564 47087 1740 
4 54 54574 58351 1712 
4 44 14423 16509 2562 
4 12 10523 12769 1734 
4 36 54036 56639 2895 
4 40 11570 13513 2271 
5 37 47736 50290 3508 
5 17 54943 57350 1468 
5 29 7162 9384 2712 
5 38 11721 13552 3028 
5 29 30674 33343 2712 
5 12 12568 15838 2454 
5 45 22923 26496 1680 
5 37 4034 7860 1754 
5 50 8571 10712 1778 
5 36 36983 38635 3808 
5 32 35540 37232 2936 
5 23 3531 5909 2730 
5 10 37654 39810 2688 
5 39 56175 58499 2888 
5 51 785 3269 2847 
5 24 51365 53035 3092 
5 37 51151 54786 2631 
5 28 31095 33565 2187 
5 40 36707 40001 1442 
5 39 12635 15230 2888 
6 8 10649 13052 2823 
6 45 16412 18462 3336 
6 16 5558 7763 1508 
6 59 53683 56874 1888 
6 42 25783 27053 3112 
6 30 32045 34190 2562 
6 11 8121 10150 3104 
6 9 21834 24681 2577 
6 25 43458 46195 3848 
6 25 10687 12977 3848 
6 5 33460 35317 2775 
6 15 37084 39079 1462 
7 57 15362 17137 2697 
7 0 42877 45735 2520 
7 40 14511 18498 3720 
7 12 44428 47246 3500 
7 48 11407 14782 1722 
7 57 15703 17914 3596 
7 11 391 2603 2250 
7 39 37482 41659 3040 
7 42 10223 11932 2763 
7 9 53756 55965 3232 
7 47 23259 25180 2586 
8 17 57839 60851 1502 
8 39 43949 46980 1522 
8 16 44861 47685 1578 
8 17 56497 59739 2253 
8 37 50957 53783 2859 
8 56 53359 55723 2454 
8 42 22896 25723 3696 
8 54 48037 49386 2944 
8 50 36374 38076 2361 
8 33 16187 19351 1762 
8 43 43893 45996 1910 
8 32 51980 55191 1470 
8 12 34182 36177 2799 
9 10 43746 46350 2802 
9 11 4996 6811 1506 
9 7 36023 37654 1616 
