70 4 24 1055

   0  948  724  877  773  725  923  875  744  734  735  974  808  876  779  915  798  845  726  851  928  844  903  926  874  812  868  856  944  906  943  839  718  716  973  982  964  928  728  880  745  774  866  978  879  910  812  834  726  945  747  821  780  795  866  812  742  788  857  867  881  963  838  851  800  920  886  794  980  824 
 948    0  884  982  983  847  957  967  745  892  957  874  771  893  865  918  873  943  751  971  920  880  817  864  824  721  722  954  962  831  743  862  861  956  739  765  783  882  836  892  917  739  907  715  763  931  799  816  815  823  883  820  794  737  748  752  777  847  799  757  970  804  895  841  742  824  886  774  832  886 
 724  884    0  891  814  872  792  959  954  874  938  947  736  727  979  777  906  892  924  791  718  720  866  852  715  759  765  911  784  850  721  741  851  915  856  797  776  723  838  919  777  755  785  972  835  947  962  924  957  909  938  840  861  897  924  879  899  875  768  938  926  873  973  842  779  784  816  838  784  847 
 877  982  891    0  845  811  823  716  961  849  788  829  798  735  977  757  726  932  774  890  885  831  730  855  807  979  827  740  914  821  932  900  951  954  973  738  886  878  859  868  715  728  944  731  862  866  786  906  928  809  817  814  962  752  761  895  734  859  764  867  888  741  866  717  966  906  853  742  851  937 
 773  983  814  845    0  759  904  873  846  873  953  978  893  968  873  801  942  945  979  717  974  776  942  731  963  777  735  953  718  729  838  744  799  773  765  979  959  822  856  971  781  965  967  784  780  968  949  855  798  753  883  871  803  782  745  719  793  969  950  715  764  976  907  815  979  873  755  908  927  966 
 725  847  872  811  759    0  777  876  717  885  946  877  907  757  889  732  745  728  976  883  833  825  808  728  802  934  915  889  838  943  808  810  857  787  855  897  874  944  887  900  813  796  771  915  913  848  906  843  854  829  947  737  755  785  801  965  754  717  836  829  849  807  964  741  944  868  837  820  832  817 
 923  957  792  823  904  777    0  941  879  783  894  803  805  875  936  895  916  899  726  796  835  840  921  733  892  780  763  845  949  972  806  861  844  719  844  715  954  899  918  764  754  901  796  844  760  747  820  941  891  897  909  772  740  944  939  730  783  979  942  800  939  960  790  844  929  955  791  768  802  732 
 875  967  959  716  873  876  941    0  883  786  866  875  792  910  876  771  725  858  935  958  923  746  924  916  868  823  874  837  934  973  964  884  870  856  982  809  968  882  880  964  971  973  907  826  813  891  945  747  763  921  954  826  932  788  917  824  897  959  802  721  821  874  781  715  891  794  732  851  787  770 
 744  745  954  961  846  717  879  883    0  977  829  857  869  797  946  869  772  911  863  934  817  866  774  794  741  720  954  931  771  769  770  914  865  891  905  955  844  920  719  768  944  869  806  745  899  952  933  717  805  974  765  804  961  813  931  716  812  908  732  879  934  920  926  749  965  751  884  733  721  923 
 734  892  874  849  873  885  783  786  977    0  882  855  769  902  832  942  797  824  875  849  946  926  857  953  740  830  978  865  768  844  826  860  733  817  737  731  970  881  900  857  852  964  874  805  899  871  844  837  859  896  735  845  778  815  948  773  979  860  840  955  956  801  928  977  715  791  848  928  887  755 
 735  957  938  788  953  946  894  866  829  882    0  817  821  873  806  789  923  839  820  945  830  960  906  936  971  716  841  800  836  936  904  782  928  743  967  795  753  841  962  803  980  753  742  880  933  763  909  915  958  724  980  866  890  777  819  797  799  754  899  928  795  819  925  844  759  936  826  722  822  873 
 974  874  947  829  978  877  803  875  857  855  817    0  752  724  778  865  872  746  779  886  834  923  941  957  877  926  774  864  977  957  908  959  721  937  829  834  722  819  921  873  852  950  799  862  786  858  933  981  723  928  978  923  791  947  982  737  928  802  861  919  827  900  914  926  926  751  802  939  863  791 
 808  771  736  798  893  907  805  792  869  769  821  752    0  774  963  967  863  825  929  725  836  940  831  835  929  841  741  948  923  885  926  776  928  734  729  728  842  731  911  875  729  885  792  848  719  954  953  976  918  875  827  723  968  864  951  902  837  762  797  944  931  755  964  858  927  983  720  951  801  894 
 876  893  727  735  968  757  875  910  797  902  873  724  774    0  968  888  858  867  862  724  752  865  804  918  931  715  917  777  781  783  893  725  959  902  880  746  923  926  724  884  760  964  869  849  889  872  907  880  955  813  778  916  745  747  823  884  937  903  723  841  852  853  793  942  960  888  780  817  923  788 
 779  865  979  977  873  889  936  876  946  832  806  778  963  968    0  915  770  853  724  936  760  920  973  753  972  905  873  778  950  843  972  890  933  917  807  847  881  773  878  931  983  774  876  745  925  879  769  743  734  844  786  867  811  903  760  723  827  859  886  783  951  747  799  765  735  802  759  732  868  966 
 915  918  777  757  801  732  895  771  869  942  789  865  967  888  915    0  956  878  748  820  856  924  793  883  741  836  759  906  754  781  871  915  854  763  902  965  945  850  783  768  911  937  754  838  828  801  836  798  983  785  931  876  756  779  913  776  855  910  861  890  824  867  767  861  979  964  830  952  981  821 
 798  873  906  726  942  745  916  725  772  797  923  872  863  858  770  956    0  907  820  878  768  830  752  902  740  774  809  933  849  961  719  830  819  808  916  857  826  773  966  911  793  754  936  822  922  866  914  912  945  936  791  890  837  956  737  873  840  782  750  863  875  842  882  948  913  820  722  941  759  849 
 845  943  892  932  945  728  899  858  911  824  839  746  825  867  853  878  907    0  881  718  889  727  938  958  916  979  745  932  935  760  812  778  746  839  733  890  928  921  885  789  760  730  819  750  734  977  933  795  811  789  820  740  845  809  959  799  954  856  874  951  959  918  836  724  946  860  948  890  729  939 
 726  751  924  774  979  976  726  935  863  875  820  779  929  862  724  748  820  881    0  815  913  718  965  807  905  882  881  917  876  807  965  795  722  859  793  794  913  867  752  970  717  820  781  719  973  907  846  783  744  965  912  916  924  788  963  785  728  848  799  821  797  939  925  937  885  983  821  867  852  951 
 851  971  791  890  717  883  796  958  934  849  945  886  725  724  936  820  878  718  815    0  790  771  942  929  855  849  892  785  873  977  753  963  758  736  747  836  765  808  764  835  938  933  957  906  742  836  797  848  974  819  860  909  875  868  878  789  898  929  718  778  738  947  730  980  891  866  754  770  761  828 
 928  920  718  885  974  833  835  923  817  946  830  834  836  752  760  856  768  889  913  790    0  905  893  826  978  742  868  888  736  890  963  873  853  802  857  880  944  960  849  845  803  719  811  856  791  849  921  827  969  911  916  909  796  784  777  906  971  865  715  815  762  876  731  936  725  795  791  827  951  854 
 844  880  720  831  776  825  840  746  866  926  960  923  940  865  920  924  830  727  718  771  905    0  805  793  777  807  735  869  726  968  912  728  776  947  834  812  881  925  947  825  752  923  966  796  735  912  901  801  801  816  965  826  785  936  858  744  862  854  715  893  749  884  780  867  819  970  771  763  980  834 
 903  817  866  730  942  808  921  924  774  857  906  941  831  804  973  793  752  938  965  942  893  805    0  858  726  770  745  894  937  945  921  847  805  953  905  875  748  730  867  961  762  822  765  792  858  923  817  891  838  828  970  866  973  887  978  842  861  861  949  939  943  940  934  870  855  955  764  799  939  900 
 926  864  852  855  731  728  733  916  794  953  936  957  835  918  753  883  902  958  807  929  826  793  858    0  946  749  919  781  943  953  897  870  925  944  828  962  830  796  726  784  905  763  803  733  868  783  937  756  916  803  936  894  915  960  970  718  726  953  757  888  847  889  789  868  934  905  820  745  903  724 
 874  824  715  807  963  802  892  868  741  740  971  877  929  931  972  741  740  916  905  855  978  777  726  946    0  957  780  857  874  921  873  893  788  860  963  893  819  873  879  933  920  768  899  820  979  906  726  874  827  903  926  727  932  802  921  746  855  751  953  864  741  808  766  840  824  786  736  822  939  868 
 812  721  759  979  777  934  780  823  720  830  716  926  841  715  905  836  774  979  882  849  742  807  770  749  957    0  722  844  821  728  862  923  722  756  825  746  770  768  728  829  814  771  810  752  733  791  721  772  926  800  748  753  906  841  811  821  719  716  916  756  904  844  952  783  904  904  936  733  863  922 
 868  722  765  827  735  915  763  874  954  978  841  774  741  917  873  759  809  745  881  892  868  735  745  919  780  722    0  934  896  949  735  833  792  854  867  863  973  966  926  904  981  725  850  795  892  861  855  853  906  744  774  969  947  922  979  947  818  862  761  908  741  776  979  745  865  852  774  962  937  806 
 856  954  911  740  953  889  845  837  931  865  800  864  948  777  778  906  933  932  917  785  888  869  894  781  857  844  934    0  853  810  972  974  787  733  875  839  928  800  737  772  917  936  886  931  887  822  728  733  891  936  819  834  721  861  733  825  810  719  829  831  729  936  898  777  932  716  817  958  854  753 
 944  962  784  914  718  838  949  934  771  768  836  977  923  781  950  754  849  935  876  873  736  726  937  943  874  821  896  853    0  850  872  779  769  751  738  865  884  807  860  775  816  716  753  802  832  978  866  934  858  751  786  826  970  790  748  841  954  819  833  833  825  849  908  878  922  815  905  786  893  724 
 906  831  850  821  729  943  972  973  769  844  936  957  885  783  843  781  961  760  807  977  890  968  945  953  921  728  949  810  850    0  962  770  731  932  940  876  821  966  726  926  974  962  877  940  843  861  959  811  896  751  737  801  789  889  955  959  772  851  892  954  849  917  804  725  861  826  899  897  963  903 
 943  743  721  932  838  808  806  964  770  826  904  908  926  893  972  871  719  812  965  753  963  912  921  897  873  862  735  972  872  962    0  905  715  931  918  723  975  896  818  817  953  917  808  747  975  874  888  746  748  838  839  963  943  777  880  953  914  848  890  958  805  827  835  806  902  809  970  717  963  954 
 839  862  741  900  744  810  861  884  914  860  782  959  776  725  890  915  830  778  795  963  873  728  847  870  893  923  833  974  779  770  905    0  747  853  826  851  754  957  873  915  723  766  814  979  813  718  904  792  724  825  717  718  746  809  940  933  962  903  729  803  938  938  826  717  885  936  779  848  876  775 
 718  861  851  951  799  857  844  870  865  733  928  721  928  959  933  854  819  746  722  758  853  776  805  925  788  722  792  787  769  731  715  747    0  948  871  945  938  955  804  964  780  969  715  743  960  746  816  761  752  942  965  787  855  816  892  796  894  982  982  775  927  976  808  762  805  736  792  885  961  949 
 716  956  915  954  773  787  719  856  891  817  743  937  734  902  917  763  808  839  859  736  802  947  953  944  860  756  854  733  751  932  931  853  948    0  825  783  939  937  977  972  914  836  796  868  738  732  901  968  889  960  729  825  971  734  857  796  886  758  946  911  864  807  969  917  748  931  916  921  933  888 
 973  739  856  973  765  855  844  982  905  737  967  829  729  880  807  902  916  733  793  747  857  834  905  828  963  825  867  875  738  940  918  826  871  825    0  974  840  878  959  897  839  819  893  910  803  854  942  944  943  748  838  716  971  815  845  720  734  720  885  861  855  945  916  897  864  790  860  715  864  816 
 982  765  797  738  979  897  715  809  955  731  795  834  728  746  847  965  857  890  794  836  880  812  875  962  893  746  863  839  865  876  723  851  945  783  974    0  751  719  919  867  975  983  876  748  945  818  937  972  983  908  917  911  864  729  724  818  853  925  845  779  886  857  936  877  900  937  936  740  858  887 
 964  783  776  886  959  874  954  968  844  970  753  722  842  923  881  945  826  928  913  765  944  881  748  830  819  770  973  928  884  821  975  754  938  939  840  751    0  922  974  824  967  793  761  769  877  817  774  767  897  918  881  966  765  874  797  768  782  846  936  878  951  715  824  845  907  758  906  765  897  918 
 928  882  723  878  822  944  899  882  920  881  841  819  731  926  773  850  773  921  867  808  960  925  730  796  873  768  966  800  807  966  896  957  955  937  878  719  922    0  983  933  799  764  929  835  836  801  920  753  976  733  793  947  885  962  805  971  788  946  734  791  943  789  969  759  820  753  978  966  830  715 
 728  836  838  859  856  887  918  880  719  900  962  921  911  724  878  783  966  885  752  764  849  947  867  726  879  728  926  737  860  726  818  873  804  977  959  919  974  983    0  957  778  760  858  825  841  898  823  901  878  824  910  811  925  778  924  888  782  729  828  878  827  935  878  763  817  865  884  762  815  786 
 880  892  919  868  971  900  764  964  768  857  803  873  875  884  931  768  911  789  970  835  845  825  961  784  933  829  904  772  775  926  817  915  964  972  897  867  824  933  957    0  913  880  919  902  958  727  857  893  824  916  965  802  930  825  983  933  849  846  875  855  722  777  905  806  974  784  883  814  861  870 
 745  917  777  715  781  813  754  971  944  852  980  852  729  760  983  911  793  760  717  938  803  752  762  905  920  814  981  917  816  974  953  723  780  914  839  975  967  799  778  913    0  875  743  824  853  751  914  957  786  917  970  901  866  918  751  848  970  768  885  767  818  859  899  843  838  927  823  792  942  830 
 774  739  755  728  965  796  901  973  869  964  753  950  885  964  774  937  754  730  820  933  719  923  822  763  768  771  725  936  716  962  917  766  969  836  819  983  793  764  760  880  875    0  853  742  760  936  744  874  882  853  744  730  761  842  806  920  819  798  979  725  788  871  753  862  841  939  956  828  879  829 
 866  907  785  944  967  771  796  907  806  874  742  799  792  869  876  754  936  819  781  957  811  966  765  803  899  810  850  886  753  877  808  814  715  796  893  876  761  929  858  919  743  853    0  811  735  780  859  867  983  965  722  885  955  720  787  734  752  945  733  932  751  816  947  955  977  773  737  822  734  757 
 978  715  972  731  784  915  844  826  745  805  880  862  848  849  745  838  822  750  719  906  856  796  792  733  820  752  795  931  802  940  747  979  743  868  910  748  769  835  825  902  824  742  811    0  741  877  762  909  949  983  779  765  810  769  830  914  797  936  947  732  781  829  942  916  747  853  740  899  855  880 
 879  763  835  862  780  913  760  813  899  899  933  786  719  889  925  828  922  734  973  742  791  735  858  868  979  733  892  887  832  843  975  813  960  738  803  945  877  836  841  958  853  760  735  741    0  803  976  754  839  981  863  975  801  865  717  873  911  834  799  734  731  883  911  955  837  737  812  783  946  910 
 910  931  947  866  968  848  747  891  952  871  763  858  954  872  879  801  866  977  907  836  849  912  923  783  906  791  861  822  978  861  874  718  746  732  854  818  817  801  898  727  751  936  780  877  803    0  719  855  846  852  758  881  929  929  905  977  767  759  969  849  961  947  941  740  802  817  785  759  878  968 
 812  799  962  786  949  906  820  945  933  844  909  933  953  907  769  836  914  933  846  797  921  901  817  937  726  721  855  728  866  959  888  904  816  901  942  937  774  920  823  857  914  744  859  762  976  719    0  845  751  793  785  755  721  877  768  831  892  800  887  745  904  930  918  802  904  735  827  858  821  757 
 834  816  924  906  855  843  941  747  717  837  915  981  976  880  743  798  912  795  783  848  827  801  891  756  874  772  853  733  934  811  746  792  761  968  944  972  767  753  901  893  957  874  867  909  754  855  845    0  951  970  738  931  733  762  903  841  821  770  753  909  851  967  881  804  875  899  849  819  802  840 
 726  815  957  928  798  854  891  763  805  859  958  723  918  955  734  983  945  811  744  974  969  801  838  916  827  926  906  891  858  896  748  724  752  889  943  983  897  976  878  824  786  882  983  949  839  846  751  951    0  931  952  950  951  974  821  803  868  873  956  780  876  876  815  910  724  924  811  848  885  904 
 945  823  909  809  753  829  897  921  974  896  724  928  875  813  844  785  936  789  965  819  911  816  828  803  903  800  744  936  751  751  838  825  942  960  748  908  918  733  824  916  917  853  965  983  981  852  793  970  931    0  967  752  745  720  903  799  831  966  857  761  947  959  720  900  928  974  833  800  751  775 
 747  883  938  817  883  947  909  954  765  735  980  978  827  778  786  931  791  820  912  860  916  965  970  936  926  748  774  819  786  737  839  717  965  729  838  917  881  793  910  965  970  744  722  779  863  758  785  738  952  967    0  902  907  726  805  725  926  782  977  901  880  896  715  749  877  902  930  933  775  953 
 821  820  840  814  871  737  772  826  804  845  866  923  723  916  867  876  890  740  916  909  909  826  866  894  727  753  969  834  826  801  963  718  787  825  716  911  966  947  811  802  901  730  885  765  975  881  755  931  950  752  902    0  863  815  813  748  743  737  721  838  774  795  800  767  747  889  741  832  767  829 
 780  794  861  962  803  755  740  932  961  778  890  791  968  745  811  756  837  845  924  875  796  785  973  915  932  906  947  721  970  789  943  746  855  971  971  864  765  885  925  930  866  761  955  810  801  929  721  733  951  745  907  863    0  715  967  937  929  776  923  853  840  869  976  917  847  848  825  849  960  845 
 795  737  897  752  782  785  944  788  813  815  777  947  864  747  903  779  956  809  788  868  784  936  887  960  802  841  922  861  790  889  777  809  816  734  815  729  874  962  778  825  918  842  720  769  865  929  877  762  974  720  726  815  715    0  825  837  943  870  766  816  897  957  858  895  967  849  813  821  976  756 
 866  748  924  761  745  801  939  917  931  948  819  982  951  823  760  913  737  959  963  878  777  858  978  970  921  811  979  733  748  955  880  940  892  857  845  724  797  805  924  983  751  806  787  830  717  905  768  903  821  903  805  813  967  825    0  726  759  856  949  862  728  768  790  944  852  739  810  863  782  821 
 812  752  879  895  719  965  730  824  716  773  797  737  902  884  723  776  873  799  785  789  906  744  842  718  746  821  947  825  841  959  953  933  796  796  720  818  768  971  888  933  848  920  734  914  873  977  831  841  803  799  725  748  937  837  726    0  851  951  746  930  756  738  718  791  979  836  969  835  901  852 
 742  777  899  734  793  754  783  897  812  979  799  928  837  937  827  855  840  954  728  898  971  862  861  726  855  719  818  810  954  772  914  962  894  886  734  853  782  788  782  849  970  819  752  797  911  767  892  821  868  831  926  743  929  943  759  851    0  890  743  876  868  825  715  765  973  974  796  863  972  917 
 788  847  875  859  969  717  979  959  908  860  754  802  762  903  859  910  782  856  848  929  865  854  861  953  751  716  862  719  819  851  848  903  982  758  720  925  846  946  729  846  768  798  945  936  834  759  800  770  873  966  782  737  776  870  856  951  890    0  725  750  868  720  949  860  920  772  753  828  929  942 
 857  799  768  764  950  836  942  802  732  840  899  861  797  723  886  861  750  874  799  718  715  715  949  757  953  916  761  829  833  892  890  729  982  946  885  845  936  734  828  875  885  979  733  947  799  969  887  753  956  857  977  721  923  766  949  746  743  725    0  882  843  783  774  759  919  808  781  730  837  978 
 867  757  938  867  715  829  800  721  879  955  928  919  944  841  783  890  863  951  821  778  815  893  939  888  864  756  908  831  833  954  958  803  775  911  861  779  878  791  878  855  767  725  932  732  734  849  745  909  780  761  901  838  853  816  862  930  876  750  882    0  938  949  896  754  801  715  976  858  764  795 
 881  970  926  888  764  849  939  821  934  956  795  827  931  852  951  824  875  959  797  738  762  749  943  847  741  904  741  729  825  849  805  938  927  864  855  886  951  943  827  722  818  788  751  781  731  961  904  851  876  947  880  774  840  897  728  756  868  868  843  938    0  890  905  805  919  858  915  857  927  907 
 963  804  873  741  976  807  960  874  920  801  819  900  755  853  747  867  842  918  939  947  876  884  940  889  808  844  776  936  849  917  827  938  976  807  945  857  715  789  935  777  859  871  816  829  883  947  930  967  876  959  896  795  869  957  768  738  825  720  783  949  890    0  799  854  937  787  851  884  823  934 
 838  895  973  866  907  964  790  781  926  928  925  914  964  793  799  767  882  836  925  730  731  780  934  789  766  952  979  898  908  804  835  826  808  969  916  936  824  969  878  905  899  753  947  942  911  941  918  881  815  720  715  800  976  858  790  718  715  949  774  896  905  799    0  735  873  898  780  761  859  850 
 851  841  842  717  815  741  844  715  749  977  844  926  858  942  765  861  948  724  937  980  936  867  870  868  840  783  745  777  878  725  806  717  762  917  897  877  845  759  763  806  843  862  955  916  955  740  802  804  910  900  749  767  917  895  944  791  765  860  759  754  805  854  735    0  801  925  913  804  805  790 
 800  742  779  966  979  944  929  891  965  715  759  926  927  960  735  979  913  946  885  891  725  819  855  934  824  904  865  932  922  861  902  885  805  748  864  900  907  820  817  974  838  841  977  747  837  802  904  875  724  928  877  747  847  967  852  979  973  920  919  801  919  937  873  801    0  911  745  974  918  946 
 920  824  784  906  873  868  955  794  751  791  936  751  983  888  802  964  820  860  983  866  795  970  955  905  786  904  852  716  815  826  809  936  736  931  790  937  758  753  865  784  927  939  773  853  737  817  735  899  924  974  902  889  848  849  739  836  974  772  808  715  858  787  898  925  911    0  909  868  820  901 
 886  886  816  853  755  837  791  732  884  848  826  802  720  780  759  830  722  948  821  754  791  771  764  820  736  936  774  817  905  899  970  779  792  916  860  936  906  978  884  883  823  956  737  740  812  785  827  849  811  833  930  741  825  813  810  969  796  753  781  976  915  851  780  913  745  909    0  744  896  930 
 794  774  838  742  908  820  768  851  733  928  722  939  951  817  732  952  941  890  867  770  827  763  799  745  822  733  962  958  786  897  717  848  885  921  715  740  765  966  762  814  792  828  822  899  783  759  858  819  848  800  933  832  849  821  863  835  863  828  730  858  857  884  761  804  974  868  744    0  983  720 
 980  832  784  851  927  832  802  787  721  887  822  863  801  923  868  981  759  729  852  761  951  980  939  903  939  863  937  854  893  963  963  876  961  933  864  858  897  830  815  861  942  879  734  855  946  878  821  802  885  751  775  767  960  976  782  901  972  929  837  764  927  823  859  805  918  820  896  983    0  883 
 824  886  847  937  966  817  732  770  923  755  873  791  894  788  966  821  849  939  951  828  854  834  900  724  868  922  806  753  724  903  954  775  949  888  816  887  918  715  786  870  830  829  757  880  910  968  757  840  904  775  953  829  845  756  821  852  917  942  978  795  907  934  850  790  946  901  930  720  883    0 

   0 1028  735  660  824  852 1145  942  613  863 1124  766  697  844  878 1191  666  753 1156  879  745  687  817  945 1049 1120 1126  627  854  882  920  644 1160  633 1009  630 1198  739  683 1071  923 1104  623  831  676  676  696 1180  708  776  947 1000  879 1052  804 1052  805 1141  763  670  930 1125 1161 1020  725  864 1075 1116 1151 1046 
1028    0 1052  851  698 1180  901  946  847  641  924  682  941 1112  866  831  729  764  679 1131  836 1099 1179  677 1101 1000  908  826 1065  771  796 1134  745 1154  617 1076  658 1065  899  800  608 1038  670  609 1045  921 1089  854  977 1161  671 1155  793  953  842 1129  680 1168  977  911  900 1144  633  883  680 1066 1188  817  853  675 
 735 1052    0  730  718  964 1039 1002 1147  951 1084 1161  643 1166  647  880  864 1153  833  625  624 1161 1082  907 1030  768 1121 1045 1113 1172 1139  867  826 1005  958  822  634  604  745 1077 1020  862 1163  965  952  670  962  986 1051  831 1046 1135  773  834  606  938 1049 1084 1006  739 1039 1012  603  885  734  743 1003 1050 1091  999 
 660  851  730    0  642  781  946 1145  638 1013  970  987 1173 1111  840 1084  638  863 1050 1058  823  604  682  735  626 1087 1082  856 1106  855  621 1118  674  949 1093 1020  608 1072  811  956  936  869  808  755  729  617  641  695  916  728 1194  879 1058 1082  953  919  661  791 1016  874  762  831  678 1052  949  993  827 1087  930  945 
 824  698  718  642    0  690  870  735  753  818  766 1189 1164  998  785 1015 1046  608  633  677  729 1193  675 1051  958 1167  702  707 1022  602 1174  890 1053  744  827  971 1093 1000  796  689  882  726  698  891  936  817  606 1128  956  793  721  923  744  870  779 1049  629  664  664  632  931  855  845  965 1024  648  866 1107  847  830 
 852 1180  964  781  690    0  861  741  870 1127  921  905  702 1175 1143  792 1083 1110  770  652  681  789  738 1024  905  680 1176  613 1076 1068  875  638  774  949  669 1130 1184  899 1153  745  956  820  694 1147  785  880  915  890  877  874 1048 1192  875  948 1195  891  852  903  625 1030  670  744  806 1063 1137 1120 1044 1163 1173  801 
1145  901 1039  946  870  861    0  778  730 1093  931  853  685 1061  994 1086 1045 1014  893  735  600 1191 1196  634  820  992  948 1095 1105  856  959  713  880  801  875 1034 1113  923  896  893  954  914 1078  809 1039  963  860  641 1054  625  754  879  607  784  861 1053  841  700 1008  840  732 1183 1150  602  757  910 1134  998  905  987 
 942  946 1002 1145  735  741  778    0  740  756  958  995 1171  665 1052  990  867  899  915  723 1170  813  845  744  638 1116  871  837  683  923  764  987  862 1017  936  776  681  761  819  900  621  789  747  707 1044  639  841  911  918  737  827 1089  796  876  729  823 1016 1197  768  773 1012  665 1157 1041  950  629  972  650  681 1124 
 613  847 1147  638  753  870  730  740    0 1182  662  655  743  894  620  853  672  854  622 1047  739 1190 1191 1191  870  609  957 1130 1002 1166  790  898  994 1047 1020  917  762  881 1070 1024  913 1190  719  774 1194  891 1044  991 1136  982  802 1112 1136 1089  859  630  685 1190  611  799  799 1067 1197 1052 1099  793  777  664  840  934 
 863  641  951 1013  818 1127 1093  756 1182    0 1109  743  797  941 1067 1025  873 1083  744  630  978  900  795 1054  890  698 1099  654 1190  818  631  608 1047  907 1098  934  858  848  637  824 1166  635 1040  888  645  922  685  985  819  791  965 1037 1009  874  991  689  987 1020 1137  645  653  888  816  618  677 1005 1084 1187 1155  744 
1124  924 1084  970  766  921  931  958  662 1109    0  764  943  745  942  820  711  728  745  795  656  806 1022 1096 1026  957  954  756  829 1169  829  801  901  725  723 1095  772  958  683  910  888 1135  708  906  698  918  873 1058  617  756  958  974 1038  880  611  890 1194  611  633 1076 1195 1112 1187  828  759 1028  629  717 1062  946 
 766  682 1161  987 1189  905  853  995  655  743  764    0  662  876  952  946 1015  935 1106  870 1163 1134  992 1155  688  977  889  677  653  962  889  766  937  740 1068 1000  696 1095  738  962  932  834  761 1174  926 1046  702  800  752  621  863  921  915  766  683  950 1197 1004 1165  999  959  773  666  764  846  785 1015  975 1110 1135 
 697  941  643 1173 1164  702  685 1171  743  797  943  662    0  734  956 1113  693 1049  906 1110 1170  982  712  881 1063  630 1038  953  872  635 1009  758 1122 1157  748  650  960  717  953  901  883 1136  799  802 1134  621  878  698  894  786  829  710  995 1073  761  605  851 1149  778 1123 1166 1143  825 1064  952 1151  905 1112  722  641 
 844 1112 1166 1111  998 1175 1061  665  894  941  745  876  734    0 1195  769  604  754 1083 1041  962 1115  684 1057  966  826  674  939  894 1151 1142  660  793  923  888  794  786  964 1158 1077 1184  997 1153  667  691 1190 1075  766  847 1130  853 1177  800  846 1046  630  933  902  677 1067  637  742  882  965  676  939 1106  816  670  665 
 878  866  647  840  785 1143  994 1052  620 1067  942  952  956 1195    0 1026 1060 1150  939  795  789  976  663  610  961 1177  915  899 1076  883  775  873 1162  660  855  751  619  646  866  672  855 1072 1147 1131  670 1182 1053 1081 1006  647  731  925 1090  771  685  793 1184  740  700  716  804 1075  952 1019  867  795  691  712  756  688 
1191  831  880 1084 1015  792 1086  990  853 1025  820  946 1113  769 1026    0 1008  895 1198  877  976  880  983  880  796  836  639  832  603 1024 1042 1071 1004 1192  678  899  612  645  891  718 1121  856 1032  624 1097  938  804  868  603  904 1157  945  621 1120  723 1038  684 1070  953  953  839  824  946 1089  772 1152  874  825 1173  961 
 666  729  864  638 1046 1083 1045  867  672  873  711 1015  693  604 1060 1008    0  603  641  663  792  844 1079 1095  799 1124 1029  897  663  800 1137  672 1033  917  837  833 1188  872  959  973  876  990  643  895 1021 1106 1015  637  984 1184 1069 1054  694 1053 1183  757  852  816  671  683 1166 1155 1100  625  650  963  661 1049  632 1194 
 753  764 1153  863  608 1110 1014  899  854 1083  728  935 1049  754 1150  895  603    0 1011  987  802  649 1061  771  610 1090  634  971 1143 1074 1053  718 1122  988 1002 1124  647  644  834  822 1095  914 1006 1029  823  720  915  805 1052  928  793  660  705  798  691  923 1049  874  807  704  623  717  840 1092  921 1171 1071  710  893  996 
1156  679  833 1050  633  770  893  915  622  744  745 1106  906 1083  939 1198  641 1011    0  783  666  968  880 1155 1051 1163  904  803  754  607  646 1062 1080  675 1028  886 1021 1128 1151  721  819  634  759  705 1129  803 1020 1164  831  720  635  638 1036  850 1035  796 1171  898 1200  755  899 1099  677  953 1069  996  786 1193  918  900 
 879 1131  625 1058  677  652  735  723 1047  630  795  870 1110 1041  795  877  663  987  783    0 1169  920  689  827 1102  605  996  996  858  925 1104  992  952  601 1188 1153 1095  882 1088  680 1183 1198  650  815  791  616 1100 1022  666 1184 1131  851 1108  903  969  790 1018  839 1121 1191 1079  780  687  701 1085 1103  697  865  816  660 
 745  836  624  823  729  681  600 1170  739  978  656 1163 1170  962  789  976  792  802  666 1169    0  639 1118  628  757  856  875  775  700  812  902 1118  743  868  613  618  637  648  616 1101 1099  998 1167  633  682  985  606 1024  854  608  892  917  815  944  641  714  796 1172  633 1118  803  609 1060  707  953  864  824 1197  845  916 
 687 1099 1161  604 1193  789 1191  813 1190  900  806 1134  982 1115  976  880  844  649  968  920  639    0  985  681 1078 1016 1082  601 1053  773 1083  910  648  688 1002  956  906 1195  928 1015  850 1176 1050  807  968 1006  621  887 1095  889  696 1038  915 1032  653  809  780  887 1181 1196  981  787  609  822  966  736  740 1137  727  981 
 817 1179 1082  682  675  738 1196  845 1191  795 1022  992  712  684  663  983 1079 1061  880  689 1118  985    0 1158  709  792 1055 1058 1018  818  819 1052  936 1099  718  734  839  967  626 1058 1163 1149  642  601  612 1197  959  944  700 1138  791  968 1107  774  916 1075  947  807  973  882  827 1019  836 1083  883  869  681  903  741  725 
 945  677  907  735 1051 1024  634  744 1191 1054 1096 1155  881 1057  610  880 1095  771 1155  827  628  681 1158    0  981  847 1079  696 1181  971  663 1127  784  746  998 1066 1159 1096  871 1150 1121  668  995 1077  734 1151  897  615 1007  844  695  619  771  999 1186  932 1083 1009  664  961  636  976 1120  925 1013  752  858  677  635  938 
1049 1101 1030  626  958  905  820  638  870  890 1026  688 1063  966  961  796  799  610 1051 1102  757 1078  709  981    0 1079  887  964  718  631  896  748  728 1020  898  846  996 1115  905  962 1142  915  709  657  975 1145  793 1040  911  623  900  783  975  849  837  683  686 1196  971 1126  768  696  757 1062 1022 1032 1194  865  673  683 
1120 1000  768 1087 1167  680  992 1116  609  698  957  977  630  826 1177  836 1124 1090 1163  605  856 1016  792  847 1079    0 1048  605  993  773  847 1052  681  601  868 1111  845  805  941 1118  815 1088  870  631  934  785  770 1194  605 1056 1178 1129  762  813 1041 1110 1003 1145  711 1119 1165 1102 1066  720  628  946  631  723  935  993 
1126  908 1121 1082  702 1176  948  871  957 1099  954  889 1038  674  915  639 1029  634  904  996  875 1082 1055 1079  887 1048    0  781 1087 1067 1029 1036  986 1112  628  694  603  839  839 1186  957  621  628  705  847  671  843 1043 1186  873 1035  690  942  646  976 1068  903  804  848  645  727  998  904  994  720 1105  663 1048  701  782 
 627  826 1045  856  707  613 1095  837 1130  654  756  677  953  939  899  832  897  971  803  996  775  601 1058  696  964  605  781    0  627  694 1130 1025  732  893  968  699  694  841  981  881  688  950  729  787  890  758 1167 1104  960  862 1185  667  858  744 1187 1125 1160  721 1143  649  836  868  984  685 1165  721  987 1128  931  963 
 854 1065 1113 1106 1022 1076 1105  683 1002 1190  829  653  872  894 1076  603  663 1143  754  858  700 1053 1018 1181  718  993 1087  627    0  920 1187 1110 1168 1006  747 1088  999  724 1009 1103  767  940  695  897  855 1001 1185  941  957 1118  821  622 1044 1064  805 1093  631 1124  728  812 1116 1136  644  703  821  716  757  942  706  827 
 882  771 1172  855  602 1068  856  923 1166  818 1169  962  635 1151  883 1024  800 1074  607  925  812  773  818  971  631  773 1067  694  920    0 1037 1068 1024 1068 1036  651  719 1160  786  993  983  838 1066 1115 1183  950 1164  959  622  822  634  631  980  774 1178  918  742  740  981  967  885  613 1142  690  993  608  974  869  643  813 
 920  796 1139  621 1174  875  959  764  790  631  829  889 1009 1142  775 1042 1137 1053  646 1104  902 1083  819  663  896  847 1029 1130 1187 1037    0 1036  827  809  940 1056  958  957  831 1030  905 1161 1177  686  620 1174  813  936  846 1033  867  916  624 1049  666 1108 1077 1046  853  615  644  644 1200  675  917  627  680  685  770  637 
 644 1134  867 1118  890  638  713  987  898  608  801  766  758  660  873 1071  672  718 1062  992 1118  910 1052 1127  748 1052 1036 1025 1110 1068 1036    0  820  963  861  779  674  969  902  826  643 1135  824  748  710  878  801 1053  683 1070  663  852 1117  627 1125 1051 1142  964  862 1071  910 1033  798 1119 1062  986  798  856  941  614 
1160  745  826  674 1053  774  880  862  994 1047  901  937 1122  793 1162 1004 1033 1122 1080  952  743  648  936  784  728  681  986  732 1168 1024  827  820    0  883  838  888  648  946 1186  901  857  760  719  916  650  931 1122  819  694  890  674  609  851  937  812  847  973  859  895  714  637 1018 1147  996 1063  798  961  894  873 1036 
 633 1154 1005  949  744  949  801 1017 1047  907  725  740 1157  923  660 1192  917  988  675  601  868  688 1099  746 1020  601 1112  893 1006 1068  809  963  883    0  823  698 1037  906  812  969 1078  718  632  718 1035  865 1069 1041  862 1144  822 1014 1112  687 1172 1054  717  982  650  934  711 1032  659  903  865  990 1008  691  959  900 
1009  617  958 1093  827  669  875  936 1020 1098  723 1068  748  888  855  678  837 1002 1028 1188  613 1002  718  998  898  868  628  968  747 1036  940  861  838  823    0 1179  738  639  705 1030 1082  601  658 1095  880  983  642  998  844  813 1078 1065  883  605 1080  921  907 1179  993  855  820  970  718  813  670  986  895  804  698  717 
 630 1076  822 1020  971 1130 1034  776  917  934 1095 1000  650  794  751  899  833 1124  886 1153  618  956  734 1066  846 1111  694  699 1088  651 1056  779  888  698 1179    0 1019  776 1111  992  680  787  609  720 1038  818  792 1152  677  602 1124  996 1173  693  941  729  605  721 1132  737  805  696 1184 1128  667  759  677  694  629  652 
1198  658  634  608 1093 1184 1113  681  762  858  772  696  960  786  619  612 1188  647 1021 1095  637  906  839 1159  996  845  603  694  999  719  958  674  648 1037  738 1019    0  718 1024  627 1145  689  841  664 1116 1164  759  680 1011  848 1134 1166  657  859  849  854  656 1074  666  678  668 1036  725  771  938 1081 1188  662  656  835 
 739 1065  604 1072 1000  899  923  761  881  848  958 1095  717  964  646  645  872  644 1128  882  648 1195  967 1096 1115  805  839  841  724 1160  957  969  946  906  639  776  718    0  962 1000 1026  673  717  928 1081 1144  886  998 1140 1196  979  981 1030  619 1155  837  716  804  774  693 1182  736 1141  785  948 1095  875  777  966  732 
 683  899  745  811  796 1153  896  819 1070  637  683  738  953 1158  866  891  959  834 1151 1088  616  928  626  871  905  941  839  981 1009  786  831  902 1186  812  705 1111 1024  962    0  691  695  825  669  694 1165  654  682  919 1139 1039 1172 1129  638 1038 1175  911  740 1008  691 1138  680 1097  848  983 1036  967  769  842 1014  716 
1071  800 1077  956  689  745  893  900 1024  824  910  962  901 1077  672  718  973  822  721  680 1101 1015 1058 1150  962 1118 1186  881 1103  993 1030  826  901  969 1030  992  627 1000  691    0  701  942  900  935 1046  872 1068  849 1010 1089  813  782  673 1124 1062  922  927  828  977 1038 1109 1042 1084 1175  896 1192  904  651 1022 1116 
 923  608 1020  936  882  956  954  621  913 1166  888  932  883 1184  855 1121  876 1095  819 1183 1099  850 1163 1121 1142  815  957  688  767  983  905  643  857 1078 1082  680 1145 1026  695  701    0 1093  680  829 1179  915 1175  669  601  975 1031  807  647 1106  728 1063  855 1132  818  789  923  907 1197  609  715  932  873  802  844  831 
1104 1038  862  869  726  820  914  789 1190  635 1135  834 1136  997 1072  856  990  914  634 1198  998 1176 1149  668  915 1088  621  950  940  838 1161 1135  760  718  601  787  689  673  825  942 1093    0 1089  661  876  856  929 1051  797  812 1047 1068 1048  955  719  977  892  641  659  969 1189  974  702  608  859  745  726  988  822 1074 
 623  670 1163  808  698  694 1078  747  719 1040  708  761  799 1153 1147 1032  643 1006  759  650 1167 1050  642  995  709  870  628  729  695 1066 1177  824  719  632  658  609  841  717  669  900  680 1089    0  690  936 1059 1146 1044 1135 1191 1051  747  811  928 1181  992 1036 1117  858  819 1016  940 1193  672 1085  707 1096  995  940 1121 
