10 4 24 170

   0  776  918  907  710  691  692  812  919  898 
 776    0  893  743  692  705  866  630  917  816 
 918  893    0  737  749  790  938  907  878  802 
 907  743  737    0  651  805  730  901  752  807 
 710  692  749  651    0  720  944  709  666  689 
 691  705  790  805  720    0  880  914  744  656 
 692  866  938  730  944  880    0  823  860  787 
 812  630  907  901  709  914  823    0  678  773 
 919  917  878  752  666  744  860  678    0  663 
 898  816  802  807  689  656  787  773  663    0 

   0  925  779 1065  909  641  608  868 1076  785 
 925    0  601 1155 1180  608  999  929  609  880 
 779  601    0  879  949  727  706 1005  926  913 
1065 1155  879    0  658  801  896  971  675 1012 
 909 1180  949  658    0  824  715  618 1043  751 
 641  608  727  801  824    0  962 1047  955  971 
 608  999  706  896  715  962    0 1033 1193  908 
 868  929 1005  971  618 1047 1033    0  629  732 
1076  609  926  675 1043  955 1193  629    0  910 
 785  880  913 1012  751  971  908  732  910    0 

0 372 1049
1 359 854
2 398 824
3 281 826
4 481 887
5 430 807
6 413 1073
7 489 724
8 460 1025
9 670 1075

0 1 4253 6176 1552 
0 8 11317 15416 1838 
0 3 637 3991 1814 
0 3 196 2709 2721 
0 9 4856 7674 3592 
0 8 6221 9018 3676 
0 3 10827 13915 1814 
0 7 6910 10000 2436 
0 2 9295 12239 2754 
0 8 2906 6338 1838 
0 2 701 2336 1836 
0 8 679 3358 3676 
0 3 5916 9451 3628 
0 5 3357 5215 1382 
0 6 11301 12821 1384 
1 8 9880 11402 2751 
1 7 9608 12831 1890 
1 5 3313 5501 2820 
1 4 2443 7139 2768 
1 8 9220 11448 1834 
1 2 9101 10645 3572 
1 4 6810 11046 2076 
1 3 4705 8354 2229 
1 4 7420 10110 1384 
1 5 4281 6664 2115 
1 2 9182 11153 2679 
1 5 2888 4116 2115 
1 9 10384 13226 2448 
1 2 5588 7829 2679 
1 3 4661 8749 1486 
1 9 10123 13352 1632 
1 8 10184 11810 1834 
1 3 5335 9319 2972 
1 0 5237 7197 3104 
1 0 6200 8290 3104 
1 4 8312 12501 2768 
2 0 9471 12446 2754 
2 9 11333 14309 3208 
2 9 2234 5867 3208 
2 7 4595 7157 3628 
2 8 5893 7837 1756 
2 6 3039 5093 2814 
2 6 7298 9260 3752 
2 7 10851 13343 3628 
2 5 5082 7910 1580 
2 6 10957 13159 1876 
2 8 3268 6286 2634 
2 4 9482 11398 2247 
2 6 10127 12400 3752 
2 6 2935 5709 1876 
2 4 2614 6077 2247 
2 3 7219 9926 2948 
2 6 10144 12078 1876 
2 8 2146 5757 2634 
2 5 10630 12403 1580 
2 8 2174 4442 1756 
2 3 11009 13514 1474 
2 8 6327 8512 2634 
2 4 6123 8486 2996 
3 9 2591 5434 2421 
3 1 4301 8181 2229 
3 5 5535 8514 1610 
3 9 1141 3812 2421 
3 4 8345 10417 1953 
3 0 5230 8488 3628 
3 2 9704 12648 2948 
3 4 5635 7569 1953 
3 4 5402 7356 2604 
3 5 11405 13463 3220 
3 8 1631 4223 1504 
3 9 4017 6243 3228 
3 6 2168 4712 1460 
3 7 2764 6337 1802 
3 4 8938 11175 2604 
3 7 186 3118 3604 
3 9 2748 4863 2421 
3 6 5855 8014 1460 
3 9 9115 12110 2421 
3 9 10732 12998 2421 
4 3 6265 7640 1953 
4 8 6982 9203 1332 
4 8 9801 13837 1332 
4 7 10793 13122 2127 
4 9 768 3193 2756 
4 5 6810 9619 1440 
4 3 633 2699 1302 
4 6 2551 5246 3776 
4 6 3304 5384 2832 
4 9 11346 13140 2756 
4 0 5228 8109 2840 
4 7 3177 5290 2127 
4 0 4924 6914 1420 
4 2 5022 8096 2996 
4 3 10049 11944 2604 
4 1 8855 13138 1384 
4 1 9703 12889 1384 
4 0 1894 4884 2130 
4 2 1852 4006 1498 
4 3 5928 7882 2604 
4 7 2655 4162 2836 
4 7 11153 12821 2836 
5 4 3123 5537 1440 
5 9 1595 5469 2624 
5 2 8061 10474 1580 
5 0 5360 6879 1382 
5 0 1058 2859 2073 
5 9 9151 12821 2624 
5 9 990 4184 2624 
5 9 915 3954 2624 
5 8 994 3687 2232 
5 9 4134 6852 2624 
5 9 1683 5139 1968 
5 4 679 3859 1440 
6 9 1472 3315 1574 
6 3 2797 5323 2920 
6 9 5397 7222 1574 
6 3 9467 12603 2190 
6 1 8273 11020 3464 
6 9 240 2482 2361 
6 9 7400 9225 3148 
6 8 6651 10253 1720 
7 1 1207 4774 1260 
7 2 4097 7433 1814 
7 3 1196 4749 1802 
7 8 4668 6278 2712 
7 5 757 3468 3656 
7 4 7360 9121 2127 
7 6 5151 9200 3292 
7 0 122 2726 1624 
7 9 2683 5435 3092 
7 1 6026 8525 2520 
7 0 6368 9388 2436 
7 1 8953 12232 2520 
7 3 10761 14567 2703 
7 9 6742 8733 2319 
7 4 11001 12274 1418 
7 1 10255 12215 1260 
7 6 10278 13170 2469 
7 1 4904 8322 1890 
7 1 841 4083 2520 
7 4 7085 8963 1418 
7 3 5364 7558 2703 
8 2 1819 3754 2634 
8 6 8475 11481 2580 
8 5 9177 12901 1488 
8 7 552 2086 2034 
8 4 877 3818 1332 
8 0 8841 11208 2757 
8 7 2129 3600 2034 
8 4 9271 12702 1332 
8 5 5295 8962 2976 
8 1 9130 10348 3668 
8 1 2251 4248 1834 
8 1 6696 9083 2751 
8 3 4781 6266 2256 
8 7 7396 9031 1356 
8 9 10031 11923 1326 
8 6 8634 13060 1720 
8 4 3269 5813 2664 
8 0 9909 12738 3676 
9 5 583 3699 1968 
9 6 4881 7514 2361 
9 6 724 4001 1574 
9 1 4933 8101 2448 
9 2 6088 9621 3208 
9 4 6318 7835 2067 
9 5 6033 8392 1312 
9 4 6909 9522 1378 
9 4 3090 4614 2067 
9 8 863 3447 1989 

0 1 0 0
0 1 1 0
0 1 2 0
0 1 3 0
0 1 4 0
0 2 0 0
0 2 1 0
0 2 2 0
0 2 3 0
0 2 4 0
0 3 0 0
0 3 1 0
0 3 2 0
0 3 3 0
0 3 4 0
0 4 0 4189
0 4 1 4189
0 4 2 4189
0 4 3 0
0 4 4 0
0 5 0 0
0 5 1 0
0 5 2 0
0 5 3 0
0 5 4 0
0 6 0 4270
0 6 1 4270
0 6 2 4270
0 6 3 0
0 6 4 0
0 7 0 0
0 7 1 0
0 7 2 0
0 7 3 0
0 7 4 0
0 8 0 3034
0 8 1 3034
0 8 2 0
0 8 3 0
0 8 4 0
0 9 0 4701
0 9 1 4701
0 9 2 4701
0 9 3 0
0 9 4 0
1 0 0 0
1 0 1 0
1 0 2 0
1 0 3 0
1 0 4 0
1 2 0 0
1 2 1 0
1 2 2 0
1 2 3 0
1 2 4 0
1 3 0 4263
1 3 1 4263
1 3 2 0
1 3 3 0
1 3 4 0
1 4 0 0
1 4 1 0
1 4 2 0
1 4 3 0
1 4 4 0
1 5 0 0
1 5 1 0
1 5 2 0
1 5 3 0
1 5 4 0
1 6 0 4091
1 6 1 4091
1 6 2 4091
1 6 3 0
1 6 4 0
1 7 0 4829
1 7 1 4829
1 7 2 4829
1 7 3 0
1 7 4 0
1 8 0 3603
1 8 1 3603
1 8 2 3603
1 8 3 0
1 8 4 0
1 9 0 4537
1 9 1 4537
1 9 2 0
1 9 3 0
1 9 4 0
2 0 0 0
2 0 1 0
2 0 2 0
2 0 3 0
2 0 4 0
2 1 0 0
2 1 1 0
2 1 2 0
2 1 3 0
2 1 4 0
2 3 0 0
2 3 1 0
2 3 2 0
2 3 3 0
2 3 4 0
2 4 0 0
2 4 1 0
2 4 2 0
2 4 3 0
2 4 4 0
2 5 0 0
2 5 1 0
2 5 2 0
2 5 3 0
2 5 4 0
2 6 0 0
2 6 1 0
2 6 2 0
2 6 3 0
2 6 4 0
2 7 0 0
2 7 1 0
2 7 2 0
2 7 3 0
2 7 4 0
2 8 0 0
2 8 1 0
2 8 2 0
2 8 3 0
2 8 4 0
2 9 0 0
2 9 1 0
2 9 2 0
2 9 3 0
2 9 4 0
3 0 0 0
3 0 1 0
3 0 2 0
3 0 3 0
3 0 4 0
3 1 0 4263
3 1 1 4263
3 1 2 0
3 1 3 0
3 1 4 0
3 2 0 0
3 2 1 0
3 2 2 0
3 2 3 0
3 2 4 0
3 4 0 0
3 4 1 0
3 4 2 0
3 4 3 0
3 4 4 0
3 5 0 0
3 5 1 0
3 5 2 0
3 5 3 0
3 5 4 0
3 6 0 0
3 6 1 0
3 6 2 0
3 6 3 0
3 6 4 0
3 7 0 0
3 7 1 0
3 7 2 0
3 7 3 0
3 7 4 0
3 8 0 0
3 8 1 0
3 8 2 0
3 8 3 0
3 8 4 0
3 9 0 0
3 9 1 0
3 9 2 0
3 9 3 0
3 9 4 0
4 0 0 4189
4 0 1 4189
4 0 2 4189
4 0 3 0
4 0 4 0
4 1 0 0
4 1 1 0
4 1 2 0
4 1 3 0
4 1 4 0
4 2 0 0
4 2 1 0
4 2 2 0
4 2 3 0
4 2 4 0
4 3 0 0
4 3 1 0
4 3 2 0
4 3 3 0
4 3 4 0
4 5 0 4261
4 5 1 4261
4 5 2 0
4 5 3 0
4 5 4 0
4 6 0 0
4 6 1 0
4 6 2 0
4 6 3 0
4 6 4 0
4 7 0 0
4 7 1 0
4 7 2 0
4 7 3 0
4 7 4 0
4 8 0 4313
4 8 1 4313
4 8 2 0
4 8 3 0
4 8 4 0
4 9 0 4039
4 9 1 4039
4 9 2 0
4 9 3 0
4 9 4 0
5 0 0 0
5 0 1 0
5 0 2 0
5 0 3 0
5 0 4 0
5 1 0 0
5 1 1 0
5 1 2 0
5 1 3 0
5 1 4 0
5 2 0 0
5 2 1 0
5 2 2 0
5 2 3 0
5 2 4 0
5 3 0 0
5 3 1 0
5 3 2 0
5 3 3 0
5 3 4 0
5 4 0 4261
5 4 1 4261
5 4 2 0
5 4 3 0
5 4 4 0
5 6 0 0
5 6 1 0
5 6 2 0
5 6 3 0
5 6 4 0
5 7 0 0
5 7 1 0
5 7 2 0
5 7 3 0
5 7 4 0
5 8 0 0
5 8 1 0
5 8 2 0
5 8 3 0
5 8 4 0
5 9 0 0
5 9 1 0
5 9 2 0
5 9 3 0
5 9 4 0
6 0 0 4270
6 0 1 4270
6 0 2 4270
6 0 3 0
6 0 4 0
6 1 0 4091
6 1 1 4091
6 1 2 4091
6 1 3 0
6 1 4 0
6 2 0 0
6 2 1 0
6 2 2 0
6 2 3 0
6 2 4 0
6 3 0 0
6 3 1 0
6 3 2 0
6 3 3 0
6 3 4 0
6 4 0 0
6 4 1 0
6 4 2 0
6 4 3 0
6 4 4 0
6 5 0 0
6 5 1 0
6 5 2 0
6 5 3 0
6 5 4 0
6 7 0 0
6 7 1 0
6 7 2 0
6 7 3 0
6 7 4 0
6 8 0 4350
6 8 1 4350
6 8 2 4350
6 8 3 0
6 8 4 0
6 9 0 0
6 9 1 0
6 9 2 0
6 9 3 0
6 9 4 0
7 0 0 0
7 0 1 0
7 0 2 0
7 0 3 0
7 0 4 0
7 1 0 4829
7 1 1 4829
7 1 2 4829
7 1 3 0
7 1 4 0
7 2 0 0
7 2 1 0
7 2 2 0
7 2 3 0
7 2 4 0
7 3 0 0
7 3 1 0
7 3 2 0
7 3 3 0
7 3 4 0
7 4 0 0
7 4 1 0
7 4 2 0
7 4 3 0
7 4 4 0
7 5 0 0
7 5 1 0
7 5 2 0
7 5 3 0
7 5 4 0
7 6 0 0
7 6 1 0
7 6 2 0
7 6 3 0
7 6 4 0
7 8 0 0
7 8 1 0
7 8 2 0
7 8 3 0
7 8 4 0
7 9 0 0
7 9 1 0
7 9 2 0
7 9 3 0
7 9 4 0
8 0 0 3034
8 0 1 3034
8 0 2 0
8 0 3 0
8 0 4 0
8 1 0 3603
8 1 1 3603
8 1 2 3603
8 1 3 0
8 1 4 0
8 2 0 0
8 2 1 0
8 2 2 0
8 2 3 0
8 2 4 0
8 3 0 0
8 3 1 0
8 3 2 0
8 3 3 0
8 3 4 0
8 4 0 4313
8 4 1 4313
8 4 2 0
8 4 3 0
8 4 4 0
8 5 0 0
8 5 1 0
8 5 2 0
8 5 3 0
8 5 4 0
8 6 0 4350
8 6 1 4350
8 6 2 4350
8 6 3 0
8 6 4 0
8 7 0 0
8 7 1 0
8 7 2 0
8 7 3 0
8 7 4 0
8 9 0 0
8 9 1 0
8 9 2 0
8 9 3 0
8 9 4 0
9 0 0 4701
9 0 1 4701
9 0 2 4701
9 0 3 0
9 0 4 0
9 1 0 4537
9 1 1 4537
9 1 2 0
9 1 3 0
9 1 4 0
9 2 0 0
9 2 1 0
9 2 2 0
9 2 3 0
9 2 4 0
9 3 0 0
9 3 1 0
9 3 2 0
9 3 3 0
9 3 4 0
9 4 0 4039
9 4 1 4039
9 4 2 0
9 4 3 0
9 4 4 0
9 5 0 0
9 5 1 0
9 5 2 0
9 5 3 0
9 5 4 0
9 6 0 0
9 6 1 0
9 6 2 0
9 6 3 0
9 6 4 0
9 7 0 0
9 7 1 0
9 7 2 0
9 7 3 0
9 7 4 0
9 8 0 0
9 8 1 0
9 8 2 0
9 8 3 0
9 8 4 0

