150 4 24 2573

   0  692  759  675  791  783  829  666  800  889  631  652  803  751  717  921  788  846  938  864  640  687  858  633  892  664  755  878  707  652  888  653  636  711  859  852  931  920  812  850  734  636  771  914  737  795  685  817  693  824  881  835  858  885  700  748  858  808  734  703  855  714  912  922  927  742  820  883  934  665  654  635  728  701  899  827  655  817  797  899  662  650  818  922  822  725  935  782  894  941  761  638  900  768  753  787  820  725  764  738  892  657  662  761  813  689  666  773  692  781  885  725  751  802  905  648  663  732  635  713  757  856  848  632  670  643  919  642  730  713  885  788  674  663  863  749  801  893  776  899  734  704  873  882  768  895  739  881  927  865 
 692    0  825  910  902  726  772  712  725  886  726  642  831  819  831  824  854  864  760  868  864  729  728  798  730  708  737  775  920  917  639  687  634  870  719  878  630  801  719  666  755  854  821  697  731  934  943  741  825  868  877  818  650  667  729  771  741  662  858  843  883  633  681  789  812  878  891  823  875  806  938  669  849  936  694  815  760  696  719  818  690  686  869  683  818  908  775  878  875  820  763  632  695  837  709  704  645  770  710  733  766  818  817  679  840  637  840  746  696  777  666  794  631  721  772  640  851  821  902  638  701  910  665  743  804  822  634  680  673  835  892  648  756  713  760  708  655  830  888  644  716  667  733  780  905  828  721  936  938  765 
 759  825    0  634  895  825  733  869  882  796  900  777  727  878  805  662  710  774  740  644  878  935  863  876  744  746  878  656  670  899  944  923  656  722  881  811  692  653  770  822  860  632  838  899  924  692  820  891  812  804  926  713  723  811  819  905  724  802  738  857  742  717  751  716  824  857  766  770  737  934  674  655  869  695  791  841  806  877  770  646  936  918  741  668  834  760  838  845  666  664  917  901  732  858  670  769  679  835  708  903  838  920  778  925  856  785  684  832  935  722  930  640  814  645  669  927  909  707  827  646  709  814  915  754  757  640  854  893  777  839  772  704  915  899  890  658  860  813  831  869  677  841  732  717  897  833  661  715  748  649 
 675  910  634    0  786  640  783  868  915  768  713  700  927  675  826  825  774  696  631  904  874  873  685  741  683  724  751  648  925  825  780  863  729  915  839  671  788  643  880  840  890  741  872  846  904  705  914  831  935  876  696  753  688  778  831  938  704  858  690  927  784  640  729  789  660  915  821  938  652  814  753  828  866  866  646  929  866  720  911  635  915  654  920  630  667  901  632  911  829  883  738  639  893  882  824  768  638  824  717  741  925  806  882  682  660  789  800  894  668  841  736  765  786  806  907  829  920  920  751  868  732  793  889  703  685  776  871  713  907  802  940  713  660  637  856  646  777  860  908  761  868  646  737  843  681  907  944  758  704  899 
 791  902  895  786    0  660  774  822  665  927  877  910  874  766  935  874  790  736  936  872  732  680  745  869  882  920  642  862  736  678  912  815  636  798  846  900  679  885  690  932  656  702  666  837  882  798  876  941  820  683  942  748  639  736  752  656  746  895  709  721  838  746  764  855  669  916  669  915  794  746  748  665  683  748  927  750  876  719  683  655  652  803  657  853  634  873  829  893  701  639  911  936  763  862  906  859  824  896  823  859  912  897  839  653  745  778  683  698  704  649  905  908  796  873  704  840  737  685  926  826  812  662  642  807  716  742  659  655  698  728  715  920  785  836  933  672  924  876  638  810  936  809  911  768  860  779  861  794  741  797 
 783  726  825  640  660    0  718  731  861  940  941  661  674  785  686  771  889  775  785  726  882  751  773  875  736  869  930  671  630  859  755  661  873  775  658  865  830  656  638  651  730  880  733  906  674  854  781  879  823  875  914  632  797  908  803  855  742  710  836  865  813  851  920  758  931  885  641  634  637  735  835  703  703  924  901  754  848  878  830  712  650  939  751  747  825  726  920  632  929  704  656  821  713  915  677  684  887  903  822  740  826  942  943  773  811  650  853  771  768  882  779  738  883  636  658  930  723  933  782  905  745  935  757  676  885  641  666  776  686  684  646  923  864  644  648  815  857  647  670  664  723  636  656  841  879  661  753  834  635  780 
 829  772  733  783  774  718    0  752  889  673  939  653  936  704  944  939  815  659  822  901  710  633  872  680  881  720  645  866  819  747  642  894  707  695  829  927  799  797  864  650  826  932  647  887  644  896  938  717  675  908  697  891  638  701  817  887  758  674  765  738  786  671  814  743  696  782  754  819  927  862  889  683  703  900  688  809  781  671  755  848  910  646  740  936  699  791  717  897  657  753  909  636  810  685  880  769  644  722  726  789  787  908  671  830  930  652  840  793  847  918  923  704  928  782  808  790  651  681  894  720  854  759  706  663  907  759  908  707  752  807  805  650  632  769  706  821  707  653  939  663  743  679  791  673  811  685  859  940  644  881 
 666  712  869  868  822  731  752    0  774  757  757  896  856  674  832  634  773  662  700  790  829  908  817  670  631  789  915  834  918  645  750  694  718  900  757  775  909  672  893  704  838  870  792  801  828  934  775  744  727  827  855  797  697  897  825  899  814  637  913  862  783  724  919  790  846  673  691  908  748  938  770  815  691  677  848  825  846  843  651  662  775  836  724  730  708  668  830  910  723  641  779  834  936  633  744  917  757  926  636  708  878  871  662  690  944  820  888  768  857  801  792  670  696  720  849  878  939  654  788  847  864  868  684  887  908  847  758  753  739  794  692  833  925  637  705  820  734  764  634  832  922  684  663  830  670  921  885  677  891  742 
 800  725  882  915  665  861  889  774    0  740  925  892  799  856  635  938  935  918  709  854  732  725  729  918  796  817  846  851  664  830  656  843  746  739  941  639  658  902  886  793  886  776  832  834  668  663  704  711  896  656  944  911  663  678  913  653  707  675  793  883  790  742  907  813  699  636  889  921  855  715  775  631  819  789  929  809  740  815  854  638  789  717  764  812  891  882  673  925  774  671  770  838  829  634  765  820  650  686  655  667  895  859  647  783  665  718  755  691  770  852  924  881  757  690  798  844  860  808  665  748  838  932  645  788  879  867  721  886  762  655  910  688  907  691  861  764  935  906  826  743  876  681  845  735  695  867  833  753  716  631 
 889  886  796  768  927  940  673  757  740    0  664  780  827  761  684  881  786  926  759  831  678  720  837  911  749  889  933  792  647  844  836  695  649  940  918  832  915  654  699  668  695  923  859  803  749  769  918  721  810  693  895  864  733  813  635  727  710  654  758  852  797  710  845  657  683  762  909  937  835  806  656  804  789  766  859  684  683  716  815  940  641  762  937  932  712  936  910  861  798  828  634  699  866  767  678  828  722  936  667  913  918  914  705  820  755  882  695  683  783  739  879  657  682  866  768  787  803  865  756  851  828  770  921  782  744  737  881  843  897  754  722  671  750  631  938  771  736  818  769  835  664  764  741  658  800  791  666  853  935  768 
 631  726  900  713  877  941  939  757  925  664    0  936  639  668  852  822  711  703  734  814  738  781  837  771  852  638  633  884  793  659  832  944  924  642  774  753  872  921  748  653  703  825  902  709  870  904  890  868  772  800  937  850  633  672  654  894  915  637  739  790  772  826  637  843  819  806  843  696  648  748  690  865  940  886  633  678  687  936  790  709  714  829  666  825  705  927  661  919  708  890  833  671  707  677  642  807  770  670  795  769  697  682  664  851  661  673  689  880  897  881  858  732  686  675  902  654  926  743  790  776  782  674  889  915  630  676  700  921  817  808  865  903  862  901  786  894  930  758  925  814  806  920  827  752  914  940  809  944  691  636 
 652  642  777  700  910  661  653  896  892  780  936    0  719  782  832  907  651  750  687  744  764  739  742  892  727  814  732  696  941  707  699  847  630  696  743  699  830  667  748  715  880  829  756  901  845  680  941  720  866  741  771  877  855  824  731  697  774  935  635  724  765  737  871  729  770  788  806  883  791  770  875  752  768  758  670  640  705  638  636  875  795  886  859  816  753  885  729  700  823  817  944  757  630  844  867  899  806  849  859  941  668  808  823  936  802  651  714  929  830  895  798  646  732  639  686  732  942  698  766  827  793  717  881  651  638  687  800  667  894  666  820  766  850  906  812  918  782  811  911  723  931  813  801  658  726  809  711  843  755  749 
 803  831  727  927  874  674  936  856  799  827  639  719    0  936  756  676  672  667  653  681  937  889  690  670  775  716  923  841  669  813  740  907  662  762  935  753  779  721  643  904  690  824  825  827  678  793  887  856  781  936  778  720  746  771  760  753  822  643  831  857  687  910  829  796  680  759  670  777  641  732  748  844  915  686  756  938  805  922  759  853  915  812  796  789  641  806  724  929  851  774  898  881  710  921  766  796  767  870  706  923  636  755  880  831  943  669  780  645  911  709  915  895  714  768  891  700  885  815  859  741  682  722  703  658  869  753  830  709  909  805  920  877  753  796  709  916  942  906  822  841  865  893  732  650  835  720  669  637  900  672 
 751  819  878  675  766  785  704  674  856  761  668  782  936    0  863  739  837  828  822  637  759  709  745  725  864  686  659  725  762  939  917  904  842  663  868  902  919  716  930  827  743  657  780  894  781  670  844  937  645  860  653  727  657  850  944  788  775  700  921  925  816  720  711  705  649  863  679  932  767  746  714  939  636  657  677  874  746  845  667  792  786  691  637  897  636  697  688  923  872  809  897  784  833  692  941  905  766  927  712  797  832  694  640  900  766  879  862  690  738  696  898  799  752  873  630  909  824  778  884  942  823  722  793  926  806  862  634  932  726  680  894  744  650  670  721  702  858  918  940  859  799  731  942  880  757  795  907  890  811  769 
 717  831  805  826  935  686  944  832  635  684  852  832  756  863    0  939  695  691  886  898  801  826  685  809  909  772  642  888  810  793  854  711  717  705  770  926  712  730  934  886  727  771  864  880  742  889  737  666  782  630  844  632  874  720  635  647  729  915  792  783  765  653  878  774  797  793  831  909  917  722  697  916  751  834  639  654  767  795  822  894  914  852  879  758  769  726  645  701  681  925  876  716  788  634  770  834  847  766  928  758  657  747  797  666  803  758  665  729  702  664  936  642  872  732  713  858  789  850  721  944  816  656  702  928  829  924  939  899  856  643  674  713  740  829  788  791  812  746  656  755  692  718  733  890  862  642  767  909  705  842 
 921  824  662  825  874  771  939  634  938  881  822  907  676  739  939    0  934  807  943  661  800  770  903  822  942  737  887  853  696  787  830  780  649  751  796  773  703  755  641  934  928  819  824  737  917  636  664  870  839  758  642  643  836  637  795  663  731  816  786  644  737  749  652  782  724  730  834  885  658  840  834  739  714  631  792  908  818  808  919  842  659  681  831  674  853  685  678  856  639  750  775  891  650  790  631  802  839  683  787  889  785  899  711  893  937  926  878  851  804  687  828  766  725  890  925  937  688  813  818  633  778  851  842  690  668  822  651  878  881  928  900  671  772  863  717  672  635  784  943  928  687  878  786  713  802  814  742  714  853  711 
 788  854  710  774  790  889  815  773  935  786  711  651  672  837  695  934    0  908  881  699  893  745  775  777  871  673  812  795  642  869  842  715  785  765  686  832  657  637  667  648  805  650  833  737  910  808  658  709  760  742  673  652  726  630  695  742  706  739  796  646  935  775  813  796  770  826  675  715  737  924  919  651  916  642  746  770  761  766  846  923  799  810  729  673  889  720  728  709  827  654  782  875  820  801  712  633  692  649  766  829  676  665  728  733  781  767  750  911  676  671  820  692  741  739  915  867  763  697  885  929  829  930  826  722  929  864  746  861  816  687  870  831  827  668  796  681  700  784  927  933  704  664  821  856  901  863  856  786  749  636 
 846  864  774  696  736  775  659  662  918  926  703  750  667  828  691  807  908    0  654  741  752  895  712  796  757  667  867  640  859  845  649  799  686  889  944  702  717  864  811  683  678  932  851  766  713  652  882  681  694  674  842  874  667  912  637  825  782  931  831  775  943  781  785  873  766  719  769  745  656  916  940  702  822  829  687  792  635  913  773  904  828  730  776  835  749  772  889  926  644  871  747  877  936  875  797  647  715  911  888  841  719  640  680  702  797  718  819  739  917  644  708  932  842  784  791  861  630  682  860  680  673  744  827  654  786  636  882  732  897  705  745  800  876  731  756  756  673  733  847  840  908  810  937  938  820  921  684  640  930  914 
 938  760  740  631  936  785  822  700  709  759  734  687  653  822  886  943  881  654    0  676  682  661  860  729  832  854  915  709  876  793  673  800  799  882  724  676  712  894  755  781  739  686  874  851  869  921  649  638  859  818  880  840  659  783  697  805  943  934  742  656  913  926  845  644  813  850  853  682  814  744  754  715  816  715  708  866  753  758  833  923  746  766  704  682  730  667  732  876  936  884  803  862  754  934  715  900  863  681  808  768  757  835  794  815  883  900  884  840  691  642  825  924  830  719  891  876  792  665  890  821  820  681  932  899  687  872  768  679  748  671  659  696  931  918  677  684  844  938  778  701  873  668  701  759  806  678  770  899  811  865 
 864  868  644  904  872  726  901  790  854  831  814  744  681  637  898  661  699  741  676    0  870  934  685  659  706  748  783  862  657  767  676  857  892  631  879  803  935  654  668  885  824  795  924  662  916  916  749  731  699  637  822  817  755  940  715  933  745  793  870  778  711  753  896  757  790  797  828  725  898  806  725  896  868  898  866  881  761  731  794  757  803  678  639  784  725  659  840  742  784  845  860  896  739  636  828  884  675  879  799  671  939  682  840  898  865  874  815  686  849  847  879  666  643  745  780  793  706  910  760  683  658  798  735  643  913  782  899  901  930  641  873  688  862  843  907  866  820  654  633  800  943  750  669  795  810  639  899  935  713  732 
 640  864  878  874  732  882  710  829  732  678  738  764  937  759  801  800  893  752  682  870    0  890  773  890  644  874  769  879  715  673  850  786  871  888  922  891  657  897  878  844  890  889  740  875  931  879  923  716  871  723  766  831  802  761  822  833  757  784  831  668  659  732  884  776  850  788  653  665  848  875  771  801  738  678  757  868  716  714  908  795  764  690  862  908  921  635  700  862  937  699  801  704  925  794  876  909  899  871  808  873  632  649  777  938  692  723  850  912  761  720  675  933  672  689  929  880  667  836  676  796  792  918  719  854  939  658  815  641  780  927  810  690  891  753  882  655  680  887  786  763  856  886  871  767  714  682  752  764  645  833 
 687  729  935  873  680  751  633  908  725  720  781  739  889  709  826  770  745  895  661  934  890    0  778  867  918  869  708  763  845  834  741  754  645  794  819  656  681  844  855  670  719  811  723  888  875  668  643  657  774  721  834  635  897  798  809  721  746  703  654  763  878  653  797  843  729  717  715  719  717  665  830  857  917  844  903  875  764  847  792  721  806  919  788  677  923  669  641  750  723  942  841  658  710  780  867  930  717  704  820  638  856  663  742  841  810  755  698  720  859  711  938  847  851  863  649  809  921  772  856  766  750  647  668  637  715  690  930  768  685  829  858  834  702  736  884  635  655  732  826  815  649  870  776  673  703  820  834  732  861  884 
 858  728  863  685  745  773  872  817  729  837  837  742  690  745  685  903  775  712  860  685  773  778    0  866  679  807  815  894  638  728  895  725  834  788  632  680  896  907  864  699  655  781  733  812  668  943  790  715  875  874  844  894  849  799  871  768  783  646  646  770  712  659  720  697  725  944  675  802  795  923  774  655  773  663  766  887  822  744  931  924  934  699  743  759  704  854  673  763  815  701  685  893  637  804  828  736  768  844  634  895  898  912  931  670  915  788  637  752  641  712  886  714  739  839  717  785  848  914  922  792  920  879  908  675  922  932  715  818  729  865  924  713  699  804  904  741  805  778  832  797  829  638  664  711  883  786  737  749  669  639 
 633  798  876  741  869  875  680  670  918  911  771  892  670  725  809  822  777  796  729  659  890  867  866    0  767  910  687  843  747  872  881  864  876  687  752  864  756  711  714  926  671  924  842  653  679  877  892  704  651  711  773  734  832  827  884  705  706  889  724  647  677  733  874  823  643  777  767  745  683  786  934  728  924  753  892  823  818  903  753  867  676  869  846  638  828  657  708  919  677  941  770  747  898  851  681  795  676  676  780  835  722  930  758  689  845  773  898  832  733  889  715  828  668  817  659  855  927  889  717  852  687  682  664  733  790  642  809  853  784  673  863  887  942  887  640  756  656  650  876  941  919  907  843  707  933  872  815  859  767  684 
 892  730  744  683  882  736  881  631  796  749  852  727  775  864  909  942  871  757  832  706  644  918  679  767    0  922  800  836  795  925  884  712  852  900  823  834  814  863  745  886  791  784  912  943  789  935  841  697  809  661  676  914  817  722  866  713  845  766  804  655  755  902  641  812  743  658  942  782  918  703  642  793  871  849  634  841  690  935  641  717  834  699  687  765  821  802  817  896  684  747  677  730  743  667  761  693  897  826  861  673  883  690  894  674  790  882  709  775  912  810  820  761  670  656  778  721  821  638  755  890  857  781  933  744  725  665  832  647  743  653  665  924  681  918  637  921  936  692  747  662  817  910  696  712  710  895  727  775  830  816 
 664  708  746  724  920  869  720  789  817  889  638  814  716  686  772  737  673  667  854  748  874  869  807  910  922    0  803  641  843  897  918  808  725  801  832  736  710  717  816  789  678  900  642  754  803  815  761  783  792  681  914  822  801  942  727  678  928  746  833  846  813  859  671  758  865  733  818  795  677  732  894  863  690  881  839  729  937  896  840  869  665  639  939  803  874  715  728  917  667  860  803  677  714  839  640  870  690  849  926  725  933  805  894  846  936  852  910  850  687  674  837  760  670  711  635  762  927  824  755  765  926  723  758  644  876  760  714  825  802  650  738  836  881  806  891  871  737  912  934  896  750  906  667  654  802  925  882  883  721  716 
 755  737  878  751  642  930  645  915  846  933  633  732  923  659  642  887  812  867  915  783  769  708  815  687  800  803    0  916  847  770  926  811  728  792  642  866  728  900  664  876  869  645  701  704  800  797  887  742  702  634  851  663  842  824  744  748  786  746  844  753  932  923  886  832  640  935  892  818  740  786  882  749  658  743  820  880  915  927  701  899  834  867  802  919  750  869  661  665  826  914  821  868  851  917  719  798  830  944  719  698  812  665  730  811  728  820  646  774  938  698  678  761  665  809  814  640  830  866  944  782  777  914  944  646  843  697  940  736  872  837  694  716  637  781  656  659  768  923  684  770  652  721  892  720  913  840  684  713  663  811 
 878  775  656  648  862  671  866  834  851  792  884  696  841  725  888  853  795  640  709  862  879  763  894  843  836  641  916    0  651  744  833  833  651  819  893  904  870  756  732  719  830  843  943  870  883  894  827  851  882  704  903  733  872  932  785  781  941  823  853  760  839  866  939  829  721  630  764  673  873  749  760  777  890  803  638  724  763  939  749  818  651  786  680  868  850  695  846  856  932  747  829  876  740  630  803  825  750  669  935  818  759  673  778  631  744  725  928  850  669  938  743  766  712  700  655  694  836  635  786  730  698  645  711  755  915  840  847  823  737  634  675  644  706  876  666  926  933  822  867  876  735  784  799  756  631  828  641  825  906  819 
 707  920  670  925  736  630  819  918  664  647  793  941  669  762  810  696  642  859  876  657  715  845  638  747  795  843  847  651    0  694  773  691  767  736  711  763  788  927  908  746  638  941  787  688  849  700  835  858  737  878  851  862  768  661  905  685  678  808  681  895  779  723  824  803  801  855  806  702  827  690  925  916  876  849  702  748  788  938  850  910  833  808  868  726  650  801  779  886  798  809  709  731  753  802  785  682  834  821  877  895  735  782  805  861  641  871  888  682  641  865  909  940  927  925  821  694  860  795  656  724  866  685  802  738  736  935  638  691  720  764  849  676  676  683  854  873  937  934  644  690  767  685  719  889  904  907  648  908  675  647 
 652  917  899  825  678  859  747  645  830  844  659  707  813  939  793  787  869  845  793  767  673  834  728  872  925  897  770  744  694    0  901  695  934  857  937  663  806  907  751  663  703  904  708  673  914  892  845  716  897  709  935  734  655  683  700  766  731  871  708  639  707  717  675  760  843  882  844  673  800  862  646  788  792  888  837  675  831  712  936  854  730  905  891  858  814  895  721  657  781  657  796  809  695  849  826  941  808  729  659  697  638  730  857  723  749  783  764  871  849  806  741  871  677  720  691  857  880  821  723  734  861  849  776  857  776  941  683  722  836  739  911  729  635  842  729  835  754  713  715  877  811  655  891  767  787  717  909  934  903  659 
 888  639  944  780  912  755  642  750  656  836  832  699  740  917  854  830  842  649  673  676  850  741  895  881  884  918  926  833  773  901    0  726  919  845  812  931  910  854  669  905  913  658  713  936  840  866  642  648  939  726  899  676  725  675  751  829  930  837  879  914  735  677  703  832  921  730  654  649  878  900  723  686  839  746  845  784  892  859  930  748  936  679  674  736  812  762  722  732  872  707  661  803  928  713  667  907  818  852  864  689  740  658  933  843  855  695  776  911  789  852  685  632  776  695  744  717  696  854  915  831  824  655  831  744  688  656  682  897  784  725  741  913  871  893  891  722  742  809  862  891  851  835  851  892  850  944  903  860  634  816 
 653  687  923  863  815  661  894  694  843  695  944  847  907  904  711  780  715  799  800  857  786  754  725  864  712  808  811  833  691  695  726    0  797  805  771  708  691  678  847  857  634  827  743  859  928  648  778  883  904  670  693  833  890  693  849  889  898  660  634  718  752  831  649  900  869  753  787  665  856  925  730  809  806  789  717  906  897  870  680  910  710  806  653  919  740  696  938  852  659  706  661  659  891  702  833  811  768  826  709  695  783  632  691  690  923  652  789  928  820  753  870  716  778  717  664  652  692  708  725  653  695  935  898  863  745  637  729  636  827  631  759  768  923  919  851  793  802  683  816  716  639  792  780  772  694  659  824  665  773  944 
 636  634  656  729  636  873  707  718  746  649  924  630  662  842  717  649  785  686  799  892  871  645  834  876  852  725  728  651  767  934  919  797    0  835  910  700  693  768  848  753  851  926  881  835  811  925  893  890  777  775  832  637  897  724  802  664  942  871  636  764  693  703  706  785  741  729  753  752  676  709  876  825  716  794  843  658  809  650  874  683  847  751  916  720  767  836  844  700  933  709  934  729  927  870  909  918  783  867  667  707  714  941  938  941  931  765  862  885  781  710  893  682  895  802  938  770  790  934  883  896  862  927  776  742  631  722  880  821  888  866  866  805  709  792  818  823  704  691  715  898  671  707  893  726  794  742  858  910  908  872 
 711  870  722  915  798  775  695  900  739  940  642  696  762  663  705  751  765  889  882  631  888  794  788  687  900  801  792  819  736  857  845  805  835    0  724  896  926  943  919  698  702  698  926  830  634  723  738  733  643  632  673  931  893  837  889  802  770  636  913  735  776  768  700  722  831  889  897  697  768  903  636  912  861  665  784  756  943  827  663  885  893  908  759  842  860  899  703  787  874  863  737  702  873  838  902  791  655  680  731  717  719  704  858  811  936  890  925  790  922  719  797  803  654  880  758  861  677  662  791  789  805  921  858  709  841  685  717  858  887  659  914  809  909  634  698  857  793  761  943  889  702  938  749  736  782  831  759  704  810  941 
 859  719  881  839  846  658  829  757  941  918  774  743  935  868  770  796  686  944  724  879  922  819  632  752  823  832  642  893  711  937  812  771  910  724    0  637  846  811  720  926  904  871  730  722  728  821  671  938  923  891  766  903  637  712  716  826  760  800  861  830  672  938  807  930  838  863  726  718  739  897  886  646  883  879  865  656  910  819  650  685  743  928  924  767  767  750  942  640  846  879  876  805  705  875  636  887  842  823  667  671  652  833  842  752  649  892  724  631  755  649  923  766  680  751  683  879  683  701  751  853  707  678  841  817  679  723  821  632  691  760  873  814  854  768  751  797  908  672  680  834  927  816  635  910  919  768  664  680  848  765 
 852  878  811  671  900  865  927  775  639  832  753  699  753  902  926  773  832  702  676  803  891  656  680  864  834  736  866  904  763  663  931  708  700  896  637    0  817  725  933  649  658  804  842  719  718  889  748  839  876  933  727  639  838  736  869  722  840  918  915  942  893  925  758  877  915  931  851  905  918  895  915  677  658  752  877  829  689  871  844  642  637  888  695  756  770  915  755  648  782  911  939  740  687  703  841  692  648  906  678  860  941  789  783  743  915  743  879  811  862  827  864  803  789  630  941  886  940  806  882  782  764  937  642  944  660  838  636  894  700  883  710  736  822  878  720  892  643  937  677  800  812  757  785  756  806  789  788  876  866  905 
 931  630  692  788  679  830  799  909  658  915  872  830  779  919  712  703  657  717  712  935  657  681  896  756  814  710  728  870  788  806  910  691  693  926  846  817    0  690  897  843  872  690  781  895  747  944  645  730  939  766  739  921  743  679  941  705  919  852  708  825  761  673  664  865  847  883  652  766  847  658  856  814  674  902  830  934  882  754  759  804  879  766  843  710  689  707  789  786  713  763  827  643  684  656  745  913  647  703  845  648  661  693  900  876  707  846  800  712  810  723  880  749  927  684  754  692  793  909  721  663  690  815  913  700  768  939  675  656  781  740  910  880  778  798  736  675  753  805  785  864  820  931  726  781  744  907  928  818  886  849 
 920  801  653  643  885  656  797  672  902  654  921  667  721  716  730  755  637  864  894  654  897  844  907  711  863  717  900  756  927  907  854  678  768  943  811  725  690    0  795  795  706  852  776  889  709  876  855  819  932  634  684  675  735  721  765  883  709  821  663  853  944  921  729  883  704  635  923  804  867  802  826  794  667  803  645  873  901  839  800  943  887  724  737  882  814  942  838  674  838  710  687  844  699  645  751  792  938  716  711  762  725  801  700  661  893  674  821  703  891  638  731  669  823  796  742  864  715  747  901  871  869  668  871  773  902  735  754  650  723  827  646  878  855  645  708  789  831  863  732  807  915  799  653  633  684  713  790  700  867  756 
 812  719  770  880  690  638  864  893  886  699  748  748  643  930  934  641  667  811  755  668  878  855  864  714  745  816  664  732  908  751  669  847  848  919  720  933  897  795    0  643  812  913  665  698  638  903  660  766  673  663  711  846  785  762  836  913  707  642  908  837  786  667  686  940  632  796  755  724  846  821  730  785  849  849  737  658  865  753  898  897  838  812  819  887  828  668  705  804  651  857  731  720  903  870  649  813  831  943  921  777  894  837  821  876  785  651  707  702  657  881  776  720  907  685  765  723  803  887  924  919  939  866  655  683  903  735  828  805  870  669  708  647  844  640  631  843  815  647  766  841  897  862  924  809  684  800  825  722  901  844 
 850  666  822  840  932  651  650  704  793  668  653  715  904  827  886  934  648  683  781  885  844  670  699  926  886  789  876  719  746  663  905  857  753  698  926  649  843  795  643    0  648  898  703  741  762  793  916  835  806  918  757  861  910  726  761  637  797  696  900  659  882  871  656  676  805  875  709  829  767  681  753  701  709  811  734  940  900  866  835  845  877  902  913  903  860  855  787  716  750  852  779  879  780  655  650  670  915  732  646  831  728  807  706  662  748  772  640  764  683  813  941  863  771  902  888  892  885  651  846  804  644  842  862  940  914  765  730  678  870  872  870  933  930  749  865  732  790  695  729  833  743  934  663  743  635  852  931  693  787  751 
 734  755  860  890  656  730  826  838  886  695  703  880  690  743  727  928  805  678  739  824  890  719  655  671  791  678  869  830  638  703  913  634  851  702  904  658  872  706  812  648    0  932  944  718  922  739  882  852  908  827  880  690  929  896  728  727  857  798  653  654  855  768  920  848  655  747  717  668  725  750  873  732  910  778  927  642  781  672  832  864  870  643  944  784  635  935  821  819  635  760  895  826  681  917  857  855  750  781  802  859  924  767  814  685  656  867  930  817  837  706  656  690  843  887  916  686  731  650  639  712  899  792  728  649  922  783  880  687  812  730  764  936  636  835  934  656  880  786  907  760  938  640  639  761  755  782  918  661  767  741 
 636  854  632  741  702  880  932  870  776  923  825  829  824  657  771  819  650  932  686  795  889  811  781  924  784  900  645  843  941  904  658  827  926  698  871  804  690  852  913  898  932    0  637  630  674  677  782  772  859  687  675  660  816  647  775  728  746  894  778  759  933  842  883  712  700  685  816  657  943  905  836  712  698  700  704  882  638  930  792  698  773  700  943  868  837  658  766  755  909  662  911  859  904  797  655  649  779  782  667  654  899  933  651  943  876  763  828  890  899  860  923  916  718  664  897  828  687  656  735  677  887  854  728  899  642  793  726  668  934  670  707  802  786  659  719  890  776  901  749  811  725  817  750  759  828  822  779  796  907  926 
 771  821  838  872  666  733  647  792  832  859  902  756  825  780  864  824  833  851  874  924  740  723  733  842  912  642  701  943  787  708  713  743  881  926  730  842  781  776  665  703  944  637    0  776  870  841  708  943  899  697  742  717  907  720  787  896  901  861  863  853  808  918  855  925  851  698  909  909  905  670  860  895  774  856  889  728  830  684  796  807  665  762  638  658  656  704  684  644  848  845  856  936  705  921  771  920  699  872  705  831  815  862  848  689  841  897  681  856  775  707  829  867  687  916  855  666  861  883  656  688  921  830  648  631  691  833  861  736  716  727  768  655  697  817  646  640  846  871  811  842  686  691  902  837  907  691  927  918  643  723 
 914  697  899  846  837  906  887  801  834  803  709  901  827  894  880  737  737  766  851  662  875  888  812  653  943  754  704  870  688  673  936  859  835  830  722  719  895  889  698  741  718  630  776    0  727  910  853  689  637  921  926  760  799  730  742  791  820  922  815  666  790  664  723  671  940  767  917  771  874  813  717  639  761  734  795  721  706  653  756  666  692  680  722  893  634  736  689  698  660  690  900  943  657  749  791  919  810  799  667  858  681  658  861  761  656  777  916  795  791  875  848  801  723  740  724  873  820  639  842  820  782  639  733  670  637  675  813  725  859  877  783  648  674  932  885  823  685  831  675  656  633  776  763  869  757  760  705  722  641  742 
 737  731  924  904  882  674  644  828  668  749  870  845  678  781  742  917  910  713  869  916  931  875  668  679  789  803  800  883  849  914  840  928  811  634  728  718  747  709  638  762  922  674  870  727    0  651  636  829  922  843  850  895  903  641  862  656  688  917  833  631  716  748  678  683  764  794  705  893  840  874  740  870  776  843  872  694  781  879  669  837  815  850  656  717  722  830  922  816  940  811  924  722  733  773  876  874  851  792  797  753  721  678  671  933  919  764  890  736  899  807  875  899  941  802  935  742  756  756  894  757  869  915  850  900  852  751  791  933  803  889  869  725  777  678  691  855  766  792  729  900  680  730  676  902  734  818  723  721  775  821 
 795  934  692  705  798  854  896  934  663  769  904  680  793  670  889  636  808  652  921  916  879  668  943  877  935  815  797  894  700  892  866  648  925  723  821  889  944  876  903  793  739  677  841  910  651    0  830  912  703  810  922  861  675  881  825  938  714  772  932  761  803  848  888  666  911  702  723  770  724  721  817  790  657  759  694  829  936  878  870  873  786  788  881  717  872  772  812  714  786  842  767  910  682  917  828  764  779  678  688  638  777  931  873  907  937  901  667  660  833  838  926  910  864  904  882  944  903  785  685  810  633  924  849  659  680  696  758  683  806  649  800  898  668  931  797  733  927  661  848  846  797  722  662  773  814  660  852  859  941  697 
 685  943  820  914  876  781  938  775  704  918  890  941  887  844  737  664  658  882  649  749  923  643  790  892  841  761  887  827  835  845  642  778  893  738  671  748  645  855  660  916  882  782  708  853  636  830    0  752  895  937  932  806  832  843  698  713  672  889  641  695  724  920  719  646  779  694  774  898  841  883  919  771  888  854  895  774  806  924  693  799  723  837  880  652  764  657  891  784  738  666  735  737  655  879  669  839  665  699  795  875  795  942  651  770  857  703  651  718  880  874  720  648  767  848  820  788  808  633  695  834  667  828  786  704  666  919  938  650  754  859  702  895  643  893  784  865  941  742  914  837  937  893  802  874  924  910  918  757  765  724 
 817  741  891  831  941  879  717  744  711  721  868  720  856  937  666  870  709  681  638  731  716  657  715  704  697  783  742  851  858  716  648  883  890  733  938  839  730  819  766  835  852  772  943  689  829  912  752    0  855  817  929  869  749  797  833  864  787  657  832  831  818  867  688  742  710  734  892  830  886  738  917  827  733  838  886  742  775  806  844  654  638  754  831  677  932  655  644  928  835  907  766  703  652  760  706  865  811  760  830  897  770  717  858  935  691  937  708  764  703  631  676  857  943  737  702  846  820  936  645  778  841  904  831  918  696  942  841  800  940  756  649  637  853  857  840  921  931  707  864  842  773  654  943  894  885  639  936  805  892  813 
 693  825  812  935  820  823  675  727  896  810  772  866  781  645  782  839  760  694  859  699  871  774  875  651  809  792  702  882  737  897  939  904  777  643  923  876  939  932  673  806  908  859  899  637  922  703  895  855    0  816  775  943  830  737  767  904  919  707  774  712  635  636  756  894  678  737  884  864  704  630  930  827  707  810  735  885  719  768  667  763  788  900  749  723  655  909  864  696  889  944  795  765  684  841  807  686  713  803  684  900  917  943  734  775  742  795  712  843  689  750  640  775  805  710  912  818  731  908  649  801  826  670  931  858  663  757  706  773  649  739  890  901  817  923  680  930  766  859  651  728  644  897  701  705  914  794  925  642  880  680 
 824  868  804  876  683  875  908  827  656  693  800  741  936  860  630  758  742  674  818  637  723  721  874  711  661  681  634  704  878  709  726  670  775  632  891  933  766  634  663  918  827  687  697  921  843  810  937  817  816    0  893  794  796  684  707  855  711  923  783  820  866  643  889  826  867  728  648  742  868  725  725  885  762  667  891  718  897  816  851  671  660  895  876  934  924  906  679  661  731  659  805  869  895  703  778  691  684  896  886  676  909  828  907  823  670  856  713  753  632  820  821  796  668  705  902  636  776  703  836  932  700  662  933  739  654  860  726  916  890  791  792  644  814  732  905  734  721  779  670  831  714  644  746  694  938  930  724  636  660  783 
 881  877  926  696  942  914  697  855  944  895  937  771  778  653  844  642  673  842  880  822  766  834  844  773  676  914  851  903  851  935  899  693  832  673  766  727  739  684  711  757  880  675  742  926  850  922  932  929  775  893    0  637  790  690  733  793  653  746  801  689  743  631  792  803  652  919  715  857  903  685  745  745  728  843  821  899  749  659  896  801  818  939  687  857  730  837  766  709  888  944  646  662  743  698  729  772  763  686  824  941  747  753  841  669  927  831  694  723  785  655  943  734  821  791  635  795  667  734  744  753  884  766  879  756  630  698  840  663  825  920  857  805  705  864  936  879  744  858  645  665  708  888  870  817  681  746  633  754  933  671 
 835  818  713  753  748  632  891  797  911  864  850  877  720  727  632  643  652  874  840  817  831  635  894  734  914  822  663  733  862  734  676  833  637  931  903  639  921  675  846  861  690  660  717  760  895  861  806  869  943  794  637    0  704  785  760  758  818  831  830  940  789  808  748  911  686  798  656  722  637  639  816  887  805  937  827  777  869  813  829  779  769  818  645  723  777  733  738  906  779  830  878  894  660  678  839  678  922  733  892  756  908  859  928  939  764  889  882  758  879  859  819  936  874  831  935  702  860  927  798  657  887  755  741  708  895  795  872  633  651  794  825  824  877  642  942  820  816  891  703  700  936  865  929  728  880  695  775  834  919  807 
 858  650  723  688  639  797  638  697  663  733  633  855  746  657  874  836  726  667  659  755  802  897  849  832  817  801  842  872  768  655  725  890  897  893  637  838  743  735  785  910  929  816  907  799  903  675  832  749  830  796  790  704    0  665  786  671  711  738  937  797  771  678  940  931  631  885  860  727  749  782  711  710  771  831  902  830  824  873  670  784  742  797  793  694  874  796  907  711  881  675  639  662  645  799  902  707  909  654  906  689  753  785  893  898  739  935  761  763  796  777  739  660  730  781  942  940  723  777  681  710  882  726  853  880  838  921  850  882  797  725  732  792  924  731  760  657  773  765  729  667  937  825  672  671  800  875  807  923  690  889 
