20 4 24 358

   0  828  907  848  708  882  822  741  677  652  923  853  832  859  920  912  800  847  789  924 
 828    0  739  641  650  647  651  700  776  826  883  827  908  815  674  646  850  933  878  724 
 907  739    0  791  802  755  942  894  636  729  643  774  876  634  647  896  885  841  749  884 
 848  641  791    0  793  703  705  846  735  662  802  731  873  832  743  941  819  921  886  843 
 708  650  802  793    0  637  858  878  863  824  730  885  793  825  653  701  895  787  706  881 
 882  647  755  703  637    0  859  766  633  770  902  772  756  892  792  705  897  700  848  883 
 822  651  942  705  858  859    0  651  694  794  760  728  930  663  636  653  845  667  732  630 
 741  700  894  846  878  766  651    0  786  794  889  827  851  768  632  867  944  827  662  719 
 677  776  636  735  863  633  694  786    0  865  823  788  657  813  931  635  903  815  886  805 
 652  826  729  662  824  770  794  794  865    0  812  700  856  637  721  806  808  662  701  780 
 923  883  643  802  730  902  760  889  823  812    0  704  905  804  901  876  862  934  711  891 
 853  827  774  731  885  772  728  827  788  700  704    0  845  814  897  634  740  936  832  708 
 832  908  876  873  793  756  930  851  657  856  905  845    0  937  687  709  775  810  682  824 
 859  815  634  832  825  892  663  768  813  637  804  814  937    0  800  820  921  814  738  726 
 920  674  647  743  653  792  636  632  931  721  901  897  687  800    0  782  933  795  934  643 
 912  646  896  941  701  705  653  867  635  806  876  634  709  820  782    0  696  894  745  765 
 800  850  885  819  895  897  845  944  903  808  862  740  775  921  933  696    0  900  817  896 
 847  933  841  921  787  700  667  827  815  662  934  936  810  814  795  894  900    0  741  914 
 789  878  749  886  706  848  732  662  886  701  711  832  682  738  934  745  817  741    0  744 
 924  724  884  843  881  883  630  719  805  780  891  708  824  726  643  765  896  914  744    0 

   0  678  966  961 1127  712  863 1146  957 1101 1106  882 1086 1098  602 1197 1021 1020  944  941 
 678    0  834  961 1040  680  818 1199  928  729 1002  815  929  765  942  635  951  621 1116  834 
 966  834    0  736  941  798  773  885 1142  852 1036  742 1152  612  981  832 1139  779  620 1137 
 961  961  736    0  663  805  972 1200  818 1016  908  701  924  783  807  905  641  700  911  655 
1127 1040  941  663    0 1180 1064 1093 1063 1079  712  851 1025 1114 1043 1187  962  999 1173  879 
 712  680  798  805 1180    0 1164 1040  812  719 1161 1087 1123  744 1094 1034 1049 1153 1073 1157 
 863  818  773  972 1064 1164    0  995  979  890  882  843  707  612 1179 1106 1174  858  783 1190 
1146 1199  885 1200 1093 1040  995    0  925  847  818  904 1197  698 1054  767 1034  984  823  921 
 957  928 1142  818 1063  812  979  925    0  790 1006 1178 1041 1177  836 1084 1091 1119  926 1031 
1101  729  852 1016 1079  719  890  847  790    0  616  897 1193  703  708  847 1031 1198 1034 1173 
1106 1002 1036  908  712 1161  882  818 1006  616    0  939  873 1065 1100  986  688 1133  851 1153 
 882  815  742  701  851 1087  843  904 1178  897  939    0  753  929  697  688  632  852  639 1119 
1086  929 1152  924 1025 1123  707 1197 1041 1193  873  753    0 1145  767 1166  743  892 1142 1025 
1098  765  612  783 1114  744  612  698 1177  703 1065  929 1145    0  885  983 1025 1187  688 1101 
 602  942  981  807 1043 1094 1179 1054  836  708 1100  697  767  885    0 1121  703  775 1078 1037 
1197  635  832  905 1187 1034 1106  767 1084  847  986  688 1166  983 1121    0  736  715  917  817 
1021  951 1139  641  962 1049 1174 1034 1091 1031  688  632  743 1025  703  736    0  852  951 1008 
1020  621  779  700  999 1153  858  984 1119 1198 1133  852  892 1187  775  715  852    0 1187 1045 
 944 1116  620  911 1173 1073  783  823  926 1034  851  639 1142  688 1078  917  951 1187    0  866 
 941  834 1137  655  879 1157 1190  921 1031 1173 1153 1119 1025 1101 1037  817 1008 1045  866    0 

0 401 840
1 353 847
2 429 1001
3 280 830
4 481 938
5 687 1057
6 218 988
7 657 845
8 371 848
9 665 1000
10 440 955
11 700 717
12 507 817
13 231 807
14 346 786
15 424 763
16 546 849
17 408 1095
18 678 889
19 308 1051

0 12 13949 17619 1664 
0 10 11035 13501 3692 
0 14 2519 4463 1840 
0 11 1975 4709 2559 
0 14 4668 6871 3680 
0 6 17726 20418 2466 
0 18 12051 14203 2367 
0 13 673 3648 1718 
0 4 24 2785 1416 
1 9 5092 7475 2478 
1 2 9209 11210 1478 
1 9 16905 19252 1652 
1 7 3200 7672 2800 
1 7 14157 16555 1400 
1 4 4766 7386 1950 
1 9 13307 16106 3304 
1 12 3616 5901 3632 
1 7 16964 21256 1400 
1 7 1751 5719 1400 
1 12 950 3848 2724 
1 9 16760 18465 2478 
1 6 1602 4702 2604 
1 8 4056 7368 3104 
1 12 14061 17711 1816 
1 9 7863 10429 1652 
1 0 18530 20930 1656 
1 18 6609 9164 3512 
1 10 14979 18105 1766 
1 4 417 3173 2600 
1 17 493 2859 2799 
1 18 8618 12345 1756 
1 3 16062 18310 1282 
1 9 8082 10072 2478 
2 15 63 3041 1792 
2 16 1916 5731 1770 
2 14 11361 14460 1294 
2 14 3416 5731 2588 
2 19 13636 18058 2652 
2 11 1003 2739 1548 
2 17 16754 18802 1682 
2 3 3008 5193 2373 
2 10 13458 15726 1286 
2 15 17248 19161 2688 
2 5 8026 10707 1510 
2 9 18474 21541 2916 
2 5 4372 6861 3020 
2 12 15180 17967 3504 
2 1 16691 18817 1478 
3 14 18149 21272 1486 
3 14 4077 6957 2972 
3 12 17186 19893 3492 
3 18 351 3220 2658 
3 5 4181 7312 2109 
3 8 17139 19748 1470 
3 16 3844 5363 3276 
3 14 6704 9036 2972 
3 12 4758 6975 3492 
3 8 17558 19218 1470 
3 4 15413 17581 2379 
3 8 18089 20510 2205 
3 18 9998 13232 3544 
3 9 3474 6024 1986 
3 5 8906 11916 1406 
3 16 15268 16594 2457 
3 4 3792 6377 2379 
3 11 3123 4854 1462 
3 7 5488 10276 3384 
3 4 4497 6015 2379 
4 12 5453 9399 1586 
4 12 13856 15977 2379 
4 17 17228 21064 1574 
4 1 14236 17189 1300 
4 14 2512 4681 1959 
4 6 9826 13422 1716 
4 3 17828 19578 2379 
4 19 828 3245 3524 
4 8 10523 12755 3452 
4 7 8532 10849 2634 
4 6 14933 18657 3432 
4 18 11731 14815 2118 
4 1 6972 10133 1950 
4 13 10097 12681 1650 
4 17 16306 19572 3148 
4 16 8222 11319 1790 
4 11 10787 14003 1770 
4 3 18526 20163 3172 
4 3 8390 10896 3172 
4 12 16092 19085 3172 
4 16 13336 16837 2685 
4 0 35 2739 1416 
5 18 10574 13041 1696 
5 19 390 3849 2649 
5 10 3530 7152 2706 
5 19 18021 22521 1766 
5 8 2240 4578 1899 
5 10 7028 9698 1804 
5 11 2886 5733 1544 
5 14 15400 18900 2376 
5 6 16933 20622 3436 
5 14 9103 12680 1584 
5 13 11248 12929 1784 
5 6 3092 6665 3436 
6 1 18627 20312 1953 
6 14 16458 19322 2544 
6 2 9632 11889 1884 
6 10 1022 3438 3040 
6 0 11411 13283 1644 
6 0 16018 17761 3288 
6 17 7121 9394 1334 
6 14 14086 17929 2544 
6 12 459 2000 3720 
6 3 15953 19549 1410 
6 19 2475 5164 2520 
6 17 1619 3849 1334 
6 14 11253 15509 1272 
6 7 3463 7343 1953 
6 14 11346 15413 2544 
6 1 10364 12629 1302 
6 1 2711 5623 1302 
6 0 10252 13186 2466 
6 10 1182 4463 3040 
6 13 5088 6556 1989 
6 12 4423 5914 1860 
6 5 18107 20935 3436 
6 18 6593 8675 2196 
7 18 8572 10267 1324 
7 17 1137 4581 2481 
7 6 8232 11018 2604 
7 1 18080 22720 2100 
7 12 14700 17381 3404 
7 4 17549 19800 1756 
7 12 1723 4392 2553 
7 14 14599 16791 1264 
7 6 9127 11485 2604 
7 4 2759 6824 3512 
7 9 18632 21037 2382 
7 9 4126 6065 2382 
7 4 10689 14722 2634 
7 9 8892 10619 2382 
7 6 1702 4577 1302 
7 14 1541 4291 1896 
8 15 5135 7920 1270 
8 2 8054 10532 1908 
8 0 9215 12564 1354 
8 13 110 3735 2439 
8 16 7965 11958 2709 
8 9 14350 17431 1730 
8 5 2602 5208 1899 
8 14 12030 14646 1862 
8 0 7159 9340 2708 
8 16 4707 6943 2709 
8 15 5495 8703 1905 
8 3 10530 12648 2205 
8 4 7170 9657 3452 
8 6 15901 19298 1388 
8 6 7588 10583 2776 
8 6 2322 6228 1388 
8 13 18041 21595 1626 
8 15 540 3130 2540 
8 15 3716 6707 1905 
9 13 11834 14568 2548 
9 4 13569 17280 2472 
9 8 1147 3122 2595 
9 8 17475 19979 2595 
9 7 1336 4012 2382 
9 16 7494 10968 1616 
9 11 14078 17011 2800 
9 4 1352 5516 2472 
9 18 5471 8469 1402 
9 0 14707 17503 1956 
9 6 7745 10130 2382 
9 7 11743 14334 2382 
9 7 17091 19657 1588 
9 7 15368 17544 3176 
9 5 14569 16747 1540 
9 19 16493 19789 2340 
9 14 5078 7718 2884 
10 4 15529 18156 2190 
10 3 3394 6054 1604 
10 19 11725 16152 3564 
10 16 11162 13501 2586 
10 18 1276 3743 1422 
10 1 3192 6759 3532 
10 2 2405 5906 1929 
10 9 3889 5336 1624 
10 13 3550 7799 1608 
10 2 7220 10555 2572 
10 8 7513 10450 1646 
10 19 4247 7648 2673 
10 19 11260 15041 2673 
10 2 13449 17282 1286 
10 19 11214 15457 1782 
10 17 17163 19904 2802 
10 7 18096 20214 2667 
10 18 3265 5103 1422 
10 18 4122 7006 2844 
10 5 4175 6880 2706 
11 15 16830 19251 1268 
11 3 16504 18894 2193 
11 4 486 2987 2655 
11 4 2399 4398 1770 
11 5 4378 8389 3088 
11 0 4419 7629 3412 
11 10 11984 14509 2816 
11 17 10070 12106 1872 
11 12 9285 12281 3380 
11 14 1347 3911 3588 
11 9 3730 5802 1400 
11 14 18699 20476 1794 
11 0 17736 19676 1706 
11 5 12094 15996 3088 
12 18 15928 19867 2728 
12 0 15844 18960 2496 
12 0 18336 20725 3328 
12 16 6903 9161 1550 
12 17 18262 21330 1620 
12 16 18139 21029 3100 
12 11 8488 11131 1690 
12 1 640 4151 2724 
12 7 13223 17903 3404 
12 15 3594 8246 2127 
12 9 7657 12190 1712 
12 17 2350 4205 1620 
12 5 13885 16973 1512 
12 3 15447 17507 1746 
12 1 14779 17435 2724 
12 16 1934 4541 3100 
12 10 17230 19010 1810 
12 8 11970 15977 1314 
12 15 15874 19885 2836 
12 9 7712 12293 2568 
12 14 4435 6950 1374 
12 8 4545 8448 1971 
12 4 15692 19279 2379 
12 6 621 2317 2790 
13 19 5326 8122 1452 
13 6 15445 16773 2652 
13 2 17656 19828 2536 
13 0 9667 12390 2577 
13 11 16312 18272 1628 
13 14 3863 6217 3200 
13 12 11724 15388 1874 
13 4 6778 11100 3300 
13 3 18049 20789 2496 
13 6 9903 11292 2652 
13 4 9736 14002 3300 
13 7 583 3067 1536 
13 10 3209 6755 1608 
13 15 2459 5634 2460 
13 9 2466 4982 2548 
13 10 13292 15571 3216 
13 11 16655 19274 1628 
13 12 9251 12754 2811 
13 3 11431 14061 2496 
13 3 1981 3586 2496 
13 6 16878 18842 2652 
13 6 17203 18788 1989 
13 15 1176 4813 1640 
13 10 8611 12391 1608 
14 9 15988 17453 1442 
14 18 4894 7265 1868 
14 15 11725 15054 2346 
14 13 8915 11729 3200 
14 18 13748 17035 1868 
14 4 3796 6914 1306 
14 0 16118 17436 2760 
14 7 15669 19516 1264 
14 16 17526 19410 3732 
14 1 11682 15346 2696 
14 6 11864 15118 1908 
14 15 9217 12479 1564 
14 1 11566 14872 2696 
14 3 75 1729 2972 
14 13 16653 20113 3200 
14 16 14013 16768 1866 
14 16 9133 11143 1866 
15 1 9643 11452 1292 
15 0 9438 12574 3648 
15 2 3513 6341 2688 
15 1 8039 9988 2584 
15 8 3216 6381 1270 
15 2 3255 5884 1792 
15 8 1475 3870 1905 
15 10 11190 14384 3504 
15 4 13776 16862 2103 
15 5 3717 7460 2820 
15 11 8693 11128 2536 
15 10 16672 20083 3504 
15 10 3631 6589 1752 
15 6 4952 7340 2612 
15 7 6579 9179 2601 
15 17 9935 11836 1788 
15 12 18440 20993 2836 
16 15 2994 5555 2088 
16 10 5145 7112 2586 
16 1 13396 16068 1700 
16 18 2273 4726 3268 
16 17 10843 13339 3600 
16 0 4120 6213 2400 
16 19 15727 18156 1792 
16 1 1636 5059 1700 
16 17 11609 14889 3600 
16 11 17934 20063 2960 
16 5 7791 10486 3588 
16 8 16848 21048 1806 
16 15 4867 7244 2088 
16 12 3759 5601 2325 
16 13 5536 9595 2763 
17 1 2511 4367 3732 
17 19 1457 5323 1828 
17 2 16632 18657 3364 
17 11 10144 12401 1872 
17 12 2844 5698 1620 
17 1 518 2312 3732 
17 12 10262 13812 3240 
17 11 11613 13683 3744 
17 3 5543 7215 2763 
17 14 14346 15919 2385 
17 13 5596 8088 1628 
17 15 7082 9484 2682 
17 0 13579 16261 1694 
17 2 15336 17758 1682 
17 0 13415 15669 3388 
17 16 4787 7632 2700 
17 7 5474 7884 3308 
17 6 232 3003 1334 
17 12 10171 12516 3240 
17 2 10671 13514 3364 
17 14 9227 11784 1590 
17 4 3941 7377 2361 
18 2 7201 8974 2247 
18 1 16429 20011 3512 
18 4 8645 11307 1412 
18 7 18237 20228 2648 
18 5 9310 12110 2544 
18 8 9216 12271 1772 
18 1 369 3181 1756 
18 4 17315 21584 2118 
18 6 13381 15197 2928 
18 9 7228 9895 1402 
18 8 11183 13877 3544 
18 5 16864 20297 1696 
18 15 15212 18687 2980 
18 8 18166 21471 3544 
18 6 17869 20648 2196 
18 4 7364 10636 2824 
19 11 16088 20015 2832 
19 6 3062 6084 2520 
19 7 15727 18941 2157 
19 14 670 4755 2572 
19 8 15735 19384 1610 
19 10 11611 14620 3564 
19 13 13671 16830 2178 
19 6 8182 10966 1260 
19 8 5242 7984 1610 
19 3 8966 10747 3372 
19 6 7100 11419 1260 
19 8 11489 14901 3220 

0 1 0 0
0 1 1 0
0 1 2 0
0 1 3 0
0 1 4 0
0 2 0 0
0 2 1 0
0 2 2 0
0 2 3 0
0 2 4 0
0 3 0 4133
0 3 1 4133
0 3 2 4133
0 3 3 0
0 3 4 0
0 4 0 0
0 4 1 0
0 4 2 0
0 4 3 0
0 4 4 0
0 5 0 0
0 5 1 0
0 5 2 0
0 5 3 0
0 5 4 0
0 6 0 4164
0 6 1 4164
0 6 2 4164
0 6 3 0
0 6 4 0
0 7 0 4338
0 7 1 4338
0 7 2 0
0 7 3 0
0 7 4 0
0 8 0 0
0 8 1 0
0 8 2 0
0 8 3 0
0 8 4 0
0 9 0 4391
0 9 1 4391
0 9 2 0
0 9 3 0
0 9 4 0
0 10 0 3728
0 10 1 3728
0 10 2 0
0 10 3 0
0 10 4 0
0 11 0 0
0 11 1 0
0 11 2 0
0 11 3 0
0 11 4 0
0 12 0 4245
0 12 1 4245
0 12 2 0
0 12 3 0
0 12 4 0
0 13 0 0
0 13 1 0
0 13 2 0
0 13 3 0
0 13 4 0
0 14 0 3146
0 14 1 3146
0 14 2 3146
0 14 3 0
0 14 4 0
0 15 0 3168
0 15 1 3168
0 15 2 0
0 15 3 0
0 15 4 0
0 16 0 0
0 16 1 0
0 16 2 0
0 16 3 0
0 16 4 0
0 17 0 0
0 17 1 0
0 17 2 0
0 17 3 0
0 17 4 0
0 18 0 0
0 18 1 0
0 18 2 0
0 18 3 0
0 18 4 0
0 19 0 0
0 19 1 0
0 19 2 0
0 19 3 0
0 19 4 0
1 0 0 0
1 0 1 0
1 0 2 0
1 0 3 0
1 0 4 0
1 2 0 0
1 2 1 0
1 2 2 0
1 2 3 0
1 2 4 0
1 3 0 0
1 3 1 0
1 3 2 0
1 3 3 0
1 3 4 0
1 4 0 4027
1 4 1 4027
1 4 2 4027
1 4 3 0
1 4 4 0
1 5 0 0
1 5 1 0
1 5 2 0
1 5 3 0
1 5 4 0
1 6 0 0
1 6 1 0
1 6 2 0
1 6 3 0
1 6 4 0
1 7 0 0
1 7 1 0
1 7 2 0
1 7 3 0
1 7 4 0
1 8 0 0
1 8 1 0
1 8 2 0
1 8 3 0
1 8 4 0
1 9 0 4257
1 9 1 4257
1 9 2 4257
1 9 3 0
1 9 4 0
1 10 0 0
1 10 1 0
1 10 2 0
1 10 3 0
1 10 4 0
1 11 0 4074
1 11 1 4074
1 11 2 0
1 11 3 0
1 11 4 0
1 12 0 0
1 12 1 0
1 12 2 0
1 12 3 0
1 12 4 0
1 13 0 0
1 13 1 0
1 13 2 0
1 13 3 0
1 13 4 0
1 14 0 0
1 14 1 0
1 14 2 0
1 14 3 0
1 14 4 0
1 15 0 0
1 15 1 0
1 15 2 0
1 15 3 0
1 15 4 0
1 16 0 0
1 16 1 0
1 16 2 0
1 16 3 0
1 16 4 0
1 17 0 0
1 17 1 0
1 17 2 0
1 17 3 0
1 17 4 0
1 18 0 0
1 18 1 0
1 18 2 0
1 18 3 0
1 18 4 0
1 19 0 0
1 19 1 0
1 19 2 0
1 19 3 0
1 19 4 0
2 0 0 0
2 0 1 0
2 0 2 0
2 0 3 0
2 0 4 0
2 1 0 0
2 1 1 0
2 1 2 0
2 1 3 0
2 1 4 0
2 3 0 4565
2 3 1 4565
2 3 2 4565
2 3 3 0
2 3 4 0
2 4 0 4269
2 4 1 4269
2 4 2 0
2 4 3 0
2 4 4 0
2 5 0 0
2 5 1 0
2 5 2 0
2 5 3 0
2 5 4 0
2 6 0 3077
2 6 1 3077
2 6 2 3077
2 6 3 0
2 6 4 0
2 7 0 0
2 7 1 0
2 7 2 0
2 7 3 0
2 7 4 0
2 8 0 0
2 8 1 0
2 8 2 0
2 8 3 0
2 8 4 0
2 9 0 0
2 9 1 0
2 9 2 0
2 9 3 0
2 9 4 0
2 10 0 0
2 10 1 0
2 10 2 0
2 10 3 0
2 10 4 0
2 11 0 4262
2 11 1 4262
2 11 2 4262
2 11 3 0
2 11 4 0
2 12 0 0
2 12 1 0
2 12 2 0
2 12 3 0
2 12 4 0
2 13 0 0
2 13 1 0
2 13 2 0
2 13 3 0
2 13 4 0
2 14 0 4757
2 14 1 4757
2 14 2 0
2 14 3 0
2 14 4 0
2 15 0 4530
2 15 1 4530
2 15 2 0
2 15 3 0
2 15 4 0
2 16 0 4093
2 16 1 4093
2 16 2 0
2 16 3 0
2 16 4 0
2 17 0 4027
2 17 1 4027
2 17 2 4027
2 17 3 0
2 17 4 0
2 18 0 0
2 18 1 0
2 18 2 0
2 18 3 0
2 18 4 0
2 19 0 4631
2 19 1 4631
2 19 2 4631
2 19 3 0
2 19 4 0
3 0 0 4133
3 0 1 4133
3 0 2 4133
3 0 3 0
3 0 4 0
3 1 0 0
3 1 1 0
3 1 2 0
3 1 3 0
3 1 4 0
3 2 0 4565
3 2 1 4565
3 2 2 4565
3 2 3 0
3 2 4 0
3 4 0 0
3 4 1 0
3 4 2 0
3 4 3 0
3 4 4 0
3 5 0 0
3 5 1 0
3 5 2 0
3 5 3 0
3 5 4 0
3 6 0 4149
3 6 1 4149
3 6 2 4149
3 6 3 0
3 6 4 0
3 7 0 0
3 7 1 0
3 7 2 0
3 7 3 0
3 7 4 0
3 8 0 0
3 8 1 0
3 8 2 0
3 8 3 0
3 8 4 0
3 9 0 0
3 9 1 0
3 9 2 0
3 9 3 0
3 9 4 0
3 10 0 4571
3 10 1 4571
3 10 2 0
3 10 3 0
3 10 4 0
3 11 0 4955
3 11 1 4955
3 11 2 4955
3 11 3 0
3 11 4 0
3 12 0 0
3 12 1 0
3 12 2 0
3 12 3 0
3 12 4 0
3 13 0 0
3 13 1 0
3 13 2 0
3 13 3 0
3 13 4 0
3 14 0 0
3 14 1 0
3 14 2 0
3 14 3 0
3 14 4 0
3 15 0 3743
3 15 1 3743
3 15 2 3743
3 15 3 0
3 15 4 0
3 16 0 0
3 16 1 0
3 16 2 0
3 16 3 0
3 16 4 0
3 17 0 0
3 17 1 0
3 17 2 0
3 17 3 0
3 17 4 0
3 18 0 0
3 18 1 0
3 18 2 0
3 18 3 0
3 18 4 0
3 19 0 0
3 19 1 0
3 19 2 0
3 19 3 0
3 19 4 0
4 0 0 0
4 0 1 0
4 0 2 0
4 0 3 0
4 0 4 0
4 1 0 4027
4 1 1 4027
4 1 2 4027
4 1 3 0
4 1 4 0
4 2 0 4269
4 2 1 4269
4 2 2 0
4 2 3 0
4 2 4 0
4 3 0 0
4 3 1 0
4 3 2 0
4 3 3 0
4 3 4 0
4 5 0 4030
4 5 1 4030
4 5 2 4030
4 5 3 0
4 5 4 0
4 6 0 0
4 6 1 0
4 6 2 0
4 6 3 0
4 6 4 0
4 7 0 0
4 7 1 0
4 7 2 0
4 7 3 0
4 7 4 0
4 8 0 0
4 8 1 0
4 8 2 0
4 8 3 0
4 8 4 0
4 9 0 0
4 9 1 0
4 9 2 0
4 9 3 0
4 9 4 0
4 10 0 0
4 10 1 0
4 10 2 0
4 10 3 0
4 10 4 0
4 11 0 0
4 11 1 0
4 11 2 0
4 11 3 0
4 11 4 0
4 12 0 0
4 12 1 0
4 12 2 0
4 12 3 0
4 12 4 0
4 13 0 4891
4 13 1 4891
4 13 2 4891
4 13 3 0
4 13 4 0
4 14 0 4104
4 14 1 4104
4 14 2 4104
4 14 3 0
4 14 4 0
4 15 0 4137
4 15 1 4137
4 15 2 0
4 15 3 0
4 15 4 0
4 16 0 0
4 16 1 0
4 16 2 0
4 16 3 0
4 16 4 0
4 17 0 0
4 17 1 0
4 17 2 0
4 17 3 0
4 17 4 0
4 18 0 0
4 18 1 0
4 18 2 0
4 18 3 0
4 18 4 0
4 19 0 4845
4 19 1 4845
4 19 2 4845
4 19 3 0
4 19 4 0
5 0 0 0
5 0 1 0
5 0 2 0
5 0 3 0
5 0 4 0
5 1 0 0
5 1 1 0
5 1 2 0
5 1 3 0
5 1 4 0
5 2 0 0
5 2 1 0
5 2 2 0
5 2 3 0
5 2 4 0
5 3 0 0
5 3 1 0
5 3 2 0
5 3 3 0
5 3 4 0
5 4 0 4030
5 4 1 4030
5 4 2 4030
5 4 3 0
5 4 4 0
5 6 0 0
5 6 1 0
5 6 2 0
5 6 3 0
5 6 4 0
5 7 0 4081
5 7 1 4081
5 7 2 0
5 7 3 0
5 7 4 0
5 8 0 4689
5 8 1 4689
5 8 2 4689
5 8 3 0
5 8 4 0
5 9 0 4331
5 9 1 4331
5 9 2 0
5 9 3 0
5 9 4 0
5 10 0 0
5 10 1 0
5 10 2 0
5 10 3 0
5 10 4 0
5 11 0 0
5 11 1 0
5 11 2 0
5 11 3 0
5 11 4 0
5 12 0 0
5 12 1 0
5 12 2 0
5 12 3 0
5 12 4 0
5 13 0 4900
5 13 1 4900
5 13 2 0
5 13 3 0
5 13 4 0
5 14 0 0
5 14 1 0
5 14 2 0
5 14 3 0
5 14 4 0
5 15 0 0
5 15 1 0
5 15 2 0
5 15 3 0
5 15 4 0
5 16 0 0
5 16 1 0
5 16 2 0
5 16 3 0
5 16 4 0
5 17 0 0
5 17 1 0
5 17 2 0
5 17 3 0
5 17 4 0
5 18 0 0
5 18 1 0
5 18 2 0
5 18 3 0
5 18 4 0
5 19 0 0
5 19 1 0
5 19 2 0
5 19 3 0
5 19 4 0
6 0 0 4164
6 0 1 4164
6 0 2 4164
6 0 3 0
6 0 4 0
6 1 0 0
6 1 1 0
6 1 2 0
6 1 3 0
6 1 4 0
6 2 0 3077
6 2 1 3077
6 2 2 3077
6 2 3 0
6 2 4 0
6 3 0 4149
6 3 1 4149
6 3 2 4149
6 3 3 0
6 3 4 0
6 4 0 0
6 4 1 0
6 4 2 0
6 4 3 0
6 4 4 0
6 5 0 0
6 5 1 0
6 5 2 0
6 5 3 0
6 5 4 0
6 7 0 4958
6 7 1 4958
6 7 2 4958
6 7 3 0
6 7 4 0
6 8 0 0
6 8 1 0
6 8 2 0
6 8 3 0
6 8 4 0
6 9 0 4776
6 9 1 4776
6 9 2 4776
6 9 3 0
6 9 4 0
6 10 0 0
6 10 1 0
6 10 2 0
6 10 3 0
6 10 4 0
6 11 0 0
6 11 1 0
6 11 2 0
6 11 3 0
6 11 4 0
6 12 0 0
6 12 1 0
6 12 2 0
6 12 3 0
6 12 4 0
6 13 0 4260
6 13 1 4260
6 13 2 4260
6 13 3 0
6 13 4 0
6 14 0 4323
6 14 1 4323
6 14 2 0
6 14 3 0
6 14 4 0
6 15 0 4881
6 15 1 4881
6 15 2 4881
6 15 3 0
6 15 4 0
6 16 0 0
6 16 1 0
6 16 2 0
6 16 3 0
6 16 4 0
6 17 0 4811
6 17 1 4811
6 17 2 0
6 17 3 0
6 17 4 0
6 18 0 0
6 18 1 0
6 18 2 0
6 18 3 0
6 18 4 0
6 19 0 4315
6 19 1 4315
6 19 2 4315
6 19 3 0
6 19 4 0
7 0 0 4338
7 0 1 4338
7 0 2 0
7 0 3 0
7 0 4 0
7 1 0 0
7 1 1 0
7 1 2 0
7 1 3 0
7 1 4 0
7 2 0 0
7 2 1 0
7 2 2 0
7 2 3 0
7 2 4 0
7 3 0 0
7 3 1 0
7 3 2 0
7 3 3 0
7 3 4 0
7 4 0 0
7 4 1 0
7 4 2 0
7 4 3 0
7 4 4 0
7 5 0 4081
7 5 1 4081
7 5 2 0
7 5 3 0
7 5 4 0
7 6 0 4958
7 6 1 4958
7 6 2 4958
7 6 3 0
7 6 4 0
7 8 0 0
7 8 1 0
7 8 2 0
7 8 3 0
7 8 4 0
7 9 0 4046
7 9 1 4046
7 9 2 4046
7 9 3 0
7 9 4 0
7 10 0 0
7 10 1 0
7 10 2 0
7 10 3 0
7 10 4 0
7 11 0 0
7 11 1 0
7 11 2 0
7 11 3 0
7 11 4 0
7 12 0 0
7 12 1 0
7 12 2 0
7 12 3 0
7 12 4 0
7 13 0 0
7 13 1 0
7 13 2 0
7 13 3 0
7 13 4 0
7 14 0 0
7 14 1 0
7 14 2 0
7 14 3 0
7 14 4 0
7 15 0 0
7 15 1 0
7 15 2 0
7 15 3 0
7 15 4 0
7 16 0 3026
7 16 1 3026
7 16 2 3026
7 16 3 0
7 16 4 0
7 17 0 4116
7 17 1 4116
7 17 2 0
7 17 3 0
7 17 4 0
7 18 0 0
7 18 1 0
7 18 2 0
7 18 3 0
7 18 4 0
7 19 0 0
7 19 1 0
7 19 2 0
7 19 3 0
7 19 4 0
8 0 0 0
8 0 1 0
8 0 2 0
8 0 3 0
8 0 4 0
8 1 0 0
8 1 1 0
8 1 2 0
8 1 3 0
8 1 4 0
8 2 0 0
8 2 1 0
8 2 2 0
8 2 3 0
8 2 4 0
8 3 0 0
8 3 1 0
8 3 2 0
8 3 3 0
8 3 4 0
8 4 0 0
8 4 1 0
8 4 2 0
8 4 3 0
8 4 4 0
8 5 0 4689
8 5 1 4689
8 5 2 4689
8 5 3 0
8 5 4 0
8 6 0 0
8 6 1 0
8 6 2 0
8 6 3 0
8 6 4 0
8 7 0 0
8 7 1 0
8 7 2 0
8 7 3 0
8 7 4 0
8 9 0 0
8 9 1 0
8 9 2 0
8 9 3 0
8 9 4 0
8 10 0 0
8 10 1 0
8 10 2 0
8 10 3 0
8 10 4 0
8 11 0 0
8 11 1 0
8 11 2 0
8 11 3 0
8 11 4 0
8 12 0 0
8 12 1 0
8 12 2 0
8 12 3 0
8 12 4 0
8 13 0 4255
8 13 1 4255
8 13 2 0
8 13 3 0
8 13 4 0
8 14 0 3968
8 14 1 3968
8 14 2 3968
8 14 3 0
8 14 4 0
8 15 0 0
8 15 1 0
8 15 2 0
8 15 3 0
8 15 4 0
8 16 0 3288
8 16 1 3288
8 16 2 3288
8 16 3 0
8 16 4 0
8 17 0 4809
8 17 1 4809
8 17 2 4809
8 17 3 0
8 17 4 0
8 18 0 0
8 18 1 0
8 18 2 0
8 18 3 0
8 18 4 0
8 19 0 0
8 19 1 0
8 19 2 0
8 19 3 0
8 19 4 0
9 0 0 4391
9 0 1 4391
9 0 2 0
9 0 3 0
9 0 4 0
9 1 0 4257
9 1 1 4257
9 1 2 4257
9 1 3 0
9 1 4 0
9 2 0 0
9 2 1 0
9 2 2 0
9 2 3 0
9 2 4 0
9 3 0 0
9 3 1 0
9 3 2 0
9 3 3 0
9 3 4 0
9 4 0 0
9 4 1 0
9 4 2 0
9 4 3 0
9 4 4 0
9 5 0 4331
9 5 1 4331
9 5 2 0
9 5 3 0
9 5 4 0
9 6 0 4776
9 6 1 4776
9 6 2 4776
9 6 3 0
9 6 4 0
9 7 0 4046
9 7 1 4046
9 7 2 4046
9 7 3 0
9 7 4 0
9 8 0 0
9 8 1 0
9 8 2 0
9 8 3 0
9 8 4 0
9 10 0 0
9 10 1 0
9 10 2 0
9 10 3 0
9 10 4 0
9 11 0 4598
9 11 1 4598
9 11 2 4598
9 11 3 0
9 11 4 0
9 12 0 0
9 12 1 0
9 12 2 0
9 12 3 0
9 12 4 0
9 13 0 0
9 13 1 0
9 13 2 0
9 13 3 0
9 13 4 0
9 14 0 4457
9 14 1 4457
9 14 2 0
9 14 3 0
9 14 4 0
9 15 0 4877
9 15 1 4877
9 15 2 4877
9 15 3 0
9 15 4 0
9 16 0 4481
9 16 1 4481
9 16 2 0
9 16 3 0
9 16 4 0
9 17 0 4234
9 17 1 4234
9 17 2 0
9 17 3 0
9 17 4 0
9 18 0 0
9 18 1 0
9 18 2 0
9 18 3 0
9 18 4 0
9 19 0 0
9 19 1 0
9 19 2 0
9 19 3 0
9 19 4 0
10 0 0 3728
10 0 1 3728
10 0 2 0
10 0 3 0
10 0 4 0
10 1 0 0
10 1 1 0
10 1 2 0
10 1 3 0
10 1 4 0
10 2 0 0
10 2 1 0
10 2 2 0
10 2 3 0
10 2 4 0
10 3 0 4571
10 3 1 4571
10 3 2 0
10 3 3 0
10 3 4 0
10 4 0 0
10 4 1 0
10 4 2 0
10 4 3 0
10 4 4 0
10 5 0 0
10 5 1 0
10 5 2 0
10 5 3 0
10 5 4 0
10 6 0 0
10 6 1 0
10 6 2 0
10 6 3 0
10 6 4 0
10 7 0 0
10 7 1 0
10 7 2 0
10 7 3 0
10 7 4 0
10 8 0 0
10 8 1 0
10 8 2 0
10 8 3 0
10 8 4 0
10 9 0 0
10 9 1 0
10 9 2 0
10 9 3 0
10 9 4 0
10 11 0 0
10 11 1 0
10 11 2 0
10 11 3 0
10 11 4 0
10 12 0 3151
10 12 1 3151
10 12 2 0
10 12 3 0
10 12 4 0
10 13 0 0
10 13 1 0
10 13 2 0
10 13 3 0
10 13 4 0
10 14 0 3679
10 14 1 3679
10 14 2 0
10 14 3 0
10 14 4 0
10 15 0 0
10 15 1 0
10 15 2 0
10 15 3 0
10 15 4 0
10 16 0 0
10 16 1 0
10 16 2 0
10 16 3 0
10 16 4 0
10 17 0 3838
10 17 1 3838
10 17 2 3838
10 17 3 0
10 17 4 0
10 18 0 0
10 18 1 0
10 18 2 0
10 18 3 0
10 18 4 0
10 19 0 4040
10 19 1 4040
10 19 2 0
10 19 3 0
10 19 4 0
11 0 0 0
11 0 1 0
11 0 2 0
11 0 3 0
11 0 4 0
11 1 0 4074
11 1 1 4074
11 1 2 0
11 1 3 0
11 1 4 0
11 2 0 4262
11 2 1 4262
11 2 2 4262
11 2 3 0
11 2 4 0
11 3 0 4955
11 3 1 4955
11 3 2 4955
11 3 3 0
11 3 4 0
11 4 0 0
11 4 1 0
11 4 2 0
11 4 3 0
11 4 4 0
11 5 0 0
11 5 1 0
11 5 2 0
11 5 3 0
11 5 4 0
11 6 0 0
11 6 1 0
11 6 2 0
11 6 3 0
11 6 4 0
11 7 0 0
11 7 1 0
11 7 2 0
11 7 3 0
11 7 4 0
11 8 0 0
11 8 1 0
11 8 2 0
11 8 3 0
11 8 4 0
11 9 0 4598
11 9 1 4598
11 9 2 4598
11 9 3 0
11 9 4 0
11 10 0 0
11 10 1 0
11 10 2 0
11 10 3 0
11 10 4 0
11 12 0 4231
11 12 1 4231
11 12 2 0
11 12 3 0
11 12 4 0
11 13 0 4852
11 13 1 4852
11 13 2 0
11 13 3 0
11 13 4 0
11 14 0 0
11 14 1 0
11 14 2 0
11 14 3 0
11 14 4 0
11 15 0 4767
11 15 1 4767
11 15 2 0
11 15 3 0
11 15 4 0
11 16 0 0
11 16 1 0
11 16 2 0
11 16 3 0
11 16 4 0
11 17 0 3783
11 17 1 3783
11 17 2 0
11 17 3 0
11 17 4 0
11 18 0 0
11 18 1 0
11 18 2 0
11 18 3 0
11 18 4 0
11 19 0 0
11 19 1 0
11 19 2 0
11 19 3 0
11 19 4 0
12 0 0 4245
12 0 1 4245
12 0 2 0
12 0 3 0
12 0 4 0
12 1 0 0
12 1 1 0
12 1 2 0
12 1 3 0
12 1 4 0
12 2 0 0
12 2 1 0
12 2 2 0
12 2 3 0
12 2 4 0
12 3 0 0
12 3 1 0
12 3 2 0
12 3 3 0
12 3 4 0
12 4 0 0
12 4 1 0
12 4 2 0
12 4 3 0
12 4 4 0
12 5 0 0
12 5 1 0
12 5 2 0
12 5 3 0
12 5 4 0
12 6 0 0
12 6 1 0
12 6 2 0
12 6 3 0
12 6 4 0
12 7 0 0
12 7 1 0
12 7 2 0
12 7 3 0
12 7 4 0
12 8 0 0
12 8 1 0
12 8 2 0
12 8 3 0
12 8 4 0
12 9 0 0
12 9 1 0
12 9 2 0
12 9 3 0
12 9 4 0
12 10 0 3151
12 10 1 3151
12 10 2 0
12 10 3 0
12 10 4 0
12 11 0 4231
12 11 1 4231
12 11 2 0
12 11 3 0
12 11 4 0
12 13 0 0
12 13 1 0
12 13 2 0
12 13 3 0
12 13 4 0
12 14 0 0
12 14 1 0
12 14 2 0
12 14 3 0
12 14 4 0
12 15 0 0
12 15 1 0
12 15 2 0
12 15 3 0
12 15 4 0
12 16 0 0
12 16 1 0
12 16 2 0
12 16 3 0
12 16 4 0
12 17 0 0
12 17 1 0
12 17 2 0
12 17 3 0
12 17 4 0
12 18 0 0
12 18 1 0
12 18 2 0
12 18 3 0
12 18 4 0
12 19 0 0
12 19 1 0
12 19 2 0
12 19 3 0
12 19 4 0
13 0 0 0
13 0 1 0
13 0 2 0
13 0 3 0
13 0 4 0
13 1 0 0
13 1 1 0
13 1 2 0
13 1 3 0
13 1 4 0
13 2 0 0
13 2 1 0
13 2 2 0
13 2 3 0
13 2 4 0
13 3 0 0
13 3 1 0
13 3 2 0
13 3 3 0
13 3 4 0
13 4 0 4891
13 4 1 4891
13 4 2 4891
13 4 3 0
13 4 4 0
13 5 0 4900
13 5 1 4900
13 5 2 0
13 5 3 0
13 5 4 0
13 6 0 4260
13 6 1 4260
13 6 2 4260
13 6 3 0
13 6 4 0
13 7 0 0
13 7 1 0
13 7 2 0
13 7 3 0
13 7 4 0
13 8 0 4255
13 8 1 4255
13 8 2 0
13 8 3 0
13 8 4 0
13 9 0 0
13 9 1 0
13 9 2 0
13 9 3 0
13 9 4 0
13 10 0 0
13 10 1 0
13 10 2 0
13 10 3 0
13 10 4 0
13 11 0 4852
13 11 1 4852
13 11 2 0
13 11 3 0
13 11 4 0
13 12 0 0
13 12 1 0
13 12 2 0
13 12 3 0
13 12 4 0
13 14 0 4908
13 14 1 4908
13 14 2 0
13 14 3 0
13 14 4 0
13 15 0 0
13 15 1 0
13 15 2 0
13 15 3 0
13 15 4 0
13 16 0 0
13 16 1 0
13 16 2 0
13 16 3 0
13 16 4 0
13 17 0 0
13 17 1 0
13 17 2 0
13 17 3 0
13 17 4 0
13 18 0 0
13 18 1 0
13 18 2 0
13 18 3 0
13 18 4 0
13 19 0 4111
13 19 1 4111
13 19 2 0
13 19 3 0
13 19 4 0
14 0 0 3146
14 0 1 3146
14 0 2 3146
14 0 3 0
14 0 4 0
14 1 0 0
14 1 1 0
14 1 2 0
14 1 3 0
14 1 4 0
14 2 0 4757
14 2 1 4757
14 2 2 0
14 2 3 0
14 2 4 0
14 3 0 0
14 3 1 0
14 3 2 0
14 3 3 0
14 3 4 0
14 4 0 4104
14 4 1 4104
14 4 2 4104
14 4 3 0
14 4 4 0
14 5 0 0
14 5 1 0
14 5 2 0
14 5 3 0
14 5 4 0
14 6 0 4323
14 6 1 4323
14 6 2 0
14 6 3 0
14 6 4 0
14 7 0 0
14 7 1 0
14 7 2 0
14 7 3 0
14 7 4 0
14 8 0 3968
14 8 1 3968
14 8 2 3968
14 8 3 0
14 8 4 0
14 9 0 4457
14 9 1 4457
14 9 2 0
14 9 3 0
14 9 4 0
14 10 0 3679
14 10 1 3679
14 10 2 0
14 10 3 0
14 10 4 0
14 11 0 0
14 11 1 0
14 11 2 0
14 11 3 0
14 11 4 0
14 12 0 0
14 12 1 0
14 12 2 0
14 12 3 0
14 12 4 0
14 13 0 4908
14 13 1 4908
14 13 2 0
14 13 3 0
14 13 4 0
14 15 0 4765
14 15 1 4765
14 15 2 4765
14 15 3 0
14 15 4 0
14 16 0 0
14 16 1 0
14 16 2 0
14 16 3 0
14 16 4 0
14 17 0 4703
14 17 1 4703
14 17 2 0
14 17 3 0
14 17 4 0
14 18 0 0
14 18 1 0
14 18 2 0
14 18 3 0
14 18 4 0
14 19 0 0
14 19 1 0
14 19 2 0
14 19 3 0
14 19 4 0
15 0 0 3168
15 0 1 3168
15 0 2 0
15 0 3 0
15 0 4 0
15 1 0 0
15 1 1 0
15 1 2 0
15 1 3 0
15 1 4 0
15 2 0 4530
15 2 1 4530
15 2 2 0
15 2 3 0
15 2 4 0
15 3 0 3743
15 3 1 3743
15 3 2 3743
15 3 3 0
15 3 4 0
15 4 0 4137
15 4 1 4137
15 4 2 0
15 4 3 0
15 4 4 0
15 5 0 0
15 5 1 0
15 5 2 0
15 5 3 0
15 5 4 0
15 6 0 4881
15 6 1 4881
15 6 2 4881
15 6 3 0
15 6 4 0
15 7 0 0
15 7 1 0
15 7 2 0
15 7 3 0
15 7 4 0
15 8 0 0
15 8 1 0
15 8 2 0
15 8 3 0
15 8 4 0
15 9 0 4877
15 9 1 4877
15 9 2 4877
15 9 3 0
15 9 4 0
15 10 0 0
15 10 1 0
15 10 2 0
15 10 3 0
15 10 4 0
15 11 0 4767
15 11 1 4767
15 11 2 0
15 11 3 0
15 11 4 0
15 12 0 0
15 12 1 0
15 12 2 0
15 12 3 0
15 12 4 0
15 13 0 0
15 13 1 0
15 13 2 0
15 13 3 0
15 13 4 0
15 14 0 4765
15 14 1 4765
15 14 2 4765
15 14 3 0
15 14 4 0
15 16 0 0
15 16 1 0
15 16 2 0
15 16 3 0
15 16 4 0
15 17 0 4866
15 17 1 4866
15 17 2 4866
15 17 3 0
15 17 4 0
15 18 0 0
15 18 1 0
15 18 2 0
15 18 3 0
15 18 4 0
15 19 0 0
15 19 1 0
15 19 2 0
15 19 3 0
15 19 4 0
16 0 0 0
16 0 1 0
16 0 2 0
16 0 3 0
16 0 4 0
16 1 0 0
16 1 1 0
16 1 2 0
16 1 3 0
16 1 4 0
16 2 0 4093
16 2 1 4093
16 2 2 0
16 2 3 0
16 2 4 0
16 3 0 0
16 3 1 0
16 3 2 0
16 3 3 0
16 3 4 0
16 4 0 0
16 4 1 0
16 4 2 0
16 4 3 0
16 4 4 0
16 5 0 0
16 5 1 0
16 5 2 0
16 5 3 0
16 5 4 0
16 6 0 0
16 6 1 0
16 6 2 0
16 6 3 0
16 6 4 0
16 7 0 3026
16 7 1 3026
16 7 2 3026
16 7 3 0
16 7 4 0
16 8 0 3288
16 8 1 3288
16 8 2 3288
16 8 3 0
16 8 4 0
16 9 0 4481
16 9 1 4481
16 9 2 0
16 9 3 0
16 9 4 0
16 10 0 0
16 10 1 0
16 10 2 0
16 10 3 0
16 10 4 0
16 11 0 0
16 11 1 0
16 11 2 0
16 11 3 0
16 11 4 0
16 12 0 0
16 12 1 0
16 12 2 0
16 12 3 0
16 12 4 0
16 13 0 0
16 13 1 0
16 13 2 0
16 13 3 0
16 13 4 0
16 14 0 0
16 14 1 0
16 14 2 0
16 14 3 0
16 14 4 0
16 15 0 0
16 15 1 0
16 15 2 0
16 15 3 0
16 15 4 0
16 17 0 0
16 17 1 0
16 17 2 0
16 17 3 0
16 17 4 0
16 18 0 4461
16 18 1 4461
16 18 2 4461
16 18 3 0
16 18 4 0
16 19 0 4495
16 19 1 4495
16 19 2 4495
16 19 3 0
16 19 4 0
17 0 0 0
17 0 1 0
17 0 2 0
17 0 3 0
17 0 4 0
17 1 0 0
17 1 1 0
17 1 2 0
17 1 3 0
17 1 4 0
17 2 0 4027
17 2 1 4027
17 2 2 4027
17 2 3 0
17 2 4 0
17 3 0 0
17 3 1 0
17 3 2 0
17 3 3 0
17 3 4 0
17 4 0 0
17 4 1 0
17 4 2 0
17 4 3 0
17 4 4 0
17 5 0 0
17 5 1 0
17 5 2 0
17 5 3 0
17 5 4 0
17 6 0 4811
17 6 1 4811
17 6 2 0
17 6 3 0
17 6 4 0
17 7 0 4116
17 7 1 4116
17 7 2 0
17 7 3 0
17 7 4 0
17 8 0 4809
17 8 1 4809
17 8 2 4809
17 8 3 0
17 8 4 0
17 9 0 4234
17 9 1 4234
17 9 2 0
17 9 3 0
17 9 4 0
17 10 0 3838
17 10 1 3838
17 10 2 3838
17 10 3 0
17 10 4 0
17 11 0 3783
17 11 1 3783
17 11 2 0
17 11 3 0
17 11 4 0
17 12 0 0
17 12 1 0
17 12 2 0
17 12 3 0
17 12 4 0
17 13 0 0
17 13 1 0
17 13 2 0
17 13 3 0
17 13 4 0
17 14 0 4703
17 14 1 4703
17 14 2 0
17 14 3 0
17 14 4 0
17 15 0 4866
17 15 1 4866
17 15 2 4866
17 15 3 0
17 15 4 0
17 16 0 0
17 16 1 0
17 16 2 0
17 16 3 0
17 16 4 0
17 18 0 0
17 18 1 0
17 18 2 0
17 18 3 0
17 18 4 0
17 19 0 0
17 19 1 0
17 19 2 0
17 19 3 0
17 19 4 0
18 0 0 0
18 0 1 0
18 0 2 0
18 0 3 0
18 0 4 0
18 1 0 0
18 1 1 0
18 1 2 0
18 1 3 0
18 1 4 0
18 2 0 0
18 2 1 0
18 2 2 0
18 2 3 0
18 2 4 0
18 3 0 0
18 3 1 0
18 3 2 0
18 3 3 0
18 3 4 0
18 4 0 0
18 4 1 0
18 4 2 0
18 4 3 0
18 4 4 0
18 5 0 0
18 5 1 0
18 5 2 0
18 5 3 0
18 5 4 0
18 6 0 0
18 6 1 0
18 6 2 0
18 6 3 0
18 6 4 0
18 7 0 0
18 7 1 0
18 7 2 0
18 7 3 0
18 7 4 0
18 8 0 0
18 8 1 0
18 8 2 0
18 8 3 0
18 8 4 0
18 9 0 0
18 9 1 0
18 9 2 0
18 9 3 0
18 9 4 0
18 10 0 0
18 10 1 0
18 10 2 0
18 10 3 0
18 10 4 0
18 11 0 0
18 11 1 0
18 11 2 0
18 11 3 0
18 11 4 0
18 12 0 0
18 12 1 0
18 12 2 0
18 12 3 0
18 12 4 0
18 13 0 0
18 13 1 0
18 13 2 0
18 13 3 0
18 13 4 0
18 14 0 0
18 14 1 0
18 14 2 0
18 14 3 0
18 14 4 0
18 15 0 0
18 15 1 0
18 15 2 0
18 15 3 0
18 15 4 0
18 16 0 4461
18 16 1 4461
18 16 2 4461
18 16 3 0
18 16 4 0
18 17 0 0
18 17 1 0
18 17 2 0
18 17 3 0
18 17 4 0
18 19 0 4388
18 19 1 4388
18 19 2 0
18 19 3 0
18 19 4 0
19 0 0 0
19 0 1 0
19 0 2 0
19 0 3 0
19 0 4 0
19 1 0 0
19 1 1 0
19 1 2 0
19 1 3 0
19 1 4 0
19 2 0 4631
19 2 1 4631
19 2 2 4631
19 2 3 0
19 2 4 0
19 3 0 0
19 3 1 0
19 3 2 0
19 3 3 0
19 3 4 0
19 4 0 4845
19 4 1 4845
19 4 2 4845
19 4 3 0
19 4 4 0
19 5 0 0
19 5 1 0
19 5 2 0
19 5 3 0
19 5 4 0
19 6 0 4315
19 6 1 4315
19 6 2 4315
19 6 3 0
19 6 4 0
19 7 0 0
19 7 1 0
19 7 2 0
19 7 3 0
19 7 4 0
19 8 0 0
19 8 1 0
19 8 2 0
19 8 3 0
19 8 4 0
19 9 0 0
19 9 1 0
19 9 2 0
19 9 3 0
19 9 4 0
19 10 0 4040
19 10 1 4040
19 10 2 0
19 10 3 0
19 10 4 0
19 11 0 0
19 11 1 0
19 11 2 0
19 11 3 0
19 11 4 0
19 12 0 0
19 12 1 0
19 12 2 0
19 12 3 0
19 12 4 0
19 13 0 4111
19 13 1 4111
19 13 2 0
19 13 3 0
19 13 4 0
19 14 0 0
19 14 1 0
19 14 2 0
19 14 3 0
19 14 4 0
19 15 0 0
19 15 1 0
19 15 2 0
19 15 3 0
19 15 4 0
19 16 0 4495
19 16 1 4495
19 16 2 4495
19 16 3 0
19 16 4 0
19 17 0 0
19 17 1 0
19 17 2 0
19 17 3 0
19 17 4 0
19 18 0 4388
19 18 1 4388
19 18 2 0
19 18 3 0
19 18 4 0

