200 4 24 3240

   0  848  865  832  690  812  718  817  846  677  675  782  846  803  774  772  805  738  908  768  795  765  944  710  856  670  817  772  672  682  771  820  683  687  681  915  839  775  723  773  931  937  702  821  928  939  678  782  836  773  635  905  752  829  872  894  867  890  922  772  911  897  716  785  640  745  671  851  859  939  734  902  941  687  714  800  792  750  711  740  726  649  696  765  632  901  719  883  668  666  785  792  676  903  800  671  796  847  679  810  892  874  741  872  635  650  753  662  909  705  741  705  872  731  645  713  633  766  833  846  680  934  773  654  812  711  917  749  663  932  631  712  836  865  838  728  792  694  892  742  892  712  711  830  829  808  762  880  681  897  712  715  792  809  717  907  649  757  753  749  769  666  843  879  685  648  872  936  692  753  693  838  749  760  660  728  833  786  767  832  817  912  885  834  641  739  826  889  853  904  683  781  756  785  750  761  811  666  777  750 
 848    0  643  846  715  817  866  924  694  708  905  914  775  846  814  821  684  654  881  636  771  689  929  801  855  729  697  790  840  837  724  806  873  776  724  766  667  930  783  719  671  842  818  941  674  658  856  723  793  665  687  780  917  745  751  784  862  850  707  937  695  726  647  737  942  761  774  682  644  900  737  686  868  648  739  658  729  708  891  778  692  809  864  929  767  652  914  653  702  865  684  902  646  747  874  815  813  833  692  860  824  831  729  813  676  677  930  894  670  876  934  912  922  786  756  899  860  719  829  908  740  902  926  774  761  663  842  856  748  894  800  674  822  891  840  862  829  924  758  669  925  820  777  829  803  685  708  911  854  689  944  861  820  831  842  694  888  640  689  752  757  912  850  872  672  727  923  664  888  832  639  647  742  889  917  928  710  681  810  940  813  702  813  874  849  923  884  912  938  921  636  787  910  634  668  677  766  666  890  753 
 865  643    0  800  874  743  944  704  911  661  757  766  718  648  743  859  678  722  729  812  896  638  803  913  887  665  702  758  820  824  664  666  825  752  820  911  647  685  829  862  759  676  863  855  796  797  760  906  910  717  939  780  860  699  744  889  925  833  930  852  743  656  854  927  757  906  917  693  786  796  875  704  714  733  638  641  706  652  907  916  834  912  814  887  711  804  907  702  888  662  740  882  687  878  704  636  706  884  893  642  719  852  818  719  828  697  795  796  931  643  835  652  907  883  702  746  698  773  895  915  703  683  741  633  707  689  723  821  713  919  654  716  928  713  775  889  904  842  876  808  787  649  925  869  718  912  718  652  868  817  710  887  698  876  651  890  943  639  847  723  877  705  810  936  697  936  630  916  825  860  807  898  903  936  690  833  887  710  735  667  706  907  750  701  632  673  920  640  652  718  777  906  753  634  820  787  652  905  651  937 
 832  846  800    0  890  869  926  704  757  913  658  843  848  728  690  944  712  785  845  810  672  845  819  839  763  692  938  758  918  866  815  754  862  714  881  817  810  715  672  917  826  682  808  640  746  846  630  755  846  890  927  838  747  668  940  931  698  702  863  691  766  703  724  808  855  851  815  835  716  667  862  708  739  750  889  673  799  713  656  732  834  801  677  780  855  758  704  783  910  665  816  881  705  771  839  637  854  933  646  712  812  755  787  910  823  758  715  849  684  691  635  924  782  815  810  706  772  858  877  632  666  884  816  635  937  846  916  683  872  649  651  882  753  753  776  873  861  742  832  824  774  898  850  860  885  657  856  776  658  797  707  802  872  813  647  922  764  755  797  805  656  734  866  909  890  844  924  640  710  810  902  655  898  894  688  762  782  785  726  902  758  797  804  747  660  906  804  883  850  755  695  641  680  721  787  744  723  664  757  655 
 690  715  874  890    0  938  834  663  793  654  657  890  928  828  775  746  777  765  838  911  634  775  771  920  708  665  843  928  845  854  863  916  752  757  854  843  795  926  768  888  828  649  854  700  807  816  916  672  791  753  661  820  710  809  714  686  635  713  789  935  895  859  859  915  735  664  895  874  722  766  654  849  737  643  668  694  844  943  943  665  779  893  731  763  667  739  801  838  697  925  749  854  663  784  790  814  873  788  651  631  808  631  901  848  895  773  912  915  645  846  674  653  672  799  942  690  902  933  878  920  660  707  647  929  722  763  840  724  819  937  699  902  846  784  776  929  798  631  936  834  821  885  943  940  767  780  666  668  639  886  846  881  717  798  805  815  800  724  934  857  932  698  733  687  736  920  850  930  663  839  775  637  815  851  790  675  838  935  893  813  756  821  713  736  792  734  671  909  672  656  778  861  689  653  869  933  765  810  837  747 
 812  817  743  869  938    0  795  821  870  907  766  935  885  942  723  782  825  704  939  708  854  900  905  795  726  733  846  649  771  757  914  858  653  782  657  944  856  673  921  729  785  725  912  775  737  741  650  890  677  631  654  925  798  924  841  684  884  824  638  831  773  683  939  791  659  725  857  638  782  770  871  779  797  843  909  732  868  684  631  630  761  647  682  651  775  743  786  814  843  847  703  821  712  826  809  670  910  684  936  852  885  870  860  642  640  806  836  922  938  859  725  718  805  875  652  733  764  696  658  751  684  891  838  936  922  836  940  771  871  678  867  718  869  867  868  709  750  887  835  889  686  790  787  687  655  889  878  835  855  892  806  745  879  779  915  917  870  743  910  821  732  788  698  741  864  744  939  790  697  795  820  920  867  715  732  769  827  671  816  690  882  860  682  816  723  735  881  926  712  686  671  943  750  882  875  856  735  868  912  808 
 718  866  944  926  834  795    0  755  638  764  729  752  634  877  675  688  890  644  747  747  865  798  770  849  754  755  883  704  846  893  719  942  868  648  753  749  758  674  743  655  932  755  749  940  634  657  783  925  734  902  907  758  926  755  782  705  911  655  773  862  880  754  734  782  783  933  858  631  633  838  657  830  673  929  856  853  863  866  635  730  729  674  829  687  836  899  794  776  715  758  687  643  813  743  721  769  690  831  693  800  773  827  697  856  832  875  692  937  931  798  787  645  843  654  883  680  764  695  836  669  714  706  762  852  783  847  808  835  777  783  838  825  936  781  767  696  897  903  918  781  844  756  936  645  809  714  890  644  645  943  699  700  888  834  928  799  657  765  874  712  660  692  678  648  631  924  861  698  737  764  698  667  677  820  845  801  753  774  744  893  830  652  874  942  692  939  856  794  718  940  900  789  650  823  939  630  701  898  720  674 
 817  924  704  704  663  821  755    0  933  926  871  636  902  834  673  933  895  837  735  864  783  761  682  941  894  890  630  938  690  929  912  637  847  921  837  869  814  783  800  831  883  649  750  840  805  720  668  633  874  682  927  714  672  757  785  924  784  631  703  773  689  700  730  820  783  786  630  935  711  693  697  802  703  887  695  849  718  787  836  835  753  781  811  666  765  808  643  903  659  826  700  866  923  919  873  729  714  641  658  781  840  865  722  647  889  751  804  943  699  794  941  646  652  764  921  720  760  847  754  642  910  631  906  903  705  757  677  791  638  748  685  747  810  631  924  788  768  704  655  876  931  893  836  836  785  935  908  944  768  906  767  928  741  865  782  681  722  720  808  855  654  850  898  633  894  683  816  808  677  658  836  764  685  701  763  687  806  764  847  860  635  753  688  741  685  848  794  661  769  766  762  886  926  766  903  633  843  839  639  660 
 846  694  911  757  793  870  638  933    0  734  911  735  829  916  840  727  816  764  729  858  703  938  882  633  720  734  924  848  793  730  936  745  884  758  685  732  698  807  696  674  708  804  908  795  718  755  760  802  640  789  762  839  762  761  925  779  942  658  878  641  776  881  713  733  652  787  899  781  867  671  852  681  749  846  787  887  812  683  923  856  944  770  858  766  819  829  887  758  938  898  894  872  696  634  931  752  682  791  823  916  919  741  733  793  679  883  780  656  918  927  944  802  682  681  800  688  692  683  880  909  944  760  928  738  719  738  908  933  912  941  904  750  747  762  788  933  769  712  867  765  922  858  812  646  784  885  754  754  936  901  749  711  660  843  691  801  783  764  688  850  742  842  715  938  929  868  932  759  752  834  805  698  816  877  927  786  680  881  642  852  901  867  754  665  782  911  918  735  908  664  697  788  899  826  850  943  871  645  805  660 
 677  708  661  913  654  907  764  926  734    0  743  890  738  650  639  820  804  760  829  878  796  645  679  693  919  703  854  798  853  933  862  789  822  791  936  669  722  928  673  708  803  774  636  902  893  889  849  931  691  813  813  847  662  814  717  859  700  858  787  734  757  908  824  645  706  658  788  854  783  839  845  803  731  691  699  674  942  828  700  890  891  630  943  833  737  861  943  683  909  926  914  703  651  901  713  733  693  911  813  678  918  687  719  758  817  709  662  704  944  879  801  782  854  923  640  656  932  692  705  809  856  769  677  778  646  908  878  700  904  896  775  787  781  888  636  774  707  904  654  938  750  932  883  760  739  918  681  835  944  908  722  713  871  645  869  786  937  686  759  904  909  645  868  639  736  660  706  846  784  783  871  786  876  635  769  754  776  851  654  710  872  931  816  884  736  893  784  651  834  703  856  838  664  919  719  707  907  896  810  711 
 675  905  757  658  657  766  729  871  911  743    0  875  883  642  660  697  635  664  752  648  724  859  651  869  903  913  641  938  681  737  674  674  883  787  687  831  656  657  944  870  655  897  829  866  873  647  758  911  743  859  840  742  943  722  787  868  713  679  936  791  809  819  919  894  896  871  737  899  764  791  705  915  661  681  781  739  822  689  713  701  832  783  858  914  727  702  682  878  657  831  932  940  930  869  900  715  813  888  713  758  668  674  734  754  787  911  860  875  868  647  873  944  864  870  736  754  944  707  634  664  781  873  802  854  731  814  865  732  802  702  725  661  807  883  865  851  636  832  821  773  928  806  714  665  869  700  777  901  650  720  696  724  918  736  812  711  639  652  785  646  776  866  665  667  745  791  722  769  865  706  802  648  662  892  735  882  648  893  762  796  884  800  668  655  639  714  655  760  843  778  742  892  718  776  801  886  766  836  631  793 
 782  914  766  843  890  935  752  636  735  890  875    0  940  891  700  795  764  719  891  799  706  849  831  904  864  775  770  779  861  889  755  704  656  737  871  697  717  821  868  872  912  881  688  660  712  855  809  636  757  786  902  645  684  718  923  837  822  863  661  883  708  772  657  641  728  752  785  651  927  871  663  908  684  855  731  805  743  794  870  632  859  754  868  709  934  697  704  908  768  738  687  806  939  919  925  744  849  834  777  768  937  855  698  719  908  791  700  802  742  668  722  678  739  658  664  753  944  767  902  879  789  763  673  797  816  685  641  638  894  754  922  858  748  786  939  727  917  790  920  630  803  816  884  749  777  943  880  924  897  662  727  903  726  779  832  860  943  771  850  661  807  658  738  767  757  760  796  822  767  717  844  634  787  728  715  898  797  850  904  810  750  828  718  905  836  687  817  771  753  709  784  908  917  800  762  784  789  936  690  646 
 846  775  718  848  928  885  634  902  829  738  883  940    0  893  832  656  649  935  902  894  643  717  676  851  721  865  840  890  873  792  778  666  697  697  713  701  919  714  863  678  918  779  631  836  858  867  844  904  861  640  667  631  830  831  761  908  716  721  689  686  886  688  808  837  877  661  790  936  632  689  931  861  655  698  788  868  642  646  851  655  921  935  672  753  794  888  922  710  630  818  721  893  799  683  912  904  681  943  692  637  703  788  848  844  813  646  891  836  813  918  715  944  897  737  736  944  914  722  732  923  695  808  766  800  830  710  681  829  850  646  875  928  910  724  849  836  702  761  774  856  702  857  701  681  896  935  716  937  698  866  773  703  888  712  709  735  666  767  737  675  895  861  641  814  799  913  938  843  668  652  697  795  667  667  830  739  818  897  883  873  674  670  777  866  656  660  846  760  699  941  814  877  753  843  911  939  933  908  887  927 
 803  846  648  728  828  942  877  834  916  650  642  891  893    0  813  934  668  636  810  936  891  821  941  737  647  660  820  837  866  750  764  828  914  739  779  770  738  703  760  885  824  768  706  655  862  921  703  748  778  721  715  771  741  699  685  925  753  894  875  879  931  675  808  875  725  892  807  803  744  747  669  735  847  801  847  806  770  736  912  872  895  868  648  928  651  848  798  781  741  712  666  701  930  775  787  819  805  903  798  738  795  748  651  832  884  670  897  841  944  687  831  906  938  937  639  652  640  891  871  938  901  862  725  920  899  907  760  788  818  872  826  649  655  836  646  763  933  695  795  944  822  827  888  854  921  905  812  872  799  840  865  871  941  631  705  650  659  707  873  653  806  935  723  711  778  903  649  822  752  664  869  739  898  692  640  784  631  815  733  677  692  780  825  750  656  939  665  673  710  845  721  689  906  704  732  837  740  919  750  743 
 774  814  743  690  775  723  675  673  840  639  660  700  832  813    0  805  764  916  888  761  816  664  848  863  767  670  820  887  876  875  829  876  893  752  893  709  792  927  921  700  818  851  734  857  927  808  664  702  935  781  862  749  869  672  655  919  666  670  875  775  757  911  802  911  643  857  669  698  738  921  841  783  725  834  784  858  757  737  791  730  876  724  847  928  930  766  822  819  778  836  812  779  736  896  768  805  720  646  692  791  635  851  644  904  892  841  848  903  915  876  794  666  683  762  784  834  833  832  790  644  825  745  675  756  916  892  891  658  778  797  782  882  831  633  905  875  922  800  848  881  751  666  716  650  860  680  696  709  792  796  726  888  925  666  893  650  815  686  810  673  894  833  860  940  798  872  729  902  829  695  792  780  939  916  705  917  709  644  702  870  815  699  862  851  651  632  736  811  694  818  835  797  880  648  911  671  727  701  854  644 
 772  821  859  944  746  782  688  933  727  820  697  795  656  934  805    0  689  925  762  666  672  916  643  823  881  927  651  767  644  649  866  854  909  768  795  696  876  926  759  746  638  836  679  850  887  891  836  789  648  700  929  680  780  678  832  764  855  897  813  878  744  825  815  695  792  633  801  806  825  760  755  634  793  842  931  720  672  730  639  832  642  883  883  724  914  923  687  885  802  651  909  804  716  863  871  834  734  822  877  775  699  743  746  653  751  801  645  871  825  821  926  670  660  841  650  776  818  859  670  789  656  692  709  876  861  798  942  910  931  736  908  934  744  774  769  747  665  911  735  721  906  933  862  902  796  655  943  914  939  742  665  780  763  642  718  854  944  720  714  923  724  804  864  761  670  828  899  645  754  850  654  712  863  879  642  639  874  793  650  944  841  896  661  929  908  828  885  900  786  830  896  657  764  913  784  747  863  940  689  773 
 805  684  678  712  777  825  890  895  816  804  635  764  649  668  764  689    0  681  675  840  714  729  898  861  650  831  861  663  782  820  771  701  764  634  722  914  941  935  759  679  917  874  710  801  829  877  928  702  683  823  839  902  708  917  662  908  819  665  863  660  726  929  849  929  822  821  808  924  652  745  839  630  678  926  846  799  728  635  686  635  653  680  917  818  715  690  856  908  806  771  859  727  843  656  743  912  783  871  705  767  760  931  874  732  904  877  824  742  849  776  798  904  710  787  889  648  883  924  693  736  673  665  709  704  944  839  775  641  729  885  770  708  791  675  723  743  747  781  837  671  751  759  694  733  653  816  818  864  757  718  708  663  852  916  630  855  943  826  724  799  793  707  754  775  664  855  660  825  686  745  834  717  691  761  816  692  670  823  831  735  636  807  893  726  929  886  639  851  826  669  744  875  901  933  854  759  705  814  716  898 
 738  654  722  785  765  704  644  837  764  760  664  719  935  636  916  925  681    0  662  659  858  761  687  706  725  794  713  631  839  871  862  739  678  720  873  645  793  779  650  800  777  785  731  936  687  832  683  635  667  632  675  794  716  774  848  919  720  821  814  775  819  720  935  793  841  836  752  691  942  811  870  802  827  812  669  816  906  640  744  778  707  731  836  875  905  804  715  869  840  940  778  913  823  728  734  683  669  724  681  922  692  866  773  651  662  695  861  758  653  826  821  838  785  720  666  712  766  656  873  708  904  770  788  803  669  807  855  830  772  729  871  723  672  638  642  708  764  877  915  697  737  875  919  798  929  844  743  807  644  839  707  693  790  657  803  883  893  943  717  791  909  648  675  791  646  838  854  784  742  638  814  661  778  645  808  740  936  764  755  814  668  704  631  836  798  681  842  752  849  893  744  831  902  671  764  669  758  687  932  779 
 908  881  729  845  838  939  747  735  729  829  752  891  902  810  888  762  675  662    0  935  891  633  743  805  721  637  811  658  888  803  772  699  915  835  904  638  705  724  700  891  782  837  663  665  766  653  895  935  740  774  651  784  745  844  815  911  808  657  915  696  724  736  805  709  654  942  760  773  662  928  791  859  852  943  719  821  639  854  856  867  688  677  774  769  653  733  803  631  692  866  734  750  826  806  782  730  755  663  638  764  884  804  843  640  760  793  870  796  727  713  925  926  934  706  651  835  825  906  737  862  878  713  653  922  872  707  670  881  869  725  874  897  847  675  764  854  895  832  753  746  906  912  647  658  690  690  795  664  923  825  720  674  676  676  812  779  932  850  833  722  725  678  921  907  703  672  851  913  759  943  704  890  822  646  884  925  831  837  870  655  687  634  921  788  746  681  815  893  863  775  750  849  756  785  636  920  713  658  839  655 
 768  636  812  810  911  708  747  864  858  878  648  799  894  936  761  666  840  659  935    0  903  769  833  903  813  743  685  763  731  828  917  664  879  875  649  753  881  729  654  671  870  724  930  665  861  749  890  826  900  915  870  910  671  670  714  854  693  874  772  901  795  718  748  930  764  908  886  823  935  905  713  835  660  724  717  921  685  680  753  909  718  828  853  717  765  763  912  889  640  766  657  847  859  653  902  842  633  806  766  705  863  739  827  631  923  856  776  860  900  745  633  907  660  838  763  765  700  937  829  915  937  864  914  847  860  842  703  789  861  734  799  799  697  777  901  640  864  663  903  761  692  898  685  928  654  806  660  878  686  849  897  913  664  755  890  895  804  653  840  630  633  900  909  663  837  716  926  893  722  705  676  652  880  848  862  875  728  704  686  632  715  845  668  648  888  722  679  749  774  769  811  917  799  686  819  852  855  639  666  858 
 795  771  896  672  634  854  865  783  703  796  724  706  643  891  816  672  714  858  891  903    0  809  687  680  668  817  699  839  722  657  859  734  639  860  727  724  893  859  820  747  889  922  704  817  721  690  782  932  772  691  703  886  732  881  700  641  672  857  934  711  819  920  773  797  645  944  712  783  925  837  869  708  913  880  669  838  751  682  706  799  821  678  829  878  759  772  915  672  631  798  872  650  671  833  932  928  782  872  751  632  735  856  753  871  813  944  663  916  863  914  701  682  858  932  711  634  672  723  944  676  902  863  848  901  794  730  677  640  636  942  890  778  701  733  774  693  680  908  741  867  670  655  753  904  841  680  745  849  886  725  805  905  640  682  665  841  842  695  661  772  817  907  926  857  654  646  655  634  664  918  722  899  814  811  935  941  760  817  769  720  635  855  907  783  682  632  795  881  855  909  683  681  746  912  767  904  822  865  857  630 
 765  689  638  845  775  900  798  761  938  645  859  849  717  821  664  916  729  761  633  769  809    0  680  903  839  671  740  821  762  658  736  745  716  801  823  943  781  737  669  820  885  864  661  674  927  742  881  864  668  700  871  804  632  678  726  881  747  856  940  818  782  942  933  876  900  763  839  916  691  654  641  832  944  735  770  630  723  777  806  747  680  766  874  885  909  848  891  920  830  649  709  686  677  855  658  759  777  678  789  764  633  804  718  630  773  811  827  879  737  682  814  937  929  719  671  674  786  681  682  882  913  874  686  734  833  828  876  666  820  691  874  873  710  928  764  891  855  864  899  651  757  766  644  644  671  924  784  758  713  721  666  685  901  874  636  686  770  719  745  933  636  709  701  776  778  805  757  787  819  755  780  821  666  760  744  703  800  839  898  857  901  657  830  644  778  710  734  690  718  786  746  718  860  736  634  706  768  657  718  840 
 944  929  803  819  771  905  770  682  882  679  651  831  676  941  848  643  898  687  743  833  687  680    0  704  721  679  782  726  818  712  801  747  664  756  765  692  876  937  861  918  814  908  939  664  722  825  824  943  821  777  647  690  739  772  699  904  781  889  933  657  821  827  678  935  671  830  679  770  920  830  853  841  775  850  798  690  636  673  903  734  819  680  680  634  791  804  728  672  701  816  829  888  772  837  802  933  871  703  872  633  696  743  868  752  866  638  630  937  711  722  652  783  638  917  644  785  934  766  735  887  664  910  709  662  719  885  753  717  763  688  742  808  847  683  916  645  827  764  884  693  881  813  806  783  881  896  766  741  719  690  924  944  894  740  910  876  800  858  839  638  840  846  723  638  809  708  761  892  791  842  823  904  850  903  917  813  694  718  732  854  750  699  935  632  795  904  897  940  920  742  807  815  735  694  689  802  753  675  874  696 
 710  801  913  839  920  795  849  941  633  693  869  904  851  737  863  823  861  706  805  903  680  903  704    0  638  873  744  680  726  673  930  712  844  891  923  873  744  676  825  757  757  819  846  635  745  902  799  815  808  773  921  809  911  807  883  902  675  941  694  821  678  875  880  733  935  719  880  682  831  899  711  645  633  933  683  798  647  857  724  926  835  755  811  864  660  801  781  859  934  906  817  919  641  718  866  869  632  873  816  818  879  752  798  933  672  812  738  742  773  814  892  874  694  706  794  942  695  720  657  634  919  700  684  642  659  775  749  886  642  822  739  689  861  694  735  783  885  744  808  825  698  748  721  768  658  779  745  775  866  726  669  680  834  944  908  711  809  760  795  637  804  757  717  684  811  904  887  684  734  782  731  834  720  722  675  824  749  872  631  815  784  738  758  911  657  799  915  944  647  758  721  672  699  929  907  661  853  720  751  913 
 856  855  887  763  708  726  754  894  720  919  903  864  721  647  767  881  650  725  721  813  668  839  721  638    0  704  732  773  642  911  867  673  682  768  671  791  648  764  750  914  671  750  734  834  635  740  635  931  671  648  758  906  880  870  800  830  850  720  794  943  843  766  780  679  704  901  862  706  861  880  847  910  647  926  679  884  713  800  642  682  740  711  645  711  711  813  944  784  915  788  939  698  831  823  739  782  686  777  656  891  884  661  863  911  676  761  647  716  640  931  803  848  694  729  784  712  883  725  732  662  649  692  902  855  721  749  805  793  837  749  894  677  852  663  723  847  667  854  722  704  859  664  891  837  798  922  805  751  933  739  741  892  641  919  817  713  699  909  799  932  808  925  630  717  653  886  734  714  899  633  752  669  668  899  773  743  722  651  744  742  796  715  698  735  906  757  873  918  732  823  630  887  633  863  876  816  896  776  661  925 
 670  729  665  692  665  733  755  890  734  703  913  775  865  660  670  927  831  794  637  743  817  671  679  873  704    0  820  847  669  824  687  704  702  758  874  939  701  683  801  630  716  794  908  851  732  937  835  707  896  710  755  823  825  847  686  808  659  686  886  766  799  821  674  812  692  821  784  665  860  650  727  841  668  791  848  664  754  935  819  851  711  857  747  844  709  777  790  901  650  871  672  678  909  728  778  772  845  641  683  690  862  785  739  821  849  856  648  682  748  864  860  685  852  936  872  712  831  631  774  749  938  864  810  938  849  675  908  839  700  642  898  689  725  705  777  787  649  879  661  825  932  717  930  666  887  911  878  940  940  846  942  737  671  740  720  730  867  866  753  712  831  696  874  733  877  706  845  683  817  811  661  795  941  918  726  703  798  859  867  834  865  657  704  709  939  667  862  901  645  649  696  818  942  741  777  651  869  874  725  877 
 817  697  702  938  843  846  883  630  924  854  641  770  840  820  820  651  861  713  811  685  699  740  782  744  732  820    0  924  707  840  683  841  701  687  757  655  931  738  758  834  661  825  909  714  883  825  793  917  721  885  692  809  803  840  677  655  723  911  849  923  696  816  665  738  933  693  905  894  702  760  807  839  893  889  702  944  771  907  755  901  883  925  911  921  669  753  798  894  806  687  794  848  654  939  652  854  688  683  652  789  793  671  855  934  830  870  803  759  715  856  933  824  726  802  869  913  850  916  763  737  807  721  689  829  873  668  668  836  696  704  845  642  650  898  856  654  669  810  728  944  893  814  892  713  859  904  656  791  647  863  731  691  790  764  871  735  753  827  801  724  808  854  833  819  717  695  844  838  685  850  728  795  911  675  925  645  704  762  775  660  726  825  923  708  921  691  837  845  748  717  902  661  654  695  676  817  909  664  915  845 
 772  790  758  758  928  649  704  938  848  798  938  779  890  837  887  767  663  631  658  763  839  821  726  680  773  847  924    0  907  879  791  932  779  756  764  789  710  908  845  700  874  810  695  807  789  742  791  876  743  686  908  842  877  825  826  867  895  848  645  751  819  882  699  811  888  795  853  753  774  709  897  832  632  901  751  795  714  940  680  632  700  826  821  911  933  634  872  936  736  727  919  700  927  892  903  887  777  931  764  870  869  866  699  769  913  936  936  840  762  730  872  932  658  691  728  938  687  863  792  766  893  826  826  907  886  738  711  782  687  749  795  905  734  899  750  929  774  852  826  898  786  925  843  809  758  863  813  714  703  765  648  820  653  784  785  745  708  630  743  796  941  876  676  710  824  731  683  849  650  638  740  679  689  823  804  911  868  719  675  763  677  917  901  672  928  658  665  898  840  857  772  701  664  733  845  851  718  664  830  779 
 672  840  820  918  845  771  846  690  793  853  681  861  873  866  876  644  782  839  888  731  722  762  818  726  642  669  707  907    0  722  698  743  922  786  750  712  728  645  693  656  751  713  732  810  932  852  868  746  889  844  835  645  647  673  780  884  689  711  772  662  752  925  882  674  873  835  803  912  775  776  636  829  711  670  930  677  710  880  685  740  935  667  697  899  868  877  919  767  640  848  889  661  852  665  792  756  782  675  847  905  694  739  813  747  771  787  778  873  779  911  690  752  722  661  651  912  732  656  825  856  868  636  925  777  936  677  746  663  696  856  791  880  843  751  934  641  831  773  850  914  719  941  929  645  932  944  682  762  631  719  867  645  669  920  881  721  646  820  830  777  697  733  675  809  699  762  780  846  851  722  863  697  823  717  898  706  784  763  826  931  726  931  878  662  683  737  820  895  931  739  883  936  683  711  885  716  772  828  850  822 
 682  837  824  866  854  757  893  929  730  933  737  889  792  750  875  649  820  871  803  828  657  658  712  673  911  824  840  879  722    0  878  810  937  841  834  702  787  633  800  703  907  695  934  880  761  875  679  756  904  851  936  762  835  744  891  937  659  734  713  751  769  738  730  648  932  757  893  789  882  864  663  795  829  699  928  906  807  708  824  814  725  848  855  681  695  811  736  694  866  743  866  744  883  832  918  889  815  923  892  660  909  938  754  843  858  695  803  775  769  910  735  789  912  906  931  677  851  891  637  930  895  696  730  763  652  812  785  684  920  906  814  693  680  821  900  733  752  856  697  645  793  756  734  672  902  811  876  697  833  823  769  765  847  640  805  850  899  751  691  824  751  689  714  714  701  859  695  720  640  775  860  756  777  846  902  826  844  733  767  777  884  826  780  680  870  699  729  833  928  828  772  631  787  659  731  634  936  834  770  845 
 771  724  664  815  863  914  719  912  936  862  674  755  778  764  829  866  771  862  772  917  859  736  801  930  867  687  683  791  698  878    0  719  776  648  799  702  896  782  759  654  940  796  687  685  906  693  886  917  742  868  892  768  661  908  741  685  634  761  749  807  637  855  903  658  933  768  870  636  743  931  679  647  813  903  941  646  800  917  774  682  736  702  687  830  893  752  937  784  821  783  807  744  830  802  782  816  775  763  803  711  900  717  879  891  771  776  846  916  672  712  718  883  730  744  897  672  657  670  760  892  903  850  644  936  824  822  755  703  865  841  843  848  706  878  784  900  668  841  750  799  735  650  866  745  825  638  690  857  751  788  782  864  930  799  794  738  726  911  837  840  866  710  687  700  848  931  841  909  774  642  752  915  678  752  836  833  916  729  918  787  806  681  691  667  721  830  932  805  716  824  844  882  878  743  724  656  809  808  944  908 
 820  806  666  754  916  858  942  637  745  789  674  704  666  828  876  854  701  739  699  664  734  745  747  712  673  704  841  932  743  810  719    0  787  739  722  730  873  810  930  851  653  826  892  879  818  633  906  655  815  919  791  643  763  690  654  895  736  787  814  846  820  843  765  663  802  847  914  711  845  703  910  880  696  802  674  672  880  688  655  922  880  826  855  754  882  750  841  678  683  773  870  862  827  794  660  630  691  737  730  787  822  693  926  778  846  941  698  750  850  658  811  723  661  666  688  787  867  675  824  763  704  680  906  697  897  837  775  734  709  901  909  642  797  799  902  806  682  644  857  820  656  750  770  644  914  669  928  798  916  837  709  803  893  909  698  718  836  894  678  640  870  653  676  673  833  817  819  645  796  660  786  672  942  931  938  721  926  809  688  894  658  757  683  861  779  675  713  754  859  664  677  739  640  642  932  731  756  937  771  717 
 683  873  825  862  752  653  868  847  884  822  883  656  697  914  893  909  764  678  915  879  639  716  664  844  682  702  701  779  922  937  776  787    0  901  857  863  788  850  936  857  731  666  825  741  654  756  665  716  749  897  835  882  702  930  857  815  880  838  644  750  735  811  789  894  870  808  898  886  812  859  895  772  885  833  854  672  661  683  867  832  674  635  759  887  873  778  699  909  644  773  833  876  687  670  720  796  716  712  808  747  755  899  683  710  815  932  792  794  653  636  787  840  922  694  845  829  696  864  748  865  663  776  836  852  667  702  830  791  911  889  704  730  728  679  916  763  859  865  941  852  751  877  889  921  925  928  920  862  940  750  700  662  687  638  675  943  846  759  676  636  911  755  791  873  901  907  681  781  832  934  731  668  836  808  776  728  813  926  923  907  878  725  632  652  877  838  754  851  825  741  831  804  885  737  703  669  917  804  743  703 
 687  776  752  714  757  782  648  921  758  791  787  737  697  739  752  768  634  720  835  875  860  801  756  891  768  758  687  756  786  841  648  739  901    0  910  868  916  779  867  840  745  912  783  701  828  659  810  849  721  667  836  704  938  694  927  649  708  884  766  714  794  641  782  940  683  865  738  820  769  870  894  867  869  658  819  646  732  840  800  920  882  922  852  881  857  654  912  856  712  889  890  657  863  751  928  691  767  728  651  686  902  680  720  826  657  771  649  916  788  658  669  844  826  752  705  830  830  664  635  884  729  877  711  920  797  731  892  778  742  774  784  767  742  668  870  751  646  914  731  802  909  677  640  900  940  846  844  735  645  758  637  656  697  693  718  671  865  706  944  735  730  637  681  794  736  743  661  748  831  783  646  940  776  897  696  827  769  710  877  851  792  727  932  774  649  894  841  743  789  875  788  819  932  644  927  929  789  883  769  693 
 681  724  820  881  854  657  753  837  685  936  687  871  713  779  893  795  722  873  904  649  727  823  765  923  671  874  757  764  750  834  799  722  857  910    0  645  828  673  780  788  774  904  748  870  872  791  888  899  751  655  697  681  825  775  778  686  896  838  707  691  872  919  738  881  849  696  859  868  915  866  783  781  786  769  867  930  677  660  939  668  781  910  870  673  892  941  815  756  807  643  819  686  892  787  838  744  781  633  632  784  685  723  881  673  866  816  859  732  808  649  872  821  829  684  903  895  925  870  668  636  735  783  694  722  935  703  663  836  904  863  758  681  805  779  764  788  693  735  747  740  770  644  936  908  693  909  775  728  844  806  833  681  880  648  878  691  707  635  666  745  880  791  800  638  755  684  813  876  669  889  687  903  770  662  842  862  878  734  884  920  651  778  654  691  893  653  767  884  935  914  743  756  779  862  699  802  742  810  884  779 
 915  766  911  817  843  944  749  869  732  669  831  697  701  770  709  696  914  645  638  753  724  943  692  873  791  939  655  789  712  702  702  730  863  868  645    0  651  788  860  895  792  767  693  712  683  943  739  711  725  858  793  872  814  663  759  702  841  723  878  927  743  640  804  751  708  659  894  741  873  664  943  821  882  795  663  853  781  837  888  672  907  914  742  848  785  631  707  924  682  875  818  777  673  729  910  812  689  748  842  745  706  800  667  825  869  664  688  849  633  729  689  839  795  877  708  673  669  880  860  785  788  691  695  821  887  839  894  720  805  748  801  886  877  637  780  862  647  671  796  937  746  695  841  686  715  761  632  767  772  886  907  904  932  836  738  724  803  795  699  943  934  697  944  677  914  633  867  918  822  899  765  836  740  910  860  711  724  656  887  700  804  842  631  688  670  790  922  868  893  784  676  765  709  732  866  670  742  687  894  772 
 839  667  647  810  795  856  758  814  698  722  656  717  919  738  792  876  941  793  705  881  893  781  876  744  648  701  931  710  728  787  896  873  788  916  828  651    0  810  867  773  938  655  664  666  869  673  735  643  751  892  674  824  895  872  741  673  750  737  766  933  785  801  754  890  859  674  780  920  913  749  806  773  805  903  898  871  868  781  927  714  637  934  734  791  790  925  653  754  899  638  796  714  776  698  736  775  696  814  665  755  944  857  701  768  693  717  754  913  810  746  933  768  784  886  795  852  643  927  865  773  671  661  681  905  878  902  714  688  656  673  797  912  873  796  940  870  917  672  713  642  884  933  844  830  768  800  730  791  832  731  862  691  749  642  926  922  680  733  839  854  655  827  765  748  800  928  741  941  646  807  690  890  725  895  835  703  854  796  802  772  848  905  838  894  639  798  867  859  811  868  676  643  685  634  863  926  869  763  637  912 
 775  930  685  715  926  673  674  783  807  928  657  821  714  703  927  926  935  779  724  729  859  737  937  676  764  683  738  908  645  633  782  810  850  779  673  788  810    0  675  898  687  728  677  837  833  909  768  765  715  714  888  842  736  879  872  796  863  920  692  784  842  777  826  822  847  644  716  817  941  812  942  825  788  831  848  771  860  771  631  664  883  646  926  941  910  878  794  711  727  725  800  674  749  778  926  920  856  732  651  762  773  744  847  833  849  735  784  766  679  654  631  854  862  653  703  750  840  858  779  668  644  943  713  813  841  880  900  849  789  845  761  655  928  871  791  647  782  667  764  665  786  661  724  840  905  892  650  835  710  887  651  913  901  733  750  919  708  769  734  938  631  727  908  934  669  834  636  676  910  927  798  691  807  686  647  814  718  677  652  893  807  792  931  781  918  919  660  791  638  846  839  640  757  813  690  874  646  655  641  797 
 723  783  829  672  768  921  743  800  696  673  944  868  863  760  921  759  759  650  700  654  820  669  861  825  750  801  758  845  693  800  759  930  936  867  780  860  867  675    0  682  633  692  849  735  689  818  750  724  636  692  707  828  780  664  661  801  819  894  931  671  939  729  737  681  674  762  767  911  729  817  636  889  887  934  886  678  715  801  687  788  872  812  764  897  839  841  699  767  778  742  670  635  678  645  861  631  928  878  658  675  938  641  848  827  659  856  654  790  866  878  754  846  919  811  687  886  704  654  792  761  907  820  681  736  672  895  678  894  672  903  694  795  898  902  906  813  878  786  693  710  722  768  827  933  707  911  802  750  842  646  939  844  759  875  754  633  699  932  928  906  659  756  758  643  633  925  672  936  672  843  692  759  877  902  883  829  873  759  886  835  832  777  877  806  926  747  764  699  912  906  809  801  790  766  835  914  879  719  743  719 
