30 4 24 433

   0  926  719  822  766  909  782  850  768  699  804  826  894  837  750  922  758  677  900  704  711  928  656  845  935  836  764  795  798  664 
 926    0  893  729  844  791  796  673  843  640  686  800  909  640  660  681  772  728  830  861  936  807  894  914  656  689  892  706  771  929 
 719  893    0  940  803  923  801  728  836  659  694  737  668  641  645  767  641  690  903  641  664  924  650  714  719  843  843  827  730  692 
 822  729  940    0  890  800  734  679  634  851  841  672  721  811  788  720  792  708  934  759  728  656  859  857  794  632  824  867  833  681 
 766  844  803  890    0  915  756  826  900  783  822  907  680  657  836  711  745  847  860  840  834  885  747  686  647  727  913  790  697  760 
 909  791  923  800  915    0  673  632  896  681  807  934  771  699  764  870  774  852  793  840  907  926  856  742  917  843  785  707  871  899 
 782  796  801  734  756  673    0  850  696  873  944  906  782  667  660  735  846  831  760  726  715  800  654  687  855  827  765  773  839  672 
 850  673  728  679  826  632  850    0  805  740  704  813  928  789  914  781  640  891  877  847  692  924  765  754  658  778  647  876  738  686 
 768  843  836  634  900  896  696  805    0  634  646  805  755  726  855  766  674  835  833  888  896  642  895  649  648  833  789  669  820  772 
 699  640  659  851  783  681  873  740  634    0  756  706  942  852  902  922  932  926  903  661  808  904  900  632  636  848  774  850  819  827 
 804  686  694  841  822  807  944  704  646  756    0  740  910  858  712  771  894  859  897  908  655  662  913  826  878  679  937  823  741  764 
 826  800  737  672  907  934  906  813  805  706  740    0  749  858  677  689  894  670  633  707  699  854  787  645  908  767  686  860  786  739 
 894  909  668  721  680  771  782  928  755  942  910  749    0  731  726  664  900  671  848  677  776  858  874  657  919  769  869  838  775  683 
 837  640  641  811  657  699  667  789  726  852  858  858  731    0  938  655  691  770  818  788  842  730  940  922  746  750  932  860  873  904 
 750  660  645  788  836  764  660  914  855  902  712  677  726  938    0  893  695  929  851  927  763  684  673  778  704  746  771  678  744  772 
 922  681  767  720  711  870  735  781  766  922  771  689  664  655  893    0  657  661  649  860  752  855  756  876  925  674  794  887  742  825 
 758  772  641  792  745  774  846  640  674  932  894  894  900  691  695  657    0  655  696  941  835  719  919  812  850  695  727  766  666  886 
 677  728  690  708  847  852  831  891  835  926  859  670  671  770  929  661  655    0  884  921  933  714  722  668  631  791  829  684  823  943 
 900  830  903  934  860  793  760  877  833  903  897  633  848  818  851  649  696  884    0  830  735  806  853  868  714  709  635  755  799  724 
 704  861  641  759  840  840  726  847  888  661  908  707  677  788  927  860  941  921  830    0  821  870  847  644  704  838  703  889  757  725 
 711  936  664  728  834  907  715  692  896  808  655  699  776  842  763  752  835  933  735  821    0  833  908  758  889  850  740  748  939  756 
 928  807  924  656  885  926  800  924  642  904  662  854  858  730  684  855  719  714  806  870  833    0  790  853  696  872  763  855  745  806 
 656  894  650  859  747  856  654  765  895  900  913  787  874  940  673  756  919  722  853  847  908  790    0  837  700  727  808  812  876  865 
 845  914  714  857  686  742  687  754  649  632  826  645  657  922  778  876  812  668  868  644  758  853  837    0  713  730  791  706  762  940 
 935  656  719  794  647  917  855  658  648  636  878  908  919  746  704  925  850  631  714  704  889  696  700  713    0  934  677  840  877  663 
 836  689  843  632  727  843  827  778  833  848  679  767  769  750  746  674  695  791  709  838  850  872  727  730  934    0  680  795  656  897 
 764  892  843  824  913  785  765  647  789  774  937  686  869  932  771  794  727  829  635  703  740  763  808  791  677  680    0  702  932  884 
 795  706  827  867  790  707  773  876  669  850  823  860  838  860  678  887  766  684  755  889  748  855  812  706  840  795  702    0  657  840 
 798  771  730  833  697  871  839  738  820  819  741  786  775  873  744  742  666  823  799  757  939  745  876  762  877  656  932  657    0  857 
 664  929  692  681  760  899  672  686  772  827  764  739  683  904  772  825  886  943  724  725  756  806  865  940  663  897  884  840  857    0 

   0  654 1104  810  874 1112 1035  732  764  686  641  616  652  977  801 1116 1194 1082  980  801 1103  972 1200  781  860  758  666 1152 1145  795 
 654    0  890 1069 1152 1105 1117  625  692  606  950 1149  611  814  705  819  825  922  726  623  760  994  837  757 1137  885  601  634  950  957 
1104  890    0  787  634  865  601 1119  786  984  758 1087  695 1108 1064  826  605 1131  884 1126 1146  634 1129 1137 1123  949  998  850 1023  601 
 810 1069  787    0 1103  605  657  899  605  856  625 1029  674 1134  637 1104  604  820 1099  774  871  800  617 1102  677 1163  907  970 1062  729 
 874 1152  634 1103    0 1160 1043  929 1000  855  908  721  675  720 1108 1174 1044  678  659 1059  605  708  800  814  764  869 1198  747 1179  923 
1112 1105  865  605 1160    0  826  952 1010  792 1079  720  802  819 1193 1000  687 1152  915  909  789 1031  811 1195  678 1105  691 1079  658  769 
1035 1117  601  657 1043  826    0  800 1042  811  994  963 1029  959  948  816  756  616  731  605  634 1054 1070  615  941  611  905  789  914  788 
 732  625 1119  899  929  952  800    0  856  678  830  615 1170  679  960 1080  614  922  750  897  817  907 1130 1164  766  702 1000 1174  838  818 
 764  692  786  605 1000 1010 1042  856    0  642  783 1108  906  803  859 1036  807 1146 1025  741  763  879 1186  919  916  805  655  638  938  949 
 686  606  984  856  855  792  811  678  642    0 1030  750 1087  967  903  739  669  911  919 1067 1006  854  977  750  640 1069  701  818 1097 1057 
 641  950  758  625  908 1079  994  830  783 1030    0  880 1176 1094  744  933 1130  600  993  770  947  912  965  918  759 1070  993  661  938  879 
 616 1149 1087 1029  721  720  963  615 1108  750  880    0  664 1134  639 1193 1000  735  989  742 1111  656  911  976  898 1082  900 1052  830  874 
 652  611  695  674  675  802 1029 1170  906 1087 1176  664    0  642 1157  919  926 1067 1145 1076  971  965  845  704  837  834  874  870 1056 1047 
 977  814 1108 1134  720  819  959  679  803  967 1094 1134  642    0  912 1030  819 1065  946  936  970  924 1105  614 1072  739  913 1005  868  883 
 801  705 1064  637 1108 1193  948  960  859  903  744  639 1157  912    0 1142  800  797 1102  774  787  700 1069 1137 1019 1143 1121 1034  681  855 
1116  819  826 1104 1174 1000  816 1080 1036  739  933 1193  919 1030 1142    0  906  722  855  731  793  936  696 1046  910 1074  922  806  658  931 
1194  825  605  604 1044  687  756  614  807  669 1130 1000  926  819  800  906    0  626 1108  717  710  813 1174  917  632 1157  603  902  979 1014 
1082  922 1131  820  678 1152  616  922 1146  911  600  735 1067 1065  797  722  626    0 1151  692 1146 1147 1056  818  712  604 1032  924  948  893 
 980  726  884 1099  659  915  731  750 1025  919  993  989 1145  946 1102  855 1108 1151    0  932 1106 1158 1007 1015  880  683  630  653  965 1066 
 801  623 1126  774 1059  909  605  897  741 1067  770  742 1076  936  774  731  717  692  932    0  755  615  922  987  928  878  791 1027  874  661 
1103  760 1146  871  605  789  634  817  763 1006  947 1111  971  970  787  793  710 1146 1106  755    0 1179  661 1001  743  651  772  654  711  695 
 972  994  634  800  708 1031 1054  907  879  854  912  656  965  924  700  936  813 1147 1158  615 1179    0  912  918  747  699  908  877  855 1102 
1200  837 1129  617  800  811 1070 1130 1186  977  965  911  845 1105 1069  696 1174 1056 1007  922  661  912    0  983  840  697 1117 1119  955  600 
 781  757 1137 1102  814 1195  615 1164  919  750  918  976  704  614 1137 1046  917  818 1015  987 1001  918  983    0 1007  828 1053  910  873  873 
 860 1137 1123  677  764  678  941  766  916  640  759  898  837 1072 1019  910  632  712  880  928  743  747  840 1007    0 1029  849 1182  784  870 
 758  885  949 1163  869 1105  611  702  805 1069 1070 1082  834  739 1143 1074 1157  604  683  878  651  699  697  828 1029    0 1130 1029  636  688 
 666  601  998  907 1198  691  905 1000  655  701  993  900  874  913 1121  922  603 1032  630  791  772  908 1117 1053  849 1130    0  734 1167 1050 
1152  634  850  970  747 1079  789 1174  638  818  661 1052  870 1005 1034  806  902  924  653 1027  654  877 1119  910 1182 1029  734    0 1138  600 
1145  950 1023 1062 1179  658  914  838  938 1097  938  830 1056  868  681  658  979  948  965  874  711  855  955  873  784  636 1167 1138    0  807 
 795  957  601  729  923  769  788  818  949 1057  879  874 1047  883  855  931 1014  893 1066  661  695 1102  600  873  870  688 1050  600  807    0 

0 328 1097
1 682 760
2 425 711
3 676 1007
4 369 1085
5 679 988
6 267 872
7 323 834
8 510 1068
9 573 878
10 606 1086
11 502 831
12 660 988
13 221 791
14 295 825
15 377 749
16 209 723
17 649 1099
18 605 858
19 326 913
20 416 905
21 638 951
22 274 812
23 497 1099
24 445 804
25 538 713
26 473 858
27 619 986
28 300 1082
29 318 812

0 15 15154 19417 3688 
0 11 4518 6581 2478 
0 10 5598 8072 2412 
0 6 5905 9196 3128 
0 8 11536 13491 2304 
0 16 1838 4596 2274 
0 27 7142 11542 1590 
0 8 4493 6563 3072 
0 26 15713 17790 3056 
0 20 13646 16668 1422 
0 18 7975 11248 3600 
0 17 6555 9443 2708 
0 2 8380 10643 2157 
0 16 23456 27264 2274 
0 24 21590 23748 3740 
0 10 8028 9418 1608 
0 3 6010 8909 1644 
0 21 22431 25755 3712 
0 16 10814 13536 1516 
0 22 27565 31597 1312 
1 12 8053 10368 2727 
1 25 7920 10946 1378 
1 14 25017 27724 1320 
1 13 11473 14590 1280 
1 11 28163 31747 3200 
1 23 15188 17882 2742 
1 17 10195 13090 2184 
1 20 15532 17280 1872 
1 21 27730 30851 1614 
1 6 15334 19053 1592 
1 20 17349 19249 2808 
2 3 1840 4586 2820 
2 28 18086 20878 2190 
2 6 25767 27756 2403 
2 11 17105 20366 2948 
2 27 5626 8932 2481 
2 12 11660 14231 1336 
2 8 21307 23531 3344 
2 25 12814 15651 1686 
2 10 26707 29102 1388 
2 29 12562 14443 2768 
2 23 23494 26643 2142 
2 7 21261 24170 2184 
2 19 17145 19397 1282 
2 12 1527 3285 2004 
2 1 17704 20552 1786 
2 18 931 4016 3612 
2 25 3913 7101 3372 
2 25 27233 30478 1686 
2 22 22581 26498 1300 
2 25 17223 20088 1686 
2 26 17712 19817 1686 
2 13 11716 14297 1923 
2 19 18166 22095 1282 
2 9 6059 8951 1977 
3 23 12293 15411 3428 
3 2 23602 25671 3760 
3 19 6110 7998 1518 
3 20 4357 7205 2912 
3 0 21534 24701 1644 
3 5 22379 24563 3200 
3 21 5245 8309 2624 
3 21 16542 19030 1968 
3 4 1021 4837 1780 
3 28 1726 4126 1666 
3 11 2369 4992 2688 
3 4 12715 16641 3560 
3 0 4069 6256 2466 
3 15 12287 16139 2160 
3 11 6362 9479 2688 
3 22 14098 15979 2577 
3 0 18290 19966 2466 
3 11 2601 4885 1344 
3 9 13133 15264 3404 
3 7 25244 27554 2037 
3 4 22892 26333 3560 
3 16 5793 7919 1584 
4 25 25515 28573 2181 
4 9 7532 9660 1566 
4 19 18542 21147 2520 
4 1 26236 30233 1688 
4 18 14721 17330 2580 
4 3 20940 24679 1780 
4 0 26129 28619 2298 
4 14 5793 9659 2508 
4 22 4542 7326 1494 
4 3 24734 28528 1780 
4 1 12515 15406 1688 
4 19 13625 17670 3360 
4 17 18078 20234 2541 
4 22 2867 4571 1494 
4 16 26220 29769 2980 
4 25 4812 7306 2181 
4 18 15262 17654 1720 
4 18 7710 9423 3440 
4 28 7909 12082 1394 
4 3 25904 30194 1780 
4 21 1811 4289 1770 
4 2 28287 30575 3212 
4 22 16902 18894 1494 
5 15 11775 14285 1740 
5 4 28636 31617 2745 
5 10 5360 9427 2421 
5 25 15978 18508 2529 
5 7 13299 16669 1896 
5 20 23303 25709 1814 
5 21 11614 14758 1852 
5 13 24880 26550 2097 
5 11 12783 15497 2802 
5 28 13401 15986 3484 
5 1 26603 30050 3164 
5 7 2846 4921 1896 
5 14 778 5084 2292 
5 16 1021 3755 2322 
5 18 11190 14319 2379 
6 22 1853 5458 1308 
6 19 24771 25987 2178 
6 18 28243 31050 2280 
6 18 22756 24225 3040 
6 26 6824 9720 2295 
6 29 22431 24913 2016 
6 13 15423 18587 2001 
6 25 7113 8903 2481 
6 20 10122 12182 1430 
6 5 23107 25931 2692 
6 11 10819 13862 2718 
6 3 5696 7351 2936 
6 11 1146 4660 1812 
6 7 330 2298 3400 
6 7 22292 24284 2550 
6 3 7219 9590 2202 
6 1 11757 15610 3184 
7 2 28765 31853 2912 
7 10 12646 15302 2112 
7 16 200 1931 1280 
7 10 2306 5202 1408 
7 6 16906 19346 2550 
7 3 14715 17358 2716 
7 19 22481 25683 3388 
7 26 25111 28061 1294 
7 29 14539 17516 2058 
7 11 381 1961 3252 
7 4 24656 27805 1652 
7 1 24071 25921 2019 
7 9 11921 14571 2960 
7 8 13678 15432 3220 
7 12 6958 11485 2784 
7 18 26882 29327 3508 
7 17 27514 29643 2673 
8 20 7408 9437 1792 
8 13 28263 30374 2178 
8 6 22246 25184 2784 
8 0 24804 26882 3072 
8 12 3660 5553 2265 
8 20 5355 8223 2688 
8 16 10470 12713 1348 
8 14 18467 21456 3420 
8 5 308 2338 3584 
9 10 2006 5477 3024 
9 11 26679 28546 2118 
9 29 23580 27152 3308 
9 24 26216 28315 1908 
9 13 21996 24133 1704 
9 18 4857 7172 3612 
9 13 17807 20137 2556 
9 6 20931 23428 2619 
9 2 23197 25558 1977 
9 0 4300 6207 1398 
9 28 17586 20898 2457 
9 4 6213 9222 1566 
9 18 26749 29974 3612 
9 13 23471 27174 3408 
9 16 28106 30246 2796 
9 10 16713 19792 1512 
9 6 7332 9756 2619 
9 11 11652 13947 2118 
10 12 22684 25083 1820 
10 19 8554 10971 1816 
10 29 21682 23976 2292 
10 7 25749 29010 2816 
10 4 17785 20781 2466 
10 22 11736 14399 2739 
10 26 26692 29104 3748 
10 7 20806 22847 1408 
10 28 3729 6796 2223 
10 7 2407 4440 2816 
10 16 28636 31404 1788 
10 22 11435 14030 1826 
11 27 23076 27010 2580 
11 23 10108 13494 1290 
11 9 28733 30908 1412 
11 17 27929 30258 2680 
11 7 28092 29334 2439 
11 1 23694 26819 1600 
11 25 2347 5841 3068 
11 27 684 3650 2580 
11 17 1181 3408 1340 
11 23 4551 7508 1935 
11 20 14019 17440 1398 
11 22 15444 17912 1574 
11 16 5919 9529 1788 
11 20 28168 31501 1398 
11 28 27579 30218 3144 
11 8 11538 14972 1610 
12 21 3063 6083 3432 
12 10 3045 5549 3640 
12 13 12246 14544 2193 
12 2 25826 27855 2672 
12 1 27714 29779 3636 
12 20 24887 27965 1552 
12 28 15426 19026 2325 
12 0 20577 22213 3576 
13 12 16222 17923 2924 
13 3 8126 11505 3244 
13 21 3087 5720 2920 
13 19 2009 3937 2364 
13 27 8399 11072 3440 
13 11 27056 30673 1716 
13 8 11650 14267 2178 
13 25 2453 4115 1500 
13 22 11004 13479 2820 
13 1 26982 28618 2560 
13 16 2065 4808 1382 
14 9 28761 30738 1804 
14 25 24058 27372 2238 
14 15 11514 15248 3572 
14 12 3506 6653 1452 
14 19 23152 24955 3708 
14 28 20319 22402 2976 
14 29 25301 27771 2316 
14 1 8476 10513 1980 
14 15 11132 14957 2679 
14 9 4076 6866 1804 
14 5 2375 4999 3056 
14 9 24100 25969 1804 
14 8 13936 15842 1710 
14 9 23573 26182 3608 
14 28 21313 23587 1488 
14 24 4894 8368 2112 
14 29 7039 9441 1544 
14 10 4657 6636 2136 
14 21 16400 18143 2052 
15 9 15800 17861 2766 
15 29 22531 25109 2475 
15 2 13894 15554 2301 
15 28 4114 6509 1484 
15 8 4422 6670 3064 
15 4 1378 5181 2844 
15 29 989 4256 1650 
15 2 13447 16304 3068 
15 23 25352 28134 3504 
15 26 24037 27697 2382 
16 14 7065 10081 2780 
16 1 18221 20003 3088 
16 9 11862 13588 1864 
16 28 2905 6253 1332 
16 26 12565 14856 2908 
16 8 28411 31461 1348 
16 14 17698 19714 2085 
16 15 8576 10714 1971 
16 22 8485 11748 1838 
16 13 2949 4587 1382 
17 23 2478 5537 2004 
17 15 14275 16274 1322 
17 1 20878 22814 1456 
17 15 7304 9729 2644 
17 6 27210 28448 2493 
17 26 10506 14396 3316 
17 22 6952 9180 2166 
17 13 11839 15278 1540 
17 6 959 3059 2493 
17 22 25331 29185 2166 
17 14 14710 16941 1858 
17 28 5535 7449 3292 
17 28 14917 18642 3292 
17 6 10205 11443 1662 
17 25 22896 24248 3164 
17 25 27354 29365 1582 
17 21 1796 4686 1428 
18 17 22354 24851 3536 
18 24 12022 15392 1428 
18 10 7775 11687 1794 
18 24 21083 23819 1428 
18 5 3207 5979 1586 
18 3 1063 4711 1868 
18 21 26389 28878 3224 
18 16 12722 16001 1392 
18 0 28368 31798 3600 
18 22 16403 19705 3412 
18 2 21650 24858 3612 
18 17 24038 27974 1768 
19 28 14255 17244 2271 
19 3 22089 24828 3036 
19 29 25628 27498 1450 
19 3 17086 19593 2277 
19 17 2845 4782 3684 
19 20 15886 17675 3284 
19 18 2300 5478 3320 
19 10 21160 24062 1816 
19 21 18587 20456 2610 
19 4 10186 12642 2520 
19 11 15800 18738 2121 
19 17 3881 6026 3684 
19 27 25161 27523 1778 
19 8 3055 5033 1776 
19 4 2239 6316 2520 
19 21 17213 18805 3480 
19 20 6863 9528 2463 
19 2 5879 8277 1282 
19 23 22861 25802 1288 
20 12 3867 7634 3104 
20 9 16066 18299 2424 
20 25 11112 13598 3400 
20 10 23763 26821 1310 
20 24 1333 3450 2667 
20 5 25650 28277 3628 
20 28 3387 6195 2817 
20 27 24058 25915 2244 
20 18 13909 16773 2205 
20 25 26910 28622 1700 
21 9 22510 25832 2712 
21 5 28124 31670 1852 
21 0 7544 9585 3712 
21 29 21695 25419 3224 
21 0 28592 31751 1856 
21 14 23052 25474 2736 
21 13 17026 19761 2920 
21 22 22500 25692 2370 
21 19 24146 26470 2610 
21 28 16630 19750 2980 
21 10 6900 9608 2648 
21 0 16943 19703 1856 
21 14 14320 17092 2052 
21 20 16696 19832 2499 
21 10 1359 4943 1324 
21 0 26457 28945 1856 
22 17 2585 5668 2888 
22 15 27077 28803 1512 
22 24 24976 26664 2100 
22 16 21147 25725 2757 
22 18 872 2946 3412 
22 28 18659 21237 1752 
22 28 5360 7480 3504 
22 24 13237 15605 1400 
23 7 3642 7448 2262 
23 29 26037 28699 1880 
23 15 25917 28322 3504 
23 29 11659 14976 1880 
23 21 25225 27859 1706 
23 18 7260 10599 3472 
23 28 26742 29238 2286 
23 2 15151 19380 1428 
23 17 3207 6356 2672 
23 28 14748 17236 2286 
23 20 27872 30374 3032 
23 20 4717 7129 1516 
23 12 20826 23184 2628 
23 28 11632 13936 1524 
24 7 3028 5149 1974 
24 1 1373 5159 1312 
24 14 13626 16214 2112 
24 10 23887 25708 3512 
24 20 28645 30695 1778 
24 29 25197 27963 2652 
24 4 2486 5198 1941 
24 3 23025 24764 3176 
24 27 13510 17032 1680 
24 0 27487 29981 1870 
24 8 13232 16804 2592 
24 0 22872 25615 3740 
24 19 14733 17238 1408 
24 16 20491 22873 2550 
24 10 23680 25425 3512 
24 20 14357 17120 2667 
24 26 24424 27183 2031 
24 18 11238 13781 1428 
24 21 20359 22353 1392 
24 15 983 3176 2775 
25 10 4964 7114 2037 
25 18 20699 22590 1418 
25 14 10650 14090 2238 
25 1 1641 4437 2067 
25 21 22901 24480 2616 
25 1 14911 17964 2756 
25 24 2753 5140 1868 
25 13 18343 20338 2250 
25 10 5324 9111 2716 
25 4 18332 21747 2181 
25 26 14085 16887 2040 
25 26 5267 7911 2040 
26 19 8271 10414 2109 
26 4 2420 5510 2739 
26 14 6995 11344 3084 
26 3 4803 7850 2472 
26 21 17120 19371 1526 
26 22 2000 5507 1616 
26 2 10525 14087 1686 
26 9 20600 22864 1548 
26 11 22428 25101 2744 
26 4 21966 26518 3652 
26 25 12917 15516 2040 
26 25 22222 25024 2720 
26 18 20496 21963 1270 
27 16 2540 5994 3064 
27 15 27778 30856 3548 
27 9 8088 10967 1700 
27 19 26242 29086 1778 
27 21 5470 7715 2565 
27 19 8130 10420 2667 
27 1 7938 9897 1412 
27 23 13100 15456 2824 
27 24 20747 24316 1680 
28 22 23685 27142 2628 
28 14 4525 6070 2976 
28 12 14550 18583 3100 
28 5 26608 28654 1742 
28 14 25099 27448 2232 
28 7 12623 15698 2952 
28 19 6297 8298 3028 
28 12 18541 21920 3100 
28 26 558 3218 1864 
28 17 20469 23862 3292 
28 17 10523 13054 1646 
28 16 10960 12918 1332 
28 8 23392 25671 3280 
29 21 12985 16324 3224 
29 19 5651 7316 2900 
29 2 14763 16115 2076 
29 18 16846 19905 1448 
29 0 27723 30187 1328 
29 28 26101 28070 1714 
29 27 13360 15238 1680 
29 3 11694 13217 2724 

0 1 0 0
0 1 1 0
0 1 2 0
0 1 3 0
0 1 4 0
0 2 0 0
0 2 1 0
0 2 2 0
0 2 3 0
0 2 4 0
0 3 0 0
0 3 1 0
0 3 2 0
0 3 3 0
0 3 4 0
0 4 0 0
0 4 1 0
0 4 2 0
0 4 3 0
0 4 4 0
0 5 0 3287
0 5 1 3287
0 5 2 0
0 5 3 0
0 5 4 0
0 6 0 0
0 6 1 0
0 6 2 0
0 6 3 0
0 6 4 0
0 7 0 0
0 7 1 0
0 7 2 0
0 7 3 0
0 7 4 0
0 8 0 0
0 8 1 0
0 8 2 0
0 8 3 0
0 8 4 0
0 9 0 0
0 9 1 0
0 9 2 0
0 9 3 0
0 9 4 0
0 10 0 0
0 10 1 0
0 10 2 0
0 10 3 0
0 10 4 0
0 11 0 0
0 11 1 0
0 11 2 0
0 11 3 0
0 11 4 0
0 12 0 4665
0 12 1 4665
0 12 2 0
0 12 3 0
0 12 4 0
0 13 0 0
0 13 1 0
0 13 2 0
0 13 3 0
0 13 4 0
0 14 0 0
0 14 1 0
0 14 2 0
0 14 3 0
0 14 4 0
0 15 0 0
0 15 1 0
0 15 2 0
0 15 3 0
0 15 4 0
0 16 0 0
0 16 1 0
0 16 2 0
0 16 3 0
0 16 4 0
0 17 0 4511
0 17 1 4511
0 17 2 4511
0 17 3 0
0 17 4 0
0 18 0 0
0 18 1 0
0 18 2 0
0 18 3 0
0 18 4 0
0 19 0 0
0 19 1 0
0 19 2 0
0 19 3 0
0 19 4 0
0 20 0 0
0 20 1 0
0 20 2 0
0 20 3 0
0 20 4 0
0 21 0 0
0 21 1 0
0 21 2 0
0 21 3 0
0 21 4 0
0 22 0 4117
0 22 1 4117
0 22 2 0
0 22 3 0
0 22 4 0
0 23 0 0
0 23 1 0
0 23 2 0
0 23 3 0
0 23 4 0
0 24 0 0
0 24 1 0
0 24 2 0
0 24 3 0
0 24 4 0
0 25 0 4491
0 25 1 4491
0 25 2 4491
0 25 3 0
0 25 4 0
0 26 0 0
0 26 1 0
0 26 2 0
0 26 3 0
0 26 4 0
0 27 0 0
0 27 1 0
0 27 2 0
0 27 3 0
0 27 4 0
0 28 0 0
0 28 1 0
0 28 2 0
0 28 3 0
0 28 4 0
0 29 0 0
0 29 1 0
0 29 2 0
0 29 3 0
0 29 4 0
1 0 0 0
1 0 1 0
1 0 2 0
1 0 3 0
1 0 4 0
1 2 0 0
1 2 1 0
1 2 2 0
1 2 3 0
1 2 4 0
1 3 0 0
1 3 1 0
1 3 2 0
1 3 3 0
1 3 4 0
1 4 0 4295
1 4 1 4295
1 4 2 0
1 4 3 0
1 4 4 0
1 5 0 0
1 5 1 0
1 5 2 0
1 5 3 0
1 5 4 0
1 6 0 0
1 6 1 0
1 6 2 0
1 6 3 0
1 6 4 0
1 7 0 4357
1 7 1 4357
1 7 2 0
1 7 3 0
1 7 4 0
1 8 0 4500
1 8 1 4500
1 8 2 4500
1 8 3 0
1 8 4 0
1 9 0 0
1 9 1 0
1 9 2 0
1 9 3 0
1 9 4 0
1 10 0 0
1 10 1 0
1 10 2 0
1 10 3 0
1 10 4 0
1 11 0 0
1 11 1 0
1 11 2 0
1 11 3 0
1 11 4 0
1 12 0 0
1 12 1 0
1 12 2 0
1 12 3 0
1 12 4 0
1 13 0 4032
1 13 1 4032
1 13 2 0
1 13 3 0
1 13 4 0
1 14 0 0
1 14 1 0
1 14 2 0
1 14 3 0
1 14 4 0
1 15 0 0
1 15 1 0
1 15 2 0
1 15 3 0
1 15 4 0
1 16 0 4554
1 16 1 4554
1 16 2 4554
1 16 3 0
1 16 4 0
1 17 0 4655
1 17 1 4655
1 17 2 4655
1 17 3 0
1 17 4 0
1 18 0 0
1 18 1 0
1 18 2 0
1 18 3 0
1 18 4 0
1 19 0 4382
1 19 1 4382
1 19 2 4382
1 19 3 0
1 19 4 0
1 20 0 0
1 20 1 0
1 20 2 0
1 20 3 0
1 20 4 0
1 21 0 4649
1 21 1 4649
1 21 2 0
1 21 3 0
1 21 4 0
1 22 0 4586
1 22 1 4586
1 22 2 4586
1 22 3 0
1 22 4 0
1 23 0 3373
1 23 1 3373
1 23 2 3373
1 23 3 0
1 23 4 0
1 24 0 0
1 24 1 0
1 24 2 0
1 24 3 0
1 24 4 0
1 25 0 0
1 25 1 0
1 25 2 0
1 25 3 0
1 25 4 0
1 26 0 4501
1 26 1 4501
1 26 2 0
1 26 3 0
1 26 4 0
1 27 0 0
1 27 1 0
1 27 2 0
1 27 3 0
1 27 4 0
1 28 0 4378
1 28 1 4378
1 28 2 4378
1 28 3 0
1 28 4 0
1 29 0 0
1 29 1 0
1 29 2 0
1 29 3 0
1 29 4 0
2 0 0 0
2 0 1 0
2 0 2 0
2 0 3 0
2 0 4 0
2 1 0 0
2 1 1 0
2 1 2 0
2 1 3 0
2 1 4 0
2 3 0 0
2 3 1 0
2 3 2 0
2 3 3 0
2 3 4 0
2 4 0 0
2 4 1 0
2 4 2 0
2 4 3 0
2 4 4 0
2 5 0 0
2 5 1 0
2 5 2 0
2 5 3 0
2 5 4 0
2 6 0 0
2 6 1 0
2 6 2 0
2 6 3 0
2 6 4 0
2 7 0 0
2 7 1 0
2 7 2 0
2 7 3 0
2 7 4 0
2 8 0 0
2 8 1 0
2 8 2 0
2 8 3 0
2 8 4 0
2 9 0 4447
2 9 1 4447
2 9 2 0
2 9 3 0
2 9 4 0
2 10 0 0
2 10 1 0
2 10 2 0
2 10 3 0
2 10 4 0
2 11 0 0
2 11 1 0
2 11 2 0
2 11 3 0
2 11 4 0
2 12 0 4971
2 12 1 4971
2 12 2 0
2 12 3 0
2 12 4 0
2 13 0 0
2 13 1 0
2 13 2 0
2 13 3 0
2 13 4 0
2 14 0 4429
2 14 1 4429
2 14 2 4429
2 14 3 0
2 14 4 0
2 15 0 0
2 15 1 0
2 15 2 0
2 15 3 0
2 15 4 0
2 16 0 0
2 16 1 0
2 16 2 0
2 16 3 0
2 16 4 0
2 17 0 0
2 17 1 0
2 17 2 0
2 17 3 0
2 17 4 0
2 18 0 3137
2 18 1 3137
2 18 2 3137
2 18 3 0
2 18 4 0
2 19 0 0
2 19 1 0
2 19 2 0
2 19 3 0
2 19 4 0
2 20 0 0
2 20 1 0
2 20 2 0
2 20 3 0
2 20 4 0
2 21 0 0
2 21 1 0
2 21 2 0
2 21 3 0
2 21 4 0
2 22 0 0
2 22 1 0
2 22 2 0
2 22 3 0
2 22 4 0
2 23 0 0
2 23 1 0
2 23 2 0
2 23 3 0
2 23 4 0
2 24 0 4991
2 24 1 4991
2 24 2 4991
2 24 3 0
2 24 4 0
2 25 0 0
2 25 1 0
2 25 2 0
2 25 3 0
2 25 4 0
2 26 0 4296
2 26 1 4296
2 26 2 4296
2 26 3 0
2 26 4 0
2 27 0 4272
2 27 1 4272
2 27 2 0
2 27 3 0
2 27 4 0
2 28 0 4924
2 28 1 4924
2 28 2 0
2 28 3 0
2 28 4 0
2 29 0 4489
2 29 1 4489
2 29 2 4489
2 29 3 0
2 29 4 0
3 0 0 0
3 0 1 0
3 0 2 0
3 0 3 0
3 0 4 0
3 1 0 0
3 1 1 0
3 1 2 0
3 1 3 0
3 1 4 0
3 2 0 0
3 2 1 0
3 2 2 0
3 2 3 0
3 2 4 0
3 4 0 4545
3 4 1 4545
3 4 2 0
3 4 3 0
3 4 4 0
3 5 0 4305
3 5 1 4305
3 5 2 0
3 5 3 0
3 5 4 0
3 6 0 0
3 6 1 0
3 6 2 0
3 6 3 0
3 6 4 0
3 7 0 0
3 7 1 0
3 7 2 0
3 7 3 0
3 7 4 0
3 8 0 0
3 8 1 0
3 8 2 0
3 8 3 0
3 8 4 0
3 9 0 4129
3 9 1 4129
3 9 2 0
3 9 3 0
3 9 4 0
3 10 0 0
3 10 1 0
3 10 2 0
3 10 3 0
3 10 4 0
3 11 0 0
3 11 1 0
3 11 2 0
3 11 3 0
3 11 4 0
3 12 0 4946
3 12 1 4946
3 12 2 4946
3 12 3 0
3 12 4 0
3 13 0 4815
3 13 1 4815
3 13 2 0
3 13 3 0
3 13 4 0
3 14 0 4174
3 14 1 4174
3 14 2 4174
3 14 3 0
3 14 4 0
3 15 0 0
3 15 1 0
3 15 2 0
3 15 3 0
3 15 4 0
3 16 0 4512
3 16 1 4512
3 16 2 4512
3 16 3 0
3 16 4 0
3 17 0 0
3 17 1 0
3 17 2 0
3 17 3 0
3 17 4 0
3 18 0 0
3 18 1 0
3 18 2 0
3 18 3 0
3 18 4 0
3 19 0 0
3 19 1 0
3 19 2 0
3 19 3 0
3 19 4 0
3 20 0 0
3 20 1 0
3 20 2 0
3 20 3 0
3 20 4 0
3 21 0 4547
3 21 1 4547
3 21 2 4547
3 21 3 0
3 21 4 0
3 22 0 4036
3 22 1 4036
3 22 2 4036
3 22 3 0
3 22 4 0
3 23 0 4443
3 23 1 4443
3 23 2 4443
3 23 3 0
3 23 4 0
3 24 0 0
3 24 1 0
3 24 2 0
3 24 3 0
3 24 4 0
3 25 0 0
3 25 1 0
3 25 2 0
3 25 3 0
3 25 4 0
3 26 0 4456
3 26 1 4456
3 26 2 4456
3 26 3 0
3 26 4 0
3 27 0 4633
3 27 1 4633
3 27 2 4633
3 27 3 0
3 27 4 0
3 28 0 4219
3 28 1 4219
3 28 2 0
3 28 3 0
3 28 4 0
3 29 0 0
3 29 1 0
3 29 2 0
3 29 3 0
3 29 4 0
4 0 0 0
4 0 1 0
4 0 2 0
4 0 3 0
4 0 4 0
4 1 0 4295
4 1 1 4295
4 1 2 0
4 1 3 0
4 1 4 0
4 2 0 0
4 2 1 0
4 2 2 0
4 2 3 0
4 2 4 0
4 3 0 4545
4 3 1 4545
4 3 2 0
4 3 3 0
4 3 4 0
4 5 0 0
4 5 1 0
4 5 2 0
4 5 3 0
4 5 4 0
4 6 0 0
4 6 1 0
4 6 2 0
4 6 3 0
4 6 4 0
4 7 0 4322
4 7 1 4322
4 7 2 4322
4 7 3 0
4 7 4 0
4 8 0 0
4 8 1 0
4 8 2 0
4 8 3 0
4 8 4 0
4 9 0 0
4 9 1 0
4 9 2 0
4 9 3 0
4 9 4 0
4 10 0 0
4 10 1 0
4 10 2 0
4 10 3 0
4 10 4 0
4 11 0 3651
4 11 1 3651
4 11 2 0
4 11 3 0
4 11 4 0
4 12 0 0
4 12 1 0
4 12 2 0
4 12 3 0
4 12 4 0
4 13 0 4506
4 13 1 4506
4 13 2 0
4 13 3 0
4 13 4 0
4 14 0 0
4 14 1 0
4 14 2 0
4 14 3 0
4 14 4 0
4 15 0 0
4 15 1 0
4 15 2 0
4 15 3 0
4 15 4 0
4 16 0 0
4 16 1 0
4 16 2 0
4 16 3 0
4 16 4 0
4 17 0 0
4 17 1 0
4 17 2 0
4 17 3 0
4 17 4 0
4 18 0 0
4 18 1 0
4 18 2 0
4 18 3 0
4 18 4 0
4 19 0 4204
4 19 1 4204
4 19 2 0
4 19 3 0
4 19 4 0
4 20 0 0
4 20 1 0
4 20 2 0
4 20 3 0
4 20 4 0
4 21 0 0
4 21 1 0
4 21 2 0
4 21 3 0
4 21 4 0
4 22 0 0
4 22 1 0
4 22 2 0
4 22 3 0
4 22 4 0
4 23 0 4290
4 23 1 4290
4 23 2 4290
4 23 3 0
4 23 4 0
4 24 0 0
4 24 1 0
4 24 2 0
4 24 3 0
4 24 4 0
4 25 0 0
4 25 1 0
4 25 2 0
4 25 3 0
4 25 4 0
4 26 0 3570
4 26 1 3570
4 26 2 3570
4 26 3 0
4 26 4 0
4 27 0 0
4 27 1 0
4 27 2 0
4 27 3 0
4 27 4 0
4 28 0 0
4 28 1 0
4 28 2 0
4 28 3 0
4 28 4 0
4 29 0 4811
4 29 1 4811
4 29 2 4811
4 29 3 0
4 29 4 0
5 0 0 3287
5 0 1 3287
5 0 2 0
5 0 3 0
5 0 4 0
5 1 0 0
5 1 1 0
5 1 2 0
5 1 3 0
5 1 4 0
5 2 0 0
5 2 1 0
5 2 2 0
5 2 3 0
5 2 4 0
5 3 0 4305
5 3 1 4305
5 3 2 0
5 3 3 0
5 3 4 0
5 4 0 0
5 4 1 0
5 4 2 0
5 4 3 0
5 4 4 0
5 6 0 4204
5 6 1 4204
5 6 2 4204
5 6 3 0
5 6 4 0
5 7 0 4282
5 7 1 4282
5 7 2 0
5 7 3 0
5 7 4 0
5 8 0 0
5 8 1 0
5 8 2 0
5 8 3 0
5 8 4 0
5 9 0 4905
5 9 1 4905
5 9 2 4905
5 9 3 0
5 9 4 0
5 10 0 4413
5 10 1 4413
5 10 2 0
5 10 3 0
5 10 4 0
5 11 0 0
5 11 1 0
5 11 2 0
5 11 3 0
5 11 4 0
5 12 0 0
5 12 1 0
5 12 2 0
5 12 3 0
5 12 4 0
5 13 0 4235
5 13 1 4235
5 13 2 0
5 13 3 0
5 13 4 0
5 14 0 0
5 14 1 0
5 14 2 0
5 14 3 0
5 14 4 0
5 15 0 0
5 15 1 0
5 15 2 0
5 15 3 0
5 15 4 0
5 16 0 0
5 16 1 0
5 16 2 0
5 16 3 0
5 16 4 0
5 17 0 0
5 17 1 0
5 17 2 0
5 17 3 0
5 17 4 0
5 18 0 0
5 18 1 0
5 18 2 0
5 18 3 0
5 18 4 0
5 19 0 0
5 19 1 0
5 19 2 0
5 19 3 0
5 19 4 0
5 20 0 0
5 20 1 0
5 20 2 0
5 20 3 0
5 20 4 0
5 21 0 3930
5 21 1 3930
5 21 2 3930
5 21 3 0
5 21 4 0
5 22 0 0
5 22 1 0
5 22 2 0
5 22 3 0
5 22 4 0
5 23 0 4274
5 23 1 4274
5 23 2 4274
5 23 3 0
5 23 4 0
5 24 0 0
5 24 1 0
5 24 2 0
5 24 3 0
5 24 4 0
5 25 0 0
5 25 1 0
5 25 2 0
5 25 3 0
5 25 4 0
5 26 0 4164
5 26 1 4164
5 26 2 4164
5 26 3 0
5 26 4 0
5 27 0 0
5 27 1 0
5 27 2 0
5 27 3 0
5 27 4 0
5 28 0 0
5 28 1 0
5 28 2 0
5 28 3 0
5 28 4 0
5 29 0 4147
5 29 1 4147
5 29 2 4147
5 29 3 0
5 29 4 0
6 0 0 0
6 0 1 0
6 0 2 0
6 0 3 0
6 0 4 0
6 1 0 0
6 1 1 0
6 1 2 0
6 1 3 0
6 1 4 0
6 2 0 0
6 2 1 0
6 2 2 0
6 2 3 0
6 2 4 0
6 3 0 0
6 3 1 0
6 3 2 0
6 3 3 0
6 3 4 0
6 4 0 0
6 4 1 0
6 4 2 0
6 4 3 0
6 4 4 0
6 5 0 4204
6 5 1 4204
6 5 2 4204
6 5 3 0
6 5 4 0
6 7 0 0
6 7 1 0
6 7 2 0
6 7 3 0
6 7 4 0
6 8 0 0
6 8 1 0
6 8 2 0
6 8 3 0
6 8 4 0
6 9 0 0
6 9 1 0
6 9 2 0
6 9 3 0
6 9 4 0
6 10 0 0
6 10 1 0
6 10 2 0
6 10 3 0
6 10 4 0
6 11 0 0
6 11 1 0
6 11 2 0
6 11 3 0
6 11 4 0
6 12 0 0
6 12 1 0
6 12 2 0
6 12 3 0
6 12 4 0
6 13 0 4346
6 13 1 4346
6 13 2 0
6 13 3 0
6 13 4 0
6 14 0 0
6 14 1 0
6 14 2 0
6 14 3 0
6 14 4 0
6 15 0 0
6 15 1 0
6 15 2 0
6 15 3 0
6 15 4 0
6 16 0 0
6 16 1 0
6 16 2 0
6 16 3 0
6 16 4 0
6 17 0 4227
6 17 1 4227
6 17 2 0
6 17 3 0
6 17 4 0
6 18 0 0
6 18 1 0
6 18 2 0
6 18 3 0
6 18 4 0
6 19 0 4146
6 19 1 4146
6 19 2 0
6 19 3 0
6 19 4 0
6 20 0 4267
6 20 1 4267
6 20 2 0
6 20 3 0
6 20 4 0
6 21 0 0
6 21 1 0
6 21 2 0
6 21 3 0
6 21 4 0
6 22 0 4162
6 22 1 4162
6 22 2 0
6 22 3 0
6 22 4 0
6 23 0 0
6 23 1 0
6 23 2 0
6 23 3 0
6 23 4 0
6 24 0 4524
6 24 1 4524
6 24 2 4524
6 24 3 0
6 24 4 0
6 25 0 4828
6 25 1 4828
6 25 2 0
6 25 3 0
6 25 4 0
6 26 0 0
6 26 1 0
6 26 2 0
6 26 3 0
6 26 4 0
6 27 0 4155
6 27 1 4155
6 27 2 4155
6 27 3 0
6 27 4 0
6 28 0 0
6 28 1 0
6 28 2 0
6 28 3 0
6 28 4 0
6 29 0 4834
6 29 1 4834
6 29 2 4834
6 29 3 0
6 29 4 0
7 0 0 0
7 0 1 0
7 0 2 0
7 0 3 0
7 0 4 0
7 1 0 4357
7 1 1 4357
7 1 2 0
7 1 3 0
7 1 4 0
7 2 0 0
7 2 1 0
7 2 2 0
7 2 3 0
7 2 4 0
7 3 0 0
7 3 1 0
7 3 2 0
7 3 3 0
7 3 4 0
7 4 0 4322
7 4 1 4322
7 4 2 4322
7 4 3 0
7 4 4 0
7 5 0 4282
7 5 1 4282
7 5 2 0
7 5 3 0
7 5 4 0
7 6 0 0
7 6 1 0
7 6 2 0
7 6 3 0
7 6 4 0
7 8 0 0
7 8 1 0
7 8 2 0
7 8 3 0
7 8 4 0
7 9 0 0
7 9 1 0
7 9 2 0
7 9 3 0
7 9 4 0
7 10 0 0
7 10 1 0
7 10 2 0
7 10 3 0
7 10 4 0
7 11 0 0
7 11 1 0
7 11 2 0
7 11 3 0
7 11 4 0
7 12 0 3154
7 12 1 3154
7 12 2 3154
7 12 3 0
7 12 4 0
7 13 0 0
7 13 1 0
7 13 2 0
7 13 3 0
7 13 4 0
7 14 0 0
7 14 1 0
7 14 2 0
7 14 3 0
7 14 4 0
7 15 0 4806
7 15 1 4806
7 15 2 4806
7 15 3 0
7 15 4 0
7 16 0 0
7 16 1 0
7 16 2 0
7 16 3 0
7 16 4 0
7 17 0 0
7 17 1 0
7 17 2 0
7 17 3 0
7 17 4 0
7 18 0 0
7 18 1 0
7 18 2 0
7 18 3 0
7 18 4 0
7 19 0 4018
7 19 1 4018
7 19 2 0
7 19 3 0
7 19 4 0
7 20 0 0
7 20 1 0
7 20 2 0
7 20 3 0
7 20 4 0
7 21 0 3207
7 21 1 3207
7 21 2 3207
7 21 3 0
7 21 4 0
7 22 0 0
7 22 1 0
7 22 2 0
7 22 3 0
7 22 4 0
7 23 0 0
7 23 1 0
7 23 2 0
7 23 3 0
7 23 4 0
7 24 0 0
7 24 1 0
7 24 2 0
7 24 3 0
7 24 4 0
7 25 0 0
7 25 1 0
7 25 2 0
7 25 3 0
7 25 4 0
7 26 0 4836
7 26 1 4836
7 26 2 4836
7 26 3 0
7 26 4 0
7 27 0 0
7 27 1 0
7 27 2 0
7 27 3 0
7 27 4 0
7 28 0 4584
7 28 1 4584
7 28 2 4584
7 28 3 0
7 28 4 0
7 29 0 0
7 29 1 0
7 29 2 0
7 29 3 0
7 29 4 0
8 0 0 0
8 0 1 0
8 0 2 0
8 0 3 0
8 0 4 0
8 1 0 4500
8 1 1 4500
8 1 2 4500
8 1 3 0
8 1 4 0
8 2 0 0
8 2 1 0
8 2 2 0
8 2 3 0
8 2 4 0
8 3 0 0
8 3 1 0
8 3 2 0
8 3 3 0
8 3 4 0
8 4 0 0
8 4 1 0
8 4 2 0
8 4 3 0
8 4 4 0
8 5 0 0
8 5 1 0
8 5 2 0
8 5 3 0
8 5 4 0
8 6 0 0
8 6 1 0
8 6 2 0
8 6 3 0
8 6 4 0
8 7 0 0
8 7 1 0
8 7 2 0
8 7 3 0
8 7 4 0
8 9 0 0
8 9 1 0
8 9 2 0
8 9 3 0
8 9 4 0
8 10 0 4874
8 10 1 4874
8 10 2 0
8 10 3 0
8 10 4 0
8 11 0 4129
8 11 1 4129
8 11 2 0
8 11 3 0
8 11 4 0
8 12 0 4120
8 12 1 4120
8 12 2 0
8 12 3 0
8 12 4 0
8 13 0 4877
8 13 1 4877
8 13 2 4877
8 13 3 0
8 13 4 0
8 14 0 0
8 14 1 0
8 14 2 0
8 14 3 0
8 14 4 0
8 15 0 0
8 15 1 0
8 15 2 0
8 15 3 0
8 15 4 0
8 16 0 0
8 16 1 0
8 16 2 0
8 16 3 0
8 16 4 0
8 17 0 4701
8 17 1 4701
8 17 2 0
8 17 3 0
8 17 4 0
8 18 0 0
8 18 1 0
8 18 2 0
8 18 3 0
8 18 4 0
8 19 0 0
8 19 1 0
8 19 2 0
8 19 3 0
8 19 4 0
8 20 0 4487
8 20 1 4487
8 20 2 4487
8 20 3 0
8 20 4 0
8 21 0 0
8 21 1 0
8 21 2 0
8 21 3 0
8 21 4 0
8 22 0 0
8 22 1 0
8 22 2 0
8 22 3 0
8 22 4 0
8 23 0 0
8 23 1 0
8 23 2 0
8 23 3 0
8 23 4 0
8 24 0 4060
8 24 1 4060
8 24 2 0
8 24 3 0
8 24 4 0
8 25 0 0
8 25 1 0
8 25 2 0
8 25 3 0
8 25 4 0
8 26 0 0
8 26 1 0
8 26 2 0
8 26 3 0
8 26 4 0
8 27 0 4230
8 27 1 4230
8 27 2 0
8 27 3 0
8 27 4 0
8 28 0 0
8 28 1 0
8 28 2 0
8 28 3 0
8 28 4 0
8 29 0 4283
8 29 1 4283
8 29 2 0
8 29 3 0
8 29 4 0
9 0 0 0
9 0 1 0
9 0 2 0
9 0 3 0
9 0 4 0
9 1 0 0
9 1 1 0
9 1 2 0
9 1 3 0
9 1 4 0
9 2 0 4447
9 2 1 4447
9 2 2 0
9 2 3 0
9 2 4 0
9 3 0 4129
9 3 1 4129
9 3 2 0
9 3 3 0
9 3 4 0
9 4 0 0
9 4 1 0
9 4 2 0
9 4 3 0
9 4 4 0
9 5 0 4905
9 5 1 4905
9 5 2 4905
9 5 3 0
9 5 4 0
9 6 0 0
9 6 1 0
9 6 2 0
9 6 3 0
9 6 4 0
9 7 0 0
9 7 1 0
9 7 2 0
9 7 3 0
9 7 4 0
9 8 0 0
9 8 1 0
9 8 2 0
9 8 3 0
9 8 4 0
9 10 0 0
9 10 1 0
9 10 2 0
9 10 3 0
9 10 4 0
9 11 0 4449
9 11 1 4449
9 11 2 0
9 11 3 0
9 11 4 0
9 12 0 0
9 12 1 0
9 12 2 0
9 12 3 0
9 12 4 0
9 13 0 0
9 13 1 0
9 13 2 0
9 13 3 0
9 13 4 0
9 14 0 3820
9 14 1 3820
9 14 2 3820
9 14 3 0
9 14 4 0
9 15 0 0
9 15 1 0
9 15 2 0
9 15 3 0
9 15 4 0
9 16 0 0
9 16 1 0
9 16 2 0
9 16 3 0
9 16 4 0
9 17 0 3347
9 17 1 3347
9 17 2 0
9 17 3 0
9 17 4 0
9 18 0 3723
9 18 1 3723
9 18 2 0
9 18 3 0
9 18 4 0
9 19 0 4169
9 19 1 4169
9 19 2 4169
9 19 3 0
9 19 4 0
9 20 0 4675
9 20 1 4675
9 20 2 4675
9 20 3 0
9 20 4 0
9 21 0 0
9 21 1 0
9 21 2 0
9 21 3 0
9 21 4 0
9 22 0 0
9 22 1 0
9 22 2 0
9 22 3 0
9 22 4 0
9 23 0 4521
9 23 1 4521
9 23 2 0
9 23 3 0
9 23 4 0
9 24 0 0
9 24 1 0
9 24 2 0
9 24 3 0
9 24 4 0
9 25 0 0
9 25 1 0
9 25 2 0
9 25 3 0
9 25 4 0
9 26 0 4906
9 26 1 4906
9 26 2 0
9 26 3 0
9 26 4 0
9 27 0 4347
9 27 1 4347
9 27 2 4347
9 27 3 0
9 27 4 0
9 28 0 4872
9 28 1 4872
9 28 2 0
9 28 3 0
9 28 4 0
9 29 0 0
9 29 1 0
9 29 2 0
9 29 3 0
9 29 4 0
10 0 0 0
10 0 1 0
10 0 2 0
10 0 3 0
10 0 4 0
10 1 0 0
10 1 1 0
10 1 2 0
10 1 3 0
10 1 4 0
10 2 0 0
10 2 1 0
10 2 2 0
10 2 3 0
10 2 4 0
10 3 0 0
10 3 1 0
10 3 2 0
10 3 3 0
10 3 4 0
10 4 0 0
10 4 1 0
10 4 2 0
10 4 3 0
10 4 4 0
10 5 0 4413
10 5 1 4413
10 5 2 0
10 5 3 0
10 5 4 0
10 6 0 0
10 6 1 0
10 6 2 0
10 6 3 0
10 6 4 0
10 7 0 0
10 7 1 0
10 7 2 0
10 7 3 0
10 7 4 0
10 8 0 4874
10 8 1 4874
10 8 2 0
10 8 3 0
10 8 4 0
10 9 0 0
10 9 1 0
10 9 2 0
10 9 3 0
10 9 4 0
10 11 0 0
10 11 1 0
10 11 2 0
10 11 3 0
10 11 4 0
10 12 0 0
10 12 1 0
10 12 2 0
10 12 3 0
10 12 4 0
10 13 0 4281
10 13 1 4281
10 13 2 4281
10 13 3 0
10 13 4 0
10 14 0 4607
10 14 1 4607
10 14 2 0
10 14 3 0
10 14 4 0
10 15 0 0
10 15 1 0
10 15 2 0
10 15 3 0
10 15 4 0
10 16 0 4260
10 16 1 4260
10 16 2 4260
10 16 3 0
10 16 4 0
10 17 0 0
10 17 1 0
10 17 2 0
10 17 3 0
10 17 4 0
10 18 0 4290
10 18 1 4290
10 18 2 4290
10 18 3 0
10 18 4 0
10 19 0 0
10 19 1 0
10 19 2 0
10 19 3 0
10 19 4 0
10 20 0 4878
10 20 1 4878
10 20 2 0
10 20 3 0
10 20 4 0
10 21 0 0
10 21 1 0
10 21 2 0
10 21 3 0
10 21 4 0
10 22 0 0
10 22 1 0
10 22 2 0
10 22 3 0
10 22 4 0
10 23 0 4098
10 23 1 4098
10 23 2 4098
10 23 3 0
10 23 4 0
10 24 0 0
10 24 1 0
10 24 2 0
10 24 3 0
10 24 4 0
10 25 0 4433
10 25 1 4433
10 25 2 0
10 25 3 0
10 25 4 0
10 26 0 0
10 26 1 0
10 26 2 0
10 26 3 0
10 26 4 0
10 27 0 4639
10 27 1 4639
10 27 2 0
10 27 3 0
10 27 4 0
10 28 0 4435
10 28 1 4435
10 28 2 4435
10 28 3 0
10 28 4 0
10 29 0 0
10 29 1 0
10 29 2 0
10 29 3 0
10 29 4 0
11 0 0 0
11 0 1 0
11 0 2 0
11 0 3 0
11 0 4 0
11 1 0 0
11 1 1 0
11 1 2 0
11 1 3 0
11 1 4 0
11 2 0 0
11 2 1 0
11 2 2 0
11 2 3 0
11 2 4 0
11 3 0 0
11 3 1 0
11 3 2 0
11 3 3 0
11 3 4 0
11 4 0 3651
11 4 1 3651
11 4 2 0
11 4 3 0
11 4 4 0
11 5 0 0
11 5 1 0
11 5 2 0
11 5 3 0
11 5 4 0
11 6 0 0
11 6 1 0
11 6 2 0
11 6 3 0
11 6 4 0
11 7 0 0
11 7 1 0
11 7 2 0
11 7 3 0
11 7 4 0
11 8 0 4129
11 8 1 4129
11 8 2 0
11 8 3 0
11 8 4 0
11 9 0 4449
11 9 1 4449
11 9 2 0
11 9 3 0
11 9 4 0
11 10 0 0
11 10 1 0
11 10 2 0
11 10 3 0
11 10 4 0
11 12 0 0
11 12 1 0
11 12 2 0
11 12 3 0
11 12 4 0
11 13 0 4880
11 13 1 4880
11 13 2 0
11 13 3 0
11 13 4 0
11 14 0 0
11 14 1 0
11 14 2 0
11 14 3 0
11 14 4 0
11 15 0 0
11 15 1 0
11 15 2 0
11 15 3 0
11 15 4 0
11 16 0 0
11 16 1 0
11 16 2 0
11 16 3 0
11 16 4 0
11 17 0 0
11 17 1 0
11 17 2 0
11 17 3 0
11 17 4 0
11 18 0 0
11 18 1 0
11 18 2 0
11 18 3 0
11 18 4 0
11 19 0 0
11 19 1 0
11 19 2 0
11 19 3 0
11 19 4 0
11 20 0 4711
11 20 1 4711
11 20 2 0
11 20 3 0
11 20 4 0
11 21 0 4454
11 21 1 4454
11 21 2 0
11 21 3 0
11 21 4 0
11 22 0 4480
11 22 1 4480
11 22 2 0
11 22 3 0
11 22 4 0
11 23 0 0
11 23 1 0
11 23 2 0
11 23 3 0
11 23 4 0
11 24 0 0
11 24 1 0
11 24 2 0
11 24 3 0
11 24 4 0
11 25 0 0
11 25 1 0
11 25 2 0
11 25 3 0
11 25 4 0
11 26 0 0
11 26 1 0
11 26 2 0
11 26 3 0
11 26 4 0
11 27 0 4815
11 27 1 4815
11 27 2 4815
11 27 3 0
11 27 4 0
11 28 0 0
11 28 1 0
11 28 2 0
11 28 3 0
11 28 4 0
11 29 0 4219
11 29 1 4219
11 29 2 4219
11 29 3 0
11 29 4 0
12 0 0 4665
12 0 1 4665
12 0 2 0
12 0 3 0
12 0 4 0
12 1 0 0
12 1 1 0
12 1 2 0
12 1 3 0
12 1 4 0
12 2 0 4971
12 2 1 4971
12 2 2 0
12 2 3 0
12 2 4 0
12 3 0 4946
12 3 1 4946
12 3 2 4946
12 3 3 0
12 3 4 0
12 4 0 0
12 4 1 0
12 4 2 0
12 4 3 0
12 4 4 0
12 5 0 0
12 5 1 0
12 5 2 0
12 5 3 0
12 5 4 0
12 6 0 0
12 6 1 0
12 6 2 0
12 6 3 0
12 6 4 0
12 7 0 3154
12 7 1 3154
12 7 2 3154
12 7 3 0
12 7 4 0
12 8 0 4120
12 8 1 4120
12 8 2 0
12 8 3 0
12 8 4 0
12 9 0 0
12 9 1 0
12 9 2 0
12 9 3 0
12 9 4 0
12 10 0 0
12 10 1 0
12 10 2 0
12 10 3 0
12 10 4 0
12 11 0 0
12 11 1 0
12 11 2 0
12 11 3 0
12 11 4 0
12 13 0 4501
12 13 1 4501
12 13 2 4501
12 13 3 0
12 13 4 0
12 14 0 0
12 14 1 0
12 14 2 0
12 14 3 0
12 14 4 0
12 15 0 4611
12 15 1 4611
12 15 2 4611
12 15 3 0
12 15 4 0
12 16 0 3314
12 16 1 3314
12 16 2 3314
12 16 3 0
12 16 4 0
12 17 0 4077
12 17 1 4077
12 17 2 0
12 17 3 0
12 17 4 0
12 18 0 4087
12 18 1 4087
12 18 2 0
12 18 3 0
12 18 4 0
12 19 0 0
12 19 1 0
12 19 2 0
12 19 3 0
12 19 4 0
12 20 0 4599
12 20 1 4599
12 20 2 4599
12 20 3 0
12 20 4 0
12 21 0 0
12 21 1 0
12 21 2 0
12 21 3 0
12 21 4 0
12 22 0 0
12 22 1 0
12 22 2 0
12 22 3 0
12 22 4 0
12 23 0 4298
12 23 1 4298
12 23 2 4298
12 23 3 0
12 23 4 0
12 24 0 3227
12 24 1 3227
12 24 2 3227
12 24 3 0
12 24 4 0
12 25 0 0
12 25 1 0
12 25 2 0
12 25 3 0
12 25 4 0
12 26 0 4741
12 26 1 4741
12 26 2 4741
12 26 3 0
12 26 4 0
12 27 0 0
12 27 1 0
12 27 2 0
12 27 3 0
12 27 4 0
12 28 0 4154
12 28 1 4154
12 28 2 0
12 28 3 0
12 28 4 0
12 29 0 0
12 29 1 0
12 29 2 0
12 29 3 0
12 29 4 0
13 0 0 0
13 0 1 0
13 0 2 0
13 0 3 0
13 0 4 0
13 1 0 4032
13 1 1 4032
13 1 2 0
13 1 3 0
13 1 4 0
13 2 0 0
13 2 1 0
13 2 2 0
13 2 3 0
13 2 4 0
13 3 0 4815
13 3 1 4815
13 3 2 0
13 3 3 0
13 3 4 0
13 4 0 4506
13 4 1 4506
13 4 2 0
13 4 3 0
13 4 4 0
13 5 0 4235
13 5 1 4235
13 5 2 0
13 5 3 0
13 5 4 0
13 6 0 4346
13 6 1 4346
13 6 2 0
13 6 3 0
13 6 4 0
13 7 0 0
13 7 1 0
13 7 2 0
13 7 3 0
13 7 4 0
13 8 0 4877
13 8 1 4877
13 8 2 4877
13 8 3 0
13 8 4 0
13 9 0 0
13 9 1 0
13 9 2 0
13 9 3 0
13 9 4 0
13 10 0 4281
13 10 1 4281
13 10 2 4281
13 10 3 0
13 10 4 0
13 11 0 4880
13 11 1 4880
13 11 2 0
13 11 3 0
13 11 4 0
13 12 0 4501
13 12 1 4501
13 12 2 4501
13 12 3 0
13 12 4 0
13 14 0 0
13 14 1 0
13 14 2 0
13 14 3 0
13 14 4 0
13 15 0 4813
13 15 1 4813
13 15 2 0
13 15 3 0
13 15 4 0
13 16 0 0
13 16 1 0
13 16 2 0
13 16 3 0
13 16 4 0
13 17 0 0
13 17 1 0
13 17 2 0
13 17 3 0
13 17 4 0
13 18 0 0
13 18 1 0
13 18 2 0
13 18 3 0
13 18 4 0
13 19 0 4229
13 19 1 4229
13 19 2 4229
13 19 3 0
13 19 4 0
13 20 0 0
13 20 1 0
13 20 2 0
13 20 3 0
13 20 4 0
13 21 0 0
13 21 1 0
13 21 2 0
13 21 3 0
13 21 4 0
13 22 0 0
13 22 1 0
13 22 2 0
13 22 3 0
13 22 4 0
13 23 0 3085
13 23 1 3085
13 23 2 3085
13 23 3 0
13 23 4 0
13 24 0 4593
13 24 1 4593
13 24 2 0
13 24 3 0
13 24 4 0
13 25 0 4031
13 25 1 4031
13 25 2 0
13 25 3 0
13 25 4 0
13 26 0 3979
13 26 1 3979
13 26 2 3979
13 26 3 0
13 26 4 0
13 27 0 0
13 27 1 0
13 27 2 0
13 27 3 0
13 27 4 0
13 28 0 4144
13 28 1 4144
13 28 2 4144
13 28 3 0
13 28 4 0
13 29 0 3576
13 29 1 3576
13 29 2 3576
13 29 3 0
13 29 4 0
14 0 0 0
14 0 1 0
14 0 2 0
14 0 3 0
14 0 4 0
14 1 0 0
14 1 1 0
14 1 2 0
14 1 3 0
14 1 4 0
14 2 0 4429
14 2 1 4429
14 2 2 4429
14 2 3 0
14 2 4 0
14 3 0 4174
14 3 1 4174
14 3 2 4174
14 3 3 0
14 3 4 0
14 4 0 0
14 4 1 0
14 4 2 0
14 4 3 0
14 4 4 0
14 5 0 0
14 5 1 0
14 5 2 0
14 5 3 0
14 5 4 0
14 6 0 0
14 6 1 0
14 6 2 0
14 6 3 0
14 6 4 0
14 7 0 0
14 7 1 0
14 7 2 0
14 7 3 0
14 7 4 0
14 8 0 0
14 8 1 0
14 8 2 0
14 8 3 0
14 8 4 0
14 9 0 3820
14 9 1 3820
14 9 2 3820
14 9 3 0
14 9 4 0
14 10 0 4607
14 10 1 4607
14 10 2 0
14 10 3 0
14 10 4 0
14 11 0 0
14 11 1 0
14 11 2 0
14 11 3 0
14 11 4 0
14 12 0 0
14 12 1 0
14 12 2 0
14 12 3 0
14 12 4 0
14 13 0 0
14 13 1 0
14 13 2 0
14 13 3 0
14 13 4 0
14 15 0 0
14 15 1 0
14 15 2 0
14 15 3 0
14 15 4 0
14 16 0 0
14 16 1 0
14 16 2 0
14 16 3 0
14 16 4 0
14 17 0 0
14 17 1 0
14 17 2 0
14 17 3 0
14 17 4 0
14 18 0 0
14 18 1 0
14 18 2 0
14 18 3 0
14 18 4 0
14 19 0 0
14 19 1 0
14 19 2 0
14 19 3 0
14 19 4 0
14 20 0 4660
14 20 1 4660
14 20 2 4660
14 20 3 0
14 20 4 0
14 21 0 0
14 21 1 0
14 21 2 0
14 21 3 0
14 21 4 0
14 22 0 0
14 22 1 0
14 22 2 0
14 22 3 0
14 22 4 0
14 23 0 4142
14 23 1 4142
14 23 2 0
14 23 3 0
14 23 4 0
14 24 0 0
14 24 1 0
14 24 2 0
14 24 3 0
14 24 4 0
14 25 0 0
14 25 1 0
14 25 2 0
14 25 3 0
14 25 4 0
14 26 0 4501
14 26 1 4501
14 26 2 0
14 26 3 0
14 26 4 0
14 27 0 4575
14 27 1 4575
14 27 2 0
14 27 3 0
14 27 4 0
14 28 0 4771
14 28 1 4771
14 28 2 0
14 28 3 0
14 28 4 0
14 29 0 4449
14 29 1 4449
14 29 2 0
