50 4 24 812

   0  871  807  892  777  858  899  892  813  822  666  672  857  904  937  714  778  714  884  917  860  690  670  700  882  759  821  630  937  712  845  877  929  762  634  784  692  847  678  780  864  645  806  779  695  642  695  825  890  923 
 871    0  685  892  768  899  755  817  837  652  825  930  833  865  704  647  851  759  900  814  818  744  634  726  829  737  774  845  846  786  858  793  783  708  642  930  806  634  934  634  858  646  847  916  898  932  902  822  795  842 
 807  685    0  731  782  867  821  933  887  889  854  645  898  873  750  665  685  810  871  857  709  729  652  770  803  868  687  700  840  726  833  697  728  856  762  904  860  930  770  856  855  690  830  913  760  737  674  687  693  782 
 892  892  731    0  728  895  904  658  874  862  805  850  817  897  689  635  899  718  730  874  635  709  665  867  710  736  937  870  906  884  929  794  740  636  728  916  912  708  721  821  655  940  823  875  837  798  855  700  884  697 
 777  768  782  728    0  643  793  682  770  857  932  813  638  891  923  757  888  748  830  933  924  814  850  893  637  684  880  676  802  819  766  933  768  885  761  656  784  678  916  875  845  904  835  719  739  859  714  770  691  881 
 858  899  867  895  643    0  735  653  792  716  640  844  811  780  879  783  652  817  751  745  924  677  744  754  889  813  720  650  764  673  665  763  648  757  821  788  784  813  789  661  801  923  728  705  769  754  653  875  765  930 
 899  755  821  904  793  735    0  819  632  856  881  639  877  667  764  673  755  752  719  906  739  666  886  636  731  793  753  708  842  677  734  679  801  799  735  726  937  874  710  728  701  856  929  839  789  809  676  700  783  822 
 892  817  933  658  682  653  819    0  766  884  821  892  696  902  896  715  649  913  843  819  796  792  911  916  635  765  721  783  743  932  833  657  685  870  667  840  751  826  704  707  906  918  651  855  638  859  740  658  861  677 
 813  837  887  874  770  792  632  766    0  720  789  876  787  895  932  747  828  681  693  739  709  662  705  685  660  733  660  641  800  887  894  690  793  878  784  637  768  733  780  880  884  902  846  824  797  691  704  810  721  725 
 822  652  889  862  857  716  856  884  720    0  884  804  681  869  892  933  827  691  872  714  813  845  652  683  695  660  684  672  662  785  713  904  631  654  690  894  708  936  833  656  683  839  763  823  914  916  878  879  817  933 
 666  825  854  805  932  640  881  821  789  884    0  921  786  777  784  923  909  865  818  652  817  645  888  771  894  676  885  739  782  805  793  718  809  670  784  769  743  919  704  717  679  797  685  944  746  699  676  836  831  691 
 672  930  645  850  813  844  639  892  876  804  921    0  656  828  908  897  808  740  884  880  688  868  891  817  738  779  630  758  685  786  906  933  802  857  894  670  809  843  875  681  900  860  640  908  840  832  849  740  699  789 
 857  833  898  817  638  811  877  696  787  681  786  656    0  687  901  820  688  753  879  719  898  801  754  780  782  790  930  932  876  883  765  685  923  921  869  637  900  892  739  838  667  642  834  788  852  807  774  860  870  935 
 904  865  873  897  891  780  667  902  895  869  777  828  687    0  875  742  710  833  876  726  793  900  680  905  751  728  835  715  915  693  898  733  649  677  759  830  732  669  658  761  937  895  929  771  880  812  765  902  877  630 
 937  704  750  689  923  879  764  896  932  892  784  908  901  875    0  792  916  631  865  936  897  841  907  729  749  668  703  756  839  793  717  661  769  866  755  704  692  824  676  923  903  894  797  927  737  883  795  870  851  808 
 714  647  665  635  757  783  673  715  747  933  923  897  820  742  792    0  735  680  879  647  715  668  711  699  935  857  711  861  874  871  676  679  815  922  728  688  894  730  767  860  736  857  827  919  771  935  758  659  908  836 
 778  851  685  899  888  652  755  649  828  827  909  808  688  710  916  735    0  874  702  773  665  912  677  805  730  792  772  776  921  666  814  841  723  791  767  811  694  865  801  883  740  872  933  681  888  631  855  650  848  686 
 714  759  810  718  748  817  752  913  681  691  865  740  753  833  631  680  874    0  661  847  783  819  678  755  630  653  828  750  757  904  710  906  828  873  776  691  928  855  808  922  883  637  648  754  694  833  883  840  853  823 
 884  900  871  730  830  751  719  843  693  872  818  884  879  876  865  879  702  661    0  893  779  869  902  832  682  863  915  784  914  720  722  847  845  798  743  789  899  688  779  764  643  684  929  803  650  740  891  636  892  773 
 917  814  857  874  933  745  906  819  739  714  652  880  719  726  936  647  773  847  893    0  926  889  819  842  783  730  863  905  681  789  798  887  765  839  874  892  857  672  921  880  772  913  822  918  754  650  748  841  708  707 
 860  818  709  635  924  924  739  796  709  813  817  688  898  793  897  715  665  783  779  926    0  899  900  721  873  633  704  771  669  715  902  718  764  670  812  824  681  676  829  820  669  632  901  707  661  781  832  743  756  874 
 690  744  729  709  814  677  666  792  662  845  645  868  801  900  841  668  912  819  869  889  899    0  895  902  819  748  676  940  810  630  839  642  714  697  800  922  705  858  759  767  778  636  719  637  797  637  877  865  726  837 
 670  634  652  665  850  744  886  911  705  652  888  891  754  680  907  711  677  678  902  819  900  895    0  712  676  857  912  888  901  779  706  879  841  761  651  782  876  693  700  911  944  676  835  736  857  654  902  740  690  829 
 700  726  770  867  893  754  636  916  685  683  771  817  780  905  729  699  805  755  832  842  721  902  712    0  648  683  675  666  770  923  724  737  868  874  853  793  786  783  681  842  929  757  763  817  677  697  851  824  778  834 
 882  829  803  710  637  889  731  635  660  695  894  738  782  751  749  935  730  630  682  783  873  819  676  648    0  809  873  755  837  812  943  798  915  880  745  740  638  840  903  784  663  663  811  799  694  831  645  828  771  937 
 759  737  868  736  684  813  793  765  733  660  676  779  790  728  668  857  792  653  863  730  633  748  857  683  809    0  763  701  636  779  769  941  925  715  790  817  739  928  750  640  653  738  656  677  700  708  684  803  805  636 
 821  774  687  937  880  720  753  721  660  684  885  630  930  835  703  711  772  828  915  863  704  676  912  675  873  763    0  894  925  679  757  770  762  898  860  904  877  660  925  793  715  633  768  821  842  845  718  894  773  656 
 630  845  700  870  676  650  708  783  641  672  739  758  932  715  756  861  776  750  784  905  771  940  888  666  755  701  894    0  847  824  916  771  735  743  831  630  836  836  808  884  663  645  868  670  698  756  806  772  650  675 
 937  846  840  906  802  764  842  743  800  662  782  685  876  915  839  874  921  757  914  681  669  810  901  770  837  636  925  847    0  833  908  907  803  657  733  881  839  917  798  937  804  912  880  792  874  847  832  770  833  779 
 712  786  726  884  819  673  677  932  887  785  805  786  883  693  793  871  666  904  720  789  715  630  779  923  812  779  679  824  833    0  903  815  706  771  931  679  848  757  755  943  866  844  917  857  660  812  650  630  750  882 
 845  858  833  929  766  665  734  833  894  713  793  906  765  898  717  676  814  710  722  798  902  839  706  724  943  769  757  916  908  903    0  717  812  849  830  844  816  632  915  923  664  865  648  732  931  850  766  755  817  850 
 877  793  697  794  933  763  679  657  690  904  718  933  685  733  661  679  841  906  847  887  718  642  879  737  798  941  770  771  907  815  717    0  781  758  690  653  680  820  703  711  670  630  826  883  861  775  680  666  921  873 
 929  783  728  740  768  648  801  685  793  631  809  802  923  649  769  815  723  828  845  765  764  714  841  868  915  925  762  735  803  706  812  781    0  808  924  841  794  825  640  904  734  810  735  639  842  881  822  700  730  717 
 762  708  856  636  885  757  799  870  878  654  670  857  921  677  866  922  791  873  798  839  670  697  761  874  880  715  898  743  657  771  849  758  808    0  668  678  885  631  724  924  778  836  932  816  767  823  675  884  933  869 
 634  642  762  728  761  821  735  667  784  690  784  894  869  759  755  728  767  776  743  874  812  800  651  853  745  790  860  831  733  931  830  690  924  668    0  833  864  739  680  930  877  762  656  740  849  722  722  916  721  660 
 784  930  904  916  656  788  726  840  637  894  769  670  637  830  704  688  811  691  789  892  824  922  782  793  740  817  904  630  881  679  844  653  841  678  833    0  695  656  635  813  912  857  778  653  738  682  791  895  656  744 
 692  806  860  912  784  784  937  751  768  708  743  809  900  732  692  894  694  928  899  857  681  705  876  786  638  739  877  836  839  848  816  680  794  885  864  695    0  798  759  855  784  638  823  690  649  907  705  727  669  693 
 847  634  930  708  678  813  874  826  733  936  919  843  892  669  824  730  865  855  688  672  676  858  693  783  840  928  660  836  917  757  632  820  825  631  739  656  798    0  929  893  706  808  644  683  775  716  690  942  713  777 
 678  934  770  721  916  789  710  704  780  833  704  875  739  658  676  767  801  808  779  921  829  759  700  681  903  750  925  808  798  755  915  703  640  724  680  635  759  929    0  831  676  918  904  803  930  808  827  788  712  665 
 780  634  856  821  875  661  728  707  880  656  717  681  838  761  923  860  883  922  764  880  820  767  911  842  784  640  793  884  937  943  923  711  904  924  930  813  855  893  831    0  854  859  760  728  789  886  743  729  804  849 
 864  858  855  655  845  801  701  906  884  683  679  900  667  937  903  736  740  883  643  772  669  778  944  929  663  653  715  663  804  866  664  670  734  778  877  912  784  706  676  854    0  763  810  698  845  805  944  869  706  813 
 645  646  690  940  904  923  856  918  902  839  797  860  642  895  894  857  872  637  684  913  632  636  676  757  663  738  633  645  912  844  865  630  810  836  762  857  638  808  918  859  763    0  943  913  704  880  646  712  832  901 
 806  847  830  823  835  728  929  651  846  763  685  640  834  929  797  827  933  648  929  822  901  719  835  763  811  656  768  868  880  917  648  826  735  932  656  778  823  644  904  760  810  943    0  894  925  903  766  719  710  752 
 779  916  913  875  719  705  839  855  824  823  944  908  788  771  927  919  681  754  803  918  707  637  736  817  799  677  821  670  792  857  732  883  639  816  740  653  690  683  803  728  698  913  894    0  873  889  714  729  827  907 
 695  898  760  837  739  769  789  638  797  914  746  840  852  880  737  771  888  694  650  754  661  797  857  677  694  700  842  698  874  660  931  861  842  767  849  738  649  775  930  789  845  704  925  873    0  938  864  748  665  836 
 642  932  737  798  859  754  809  859  691  916  699  832  807  812  883  935  631  833  740  650  781  637  654  697  831  708  845  756  847  812  850  775  881  823  722  682  907  716  808  886  805  880  903  889  938    0  876  652  834  793 
 695  902  674  855  714  653  676  740  704  878  676  849  774  765  795  758  855  883  891  748  832  877  902  851  645  684  718  806  832  650  766  680  822  675  722  791  705  690  827  743  944  646  766  714  864  876    0  785  721  671 
 825  822  687  700  770  875  700  658  810  879  836  740  860  902  870  659  650  840  636  841  743  865  740  824  828  803  894  772  770  630  755  666  700  884  916  895  727  942  788  729  869  712  719  729  748  652  785    0  936  704 
 890  795  693  884  691  765  783  861  721  817  831  699  870  877  851  908  848  853  892  708  756  726  690  778  771  805  773  650  833  750  817  921  730  933  721  656  669  713  712  804  706  832  710  827  665  834  721  936    0  727 
 923  842  782  697  881  930  822  677  725  933  691  789  935  630  808  836  686  823  773  707  874  837  829  834  937  636  656  675  779  882  850  873  717  869  660  744  693  777  665  849  813  901  752  907  836  793  671  704  727    0 

   0 1085  754  998  946 1062 1153  695  623  667  820  954  892  948  942  829 1038 1102  998 1077 1072 1072  637  979  911 1172  862  774 1013  673  734  805  839 1072  915  919 1068 1174  895  919  783  903  987  849  991  887 1150  635  871 1179 
1085    0 1113  895 1108 1095  753  997  807  699 1174  878  953  855  648 1020 1074  754  664  675  825  976  639 1130  920  739  855 1149  797  765  983  956  830  827  707  895 1163 1186 1136  798  863 1078  873  862  603 1016  898  632 1099  748 
 754 1113    0  620 1192 1155 1036  912 1070  723  888  698  787  861 1166  667  971  834  716 1001 1110  867  779  892 1152  722 1088  678 1036  822 1047  679  862  947 1094  752 1060  951 1165  833  702  943  601  768  614 1150  684  826  651 1007 
 998  895  620    0  834  739  800 1066  661 1011  929 1092 1052  661  938  710  703  839  774  829  918  747  759  636  726 1172 1125  780  930  981  631 1102  786  702 1103  756  957 1100  778  875  889 1102 1050 1106  946  898  768  957 1072  848 
 946 1108 1192  834    0 1142  840 1170  847  860  707 1043  693  992  787 1146  632  926 1111 1030 1164 1018 1178  808  813 1060  941 1073  912 1168  983 1114 1105  820 1038 1019 1195 1183  703  711  643  796 1076  927  726  639 1140 1094  772  793 
1062 1095 1155  739 1142    0  676 1104 1126 1053 1170  762  648  834 1070  978  896  867  833  958  688 1161 1101 1080  968  673  602 1090  622  716  839 1124  879  991  704  987  654 1103  910  851 1099  942  769 1192  779 1159  822  838 1045  867 
1153  753 1036  800  840  676    0  677 1131  810  748  764  716  902  787  661 1190  934  833 1196 1042  897  787  945  978  684  698  796  893  817  660 1048  980  759 1115  663 1041 1174  620  737  768 1123  743  864 1089  641 1168  867 1093 1109 
 695  997  912 1066 1170 1104  677    0  850 1018 1134  949  790  816  702  935  918  621  784  749  667  904 1095  983  738 1157  643  602 1024 1098 1121  629  856 1080  794  881  766  804 1196  628  845  733 1149 1025  809  670  936 1171  787 1000 
 623  807 1070  661  847 1126 1131  850    0 1171 1161  833  637 1044  932 1066  796  944  876  798  868  748 1029  600 1162  701  883 1179 1174 1002  780  700 1100  960  622  898  775  708  793 1193  789  739  964  882  721  932  987  797  804 1022 
 667  699  723 1011  860 1053  810 1018 1171    0  989  705 1160  636  682  781  905  605  985  624 1074  616 1004  962  835  940  604  704  658  849 1012 1055 1008 1048  696 1123  971  889 1135  837  963  998  903 1132 1171  854  619  777 1006 1110 
 820 1174  888  929  707 1170  748 1134 1161  989    0 1007 1192  666  767  693  777 1072  958 1000  749  989  696 1189  814  601  780 1002  600 1032 1016  797  664  811 1147 1056  907 1187  898  646  658 1088  834  934  651  940  983 1044  871  927 
 954  878  698 1092 1043  762  764  949  833  705 1007    0  808  802  888 1096  786  977  743  961  629  835  665 1121 1178  836 1050  819  727 1081  883 1094  859 1124 1159  737 1004 1116  646  684 1100  808 1145 1049 1011 1200 1194  822 1082 1182 
 892  953  787 1052  693  648  716  790  637 1160 1192  808    0  889  861  816  799 1113 1001 1187  891  737  611  950  749  668  692  856  616  726  863 1148 1180  639  660  956  827  990  642 1044  828 1074 1099  943  761  762 1181  828  718  785 
 948  855  861  661  992  834  902  816 1044  636  666  802  889    0  633  930 1180  965 1061  755  823  695  870 1005  928  874  854  688 1123  941  947 1038  982  800  730  849  807  781  971  641 1106 1191 1069  911 1101  859 1098  842  987  658 
 942  648 1166  938  787 1070  787  702  932  682  767  888  861  633    0  679  804 1006 1014  602 1132 1155  805 1080 1003 1130  879  619  891 1134 1007  632  840  619  789 1169  759  818  665  919  861 1129  616  669 1121  775  918  741  634  845 
 829 1020  667  710 1146  978  661  935 1066  781  693 1096  816  930  679    0  719 1177  777  973  724 1071  939  842  629  731  715  862  983  859  670  742  931  798  992  620 1053  855  658  982 1101  802 1024  674  824 1048  929  859  668  742 
1038 1074  971  703  632  896 1190  918  796  905  777  786  799 1180  804  719    0  676  897  873  685  695  950 1189  759  964 1158 1052 1105  775 1188  633 1021  746 1159  737  758  726  948  600 1061 1058  764 1058 1159  674  843  710 1018  705 
1102  754  834  839  926  867  934  621  944  605 1072  977 1113  965 1006 1177  676    0 1133  724  712  601 1078  797  644  659  905 1027 1109  830  878  795 1028  624  972  850 1182 1040  848 1196  897  817 1133  878  676 1125  673  942 1125 1024 
 998  664  716  774 1111  833  833  784  876  985  958  743 1001 1061 1014  777  897 1133    0  980 1012 1128  881  647  630  866 1192  766 1099  938  668  985 1022 1156  655 1007 1130  892  842  644 1043  880 1118  932 1119 1051 1002  674  818 1070 
1077  675 1001  829 1030  958 1196  749  798  624 1000  961 1187  755  602  973  873  724  980    0  903  863  760 1008  712  728  883  851  691 1071  659 1020 1188  960  880  997 1155  620 1089 1105 1047  689  916  863  975 1066  904  799  696  968 
1072  825 1110  918 1164  688 1042  667  868 1074  749  629  891  823 1132  724  685  712 1012  903    0  901  690  811  925 1198  728  628  700  824  881 1173  638  678  939 1070 1019 1067  689  972  975  642  988  894  874  924  874  918  932  648 
1072  976  867  747 1018 1161  897  904  748  616  989  835  737  695 1155 1071  695  601 1128  863  901    0 1144 1039  609 1086  651  670  948 1189  654  716  938 1114 1071 1077  616  702  895  610  860  676  828  759  813  655  985 1033  910  793 
 637  639  779  759 1178 1101  787 1095 1029 1004  696  665  611  870  805  939  950 1078  881  760  690 1144    0 1169 1184 1079 1144  977  930 1193  628  621  974  694  626  649  619 1091 1147 1190  926  983  679 1159 1200  630  898  723 1163  916 
 979 1130  892  636  808 1080  945  983  600  962 1189 1121  950 1005 1080  842 1189  797  647 1008  811 1039 1169    0  626  925  725  933 1125  689  837 1149  869  750  938 1104 1091  753 1037  818  983 1195 1076 1178  903  867  697 1017  908 1134 
 911  920 1152  726  813  968  978  738 1162  835  814 1178  749  928 1003  629  759  644  630  712  925  609 1184  626    0  784  898  691  772 1055 1183  684 1053  932  899  912  980  998 1048  796  642  872  981  992 1088 1061 1011  790 1012 1124 
1172  739  722 1172 1060  673  684 1157  701  940  601  836  668  874 1130  731  964  659  866  728 1198 1086 1079  925  784    0  781 1130 1134  938  939  604  605 1036 1142  800  686 1109  838  766  713  623  875  910 1072 1067  636  757 1193  696 
 862  855 1088 1125  941  602  698  643  883  604  780 1050  692  854  879  715 1158  905 1192  883  728  651 1144  725  898  781    0  656  848  666  701  972 1072 1011  609  792 1047 1134  733  900  873  863  837  974  676  951  819  915  923 1097 
 774 1149  678  780 1073 1090  796  602 1179  704 1002  819  856  688  619  862 1052 1027  766  851  628  670  977  933  691 1130  656    0  782 1063  604 1108  700  979  989 1183  869  697  873 1159  781  638 1168  890 1024 1009 1009  813  940 1028 
1013  797 1036  930  912  622  893 1024 1174  658  600  727  616 1123  891  983 1105 1109 1099  691  700  948  930 1125  772 1134  848  782    0  768 1156  684 1005  616 1052  879  883  930  777  717  885 1190 1094 1097  981  617  926  778 1182  848 
 673  765  822  981 1168  716  817 1098 1002  849 1032 1081  726  941 1134  859  775  830  938 1071  824 1189 1193  689 1055  938  666 1063  768    0 1094  664  838 1055 1047 1008 1054  701 1176  665 1142  661  800  969 1092  851  702  781  817  704 
 734  983 1047  631  983  839  660 1121  780 1012 1016  883  863  947 1007  670 1188  878  668  659  881  654  628  837 1183  939  701  604 1156 1094    0  745  805  788  843  690  734  749  633 1091 1167 1148 1139 1002  912  869 1139 1006 1161  711 
 805  956  679 1102 1114 1124 1048  629  700 1055  797 1094 1148 1038  632  742  633  795  985 1020 1173  716  621 1149  684  604  972 1108  684  664  745    0  944  742  817 1015  674  618 1009  602  944  963  956  746 1114 1153  980  728  626 1189 
 839  830  862  786 1105  879  980  856 1100 1008  664  859 1180  982  840  931 1021 1028 1022 1188  638  938  974  869 1053  605 1072  700 1005  838  805  944    0 1147  634  628  619  868  891 1107  728  883  603  661  913 1062 1019  663  972  786 
1072  827  947  702  820  991  759 1080  960 1048  811 1124  639  800  619  798  746  624 1156  960  678 1114  694  750  932 1036 1011  979  616 1055  788  742 1147    0  685 1071  930  906  840  679 1035  918  676 1003  989 1040  796  672 1138  810 
 915  707 1094 1103 1038  704 1115  794  622  696 1147 1159  660  730  789  992 1159  972  655  880  939 1071  626  938  899 1142  609  989 1052 1047  843  817  634  685    0  677  858  868  650  895  986  602  848  782 1097 1009 1046 1095 1172 1047 
 919  895  752  756 1019  987  663  881  898 1123 1056  737  956  849 1169  620  737  850 1007  997 1070 1077  649 1104  912  800  792 1183  879 1008  690 1015  628 1071  677    0 1189 1083  925 1158  630  815 1000  607  806 1195  844 1092  654 1191 
1068 1163 1060  957 1195  654 1041  766  775  971  907 1004  827  807  759 1053  758 1182 1130 1155 1019  616  619 1091  980  686 1047  869  883 1054  734  674  619  930  858 1189    0  731 1030  967 1184 1096 1154  832 1127  601 1158  815  923  979 
1174 1186  951 1100 1183 1103 1174  804  708  889 1187 1116  990  781  818  855  726 1040  892  620 1067  702 1091  753  998 1109 1134  697  930  701  749  618  868  906  868 1083  731    0  637  974 1048  974 1000  865 1003  652  796 1164  849  982 
 895 1136 1165  778  703  910  620 1196  793 1135  898  646  642  971  665  658  948  848  842 1089  689  895 1147 1037 1048  838  733  873  777 1176  633 1009  891  840  650  925 1030  637    0 1028  759  725 1150 1142 1134 1048  777  702  742  639 
 919  798  833  875  711  851  737  628 1193  837  646  684 1044  641  919  982  600 1196  644 1105  972  610 1190  818  796  766  900 1159  717  665 1091  602 1107  679  895 1158  967  974 1028    0  861  834 1027  774  653 1014  766 1098 1020  730 
 783  863  702  889  643 1099  768  845  789  963  658 1100  828 1106  861 1101 1061  897 1043 1047  975  860  926  983  642  713  873  781  885 1142 1167  944  728 1035  986  630 1184 1048  759  861    0  604 1126  937  728  740  709 1023  868 1011 
 903 1078  943 1102  796  942 1123  733  739  998 1088  808 1074 1191 1129  802 1058  817  880  689  642  676  983 1195  872  623  863  638 1190  661 1148  963  883  918  602  815 1096  974  725  834  604    0  824 1096  900  914 1012  746 1177  628 
 987  873  601 1050 1076  769  743 1149  964  903  834 1145 1099 1069  616 1024  764 1133 1118  916  988  828  679 1076  981  875  837 1168 1094  800 1139  956  603  676  848 1000 1154 1000 1150 1027 1126  824    0 1126  741 1050 1090 1083  996 1113 
 849  862  768 1106  927 1192  864 1025  882 1132  934 1049  943  911  669  674 1058  878  932  863  894  759 1159 1178  992  910  974  890 1097  969 1002  746  661 1003  782  607  832  865 1142  774  937 1096 1126    0  978  674  861  789 1018  755 
 991  603  614  946  726  779 1089  809  721 1171  651 1011  761 1101 1121  824 1159  676 1119  975  874  813 1200  903 1088 1072  676 1024  981 1092  912 1114  913  989 1097  806 1127 1003 1134  653  728  900  741  978    0 1135  719 1050  796  631 
 887 1016 1150  898  639 1159  641  670  932  854  940 1200  762  859  775 1048  674 1125 1051 1066  924  655  630  867 1061 1067  951 1009  617  851  869 1153 1062 1040 1009 1195  601  652 1048 1014  740  914 1050  674 1135    0  667 1167  726 1117 
1150  898  684  768 1140  822 1168  936  987  619  983 1194 1181 1098  918  929  843  673 1002  904  874  985  898  697 1011  636  819 1009  926  702 1139  980 1019  796 1046  844 1158  796  777  766  709 1012 1090  861  719  667    0  669  867  706 
 635  632  826  957 1094  838  867 1171  797  777 1044  822  828  842  741  859  710  942  674  799  918 1033  723 1017  790  757  915  813  778  781 1006  728  663  672 1095 1092  815 1164  702 1098 1023  746 1083  789 1050 1167  669    0  910  775 
 871 1099  651 1072  772 1045 1093  787  804 1006  871 1082  718  987  634  668 1018 1125  818  696  932  910 1163  908 1012 1193  923  940 1182  817 1161  626  972 1138 1172  654  923  849  742 1020  868 1177  996 1018  796  726  867  910    0  856 
1179  748 1007  848  793  867 1109 1000 1022 1110  927 1182  785  658  845  742  705 1024 1070  968  648  793  916 1134 1124  696 1097 1028  848  704  711 1189  786  810 1047 1191  979  982  639  730 1011  628 1113  755  631 1117  706  775  856    0 

0 426 992
1 507 849
2 483 923
3 397 962
4 473 745
5 483 805
6 673 938
7 248 801
8 241 899
9 588 897
10 247 1006
11 582 963
12 241 925
13 363 1041
14 210 701
15 269 796
16 449 946
17 210 875
18 627 738
19 549 866
20 519 813
21 387 958
22 303 956
23 402 1014
24 576 1038
25 566 842
26 623 905
27 352 858
28 391 750
29 358 1015
30 532 880
31 640 727
32 247 925
33 341 721
34 483 1020
35 634 850
36 311 900
37 486 960
38 600 1061
39 584 1077
40 414 727
41 339 835
42 445 1014
43 436 1071
44 664 737
45 558 880
46 397 817
47 264 847
48 567 806
49 424 942

0 21 35395 38364 2070 
0 16 19587 23687 2334 
0 32 40782 42552 2787 
0 37 28295 32063 2541 
0 10 43659 46135 1332 
0 38 13334 15956 2034 
0 24 24725 27275 2646 
0 49 9920 13728 3692 
0 5 29417 31721 2574 
0 10 21651 24504 2664 
0 48 29189 32629 2670 
0 1 5352 7760 3484 
1 46 43981 46252 1804 
1 22 2515 4585 1268 
1 31 1162 4221 3172 
1 10 9370 13572 2475 
1 49 36767 39594 1684 
1 40 36438 38647 2574 
1 8 10098 12825 3348 
1 30 9035 11807 1716 
1 19 10585 12117 2442 
2 38 4044 8436 1540 
2 1 26505 29599 2740 
2 0 24569 26167 2421 
2 5 6186 9385 3468 
2 25 41877 44671 1736 
2 33 23220 25994 2568 
2 26 20406 23735 2748 
2 30 464 3029 1666 
2 22 44747 47185 1956 
2 36 34095 37126 1720 
2 30 36823 40707 3332 
2 45 43994 47835 2211 
2 38 3837 7110 1540 
2 40 7215 9342 2565 
2 10 18321 21153 2562 
2 49 21895 25510 2346 
2 10 325 3690 1708 
2 28 1613 4089 1680 
3 21 21674 23668 2836 
3 48 27122 30648 3536 
3 14 18372 20698 1378 
3 6 9850 12874 3616 
3 0 17579 21541 1784 
3 18 25424 27382 2920 
3 28 39204 42347 1812 
3 28 5443 8818 1812 
3 12 1899 4455 1634 
3 47 39975 42290 2100 
3 25 41575 44669 2208 
3 19 25211 27316 1748 
3 32 39782 41401 2220 
3 30 3148 4592 1858 
3 13 5192 7664 2691 
4 40 20737 23289 3380 
4 37 9115 11824 2712 
4 16 23922 25622 1776 
4 43 16483 18726 2157 
4 37 34595 37907 2034 
4 13 21623 23974 1782 
4 40 6181 8309 1690 
4 5 24200 27340 1929 
4 21 26977 31038 2442 
4 26 27158 29406 1760 
4 42 291 4003 3340 
4 7 20867 23885 1364 
4 3 20650 22451 1456 
4 28 35294 38248 2406 
4 0 42575 45261 3108 
4 31 38166 40817 2799 
4 6 6475 8986 3172 
5 41 37997 40399 1846 
5 34 35949 37955 1642 
5 35 10634 13989 1576 
5 45 40345 44760 2262 
5 30 3856 5617 1330 
5 7 38226 40566 2612 
5 25 40463 42744 2439 
5 41 7113 10645 3692 
5 29 4072 5733 1346 
5 37 36087 39362 1626 
5 6 42121 44250 2940 
5 14 7592 10919 3516 
5 31 36094 40084 3052 
5 9 10743 12859 1432 
5 37 11729 14431 1626 
6 36 17355 21029 2811 
6 5 3772 5529 1470 
6 30 29104 31262 1468 
6 15 13152 15551 2692 
6 20 7640 9953 2217 
6 14 22264 24939 3056 
6 9 23547 25304 1712 
6 16 44951 49199 1510 
6 11 24848 27728 1278 
6 14 33127 35897 3056 
6 46 33847 36475 2704 
6 22 46463 48564 2658 
6 48 25058 27429 2349 
6 36 13957 17038 1874 
6 16 20639 23554 3020 
6 27 22990 25696 1416 
6 39 39578 41508 2912 
6 38 13213 14911 1420 
7 22 41017 43929 1822 
7 24 28497 30054 2540 
7 40 3787 6491 2718 
7 21 45537 47571 3168 
7 9 35372 38120 3536 
7 9 35723 38217 1768 
7 40 43927 46216 3624 
7 44 3191 5666 1914 
7 39 2020 3558 2121 
7 36 28773 30910 2253 
7 48 21747 23328 2583 
7 20 30088 32315 2388 
7 29 8610 11157 2796 
7 25 9548 11919 2295 
7 48 33769 35799 3444 
7 28 3670 5779 1486 
8 26 21679 24601 1980 
8 31 29491 31227 2760 
8 47 22500 24396 1620 
8 5 12581 14990 1584 
8 30 4826 7899 3576 
8 5 9814 13709 1584 
8 41 4800 6418 1804 
8 19 10933 12576 1478 
8 14 45452 47381 2796 
8 20 18535 21086 2127 
8 48 5067 6948 2884 
8 17 10884 14546 2043 
8 14 20044 22280 2796 
8 45 25012 27798 1382 
9 19 7484 9930 1428 
9 36 3518 7003 2832 
9 5 17792 20835 2864 
9 13 6880 9169 2607 
9 38 10652 13353 3332 
9 25 22655 25982 2640 
9 34 20954 23125 2070 
9 19 4483 6866 2142 
9 1 11552 13369 1304 
9 1 41272 43369 2608 
9 11 22475 24307 3216 
9 41 26779 30701 3356 
9 11 23792 25857 3216 
9 46 26770 28181 1756 
9 10 36869 40211 2652 
9 47 5636 8122 2637 
9 8 41229 43863 2880 
9 1 24322 26328 2608 
9 34 26679 29156 1380 
9 1 33449 35399 2608 
10 37 30182 33398 1838 
10 2 38112 39950 1708 
10 3 7210 9374 1610 
10 32 21671 23032 3236 
10 8 26854 29466 2367 
10 28 30071 31931 2346 
10 46 17703 20003 2028 
10 25 33318 34940 1352 
10 30 42013 45426 2379 
10 27 1525 4591 1478 
10 49 41873 44134 2764 
10 24 7353 10462 3576 
10 34 29682 31998 2352 
10 16 18918 20487 2727 
10 9 5352 8882 3536 
10 2 29858 31687 2562 
10 6 28480 30993 2643 
10 20 20165 22352 1634 
11 29 16903 19248 3144 
11 18 2577 4293 3536 
11 28 1175 2643 1370 
11 37 38334 41793 2529 
11 20 5426 6954 2064 
11 32 34690 36846 2406 
11 22 21189 22791 1782 
11 32 6443 8195 3208 
11 15 26774 29974 2691 
11 36 37684 40455 2427 
11 5 16867 19488 2532 
11 25 13547 15812 1558 
11 35 43250 45991 2680 
11 46 620 4739 3396 
11 13 45801 47886 3312 
11 45 17921 22025 2496 
12 40 28567 30728 1334 
12 45 35526 37598 2421 
12 27 33269 35049 1864 
12 36 21915 23635 2700 
12 41 30009 32930 1926 
12 0 20283 23315 2571 
12 34 45566 47196 2607 
12 47 32901 34962 3440 
12 41 7586 11710 1926 
12 27 6434 9815 2796 
12 15 9572 12028 1640 
12 18 45121 48083 2637 
12 11 12494 15014 2624 
12 1 23887 26050 2499 
13 4 45913 49623 3564 
13 29 78 3738 2772 
13 24 23512 26472 2253 
13 25 42834 45726 2184 
13 26 21907 24375 2505 
13 30 38763 42465 3592 
13 16 19898 24063 1420 
13 40 24264 28466 1874 
13 46 33734 36665 1530 
13 16 13564 16832 2840 
13 15 28369 32070 2968 
14 5 46531 50136 1758 
14 38 43386 44835 1352 
14 42 44514 45887 2391 
14 33 29600 31308 2598 
14 18 43999 47710 2595 
14 47 8736 10225 3480 
14 37 34150 36636 2472 
14 35 7292 10728 2816 
14 1 3767 5808 2816 
14 27 33462 35845 1512 
14 30 9199 12894 1434 
14 49 46555 48498 1616 
14 35 41762 44415 2816 
14 46 9824 12504 3180 
14 6 22492 24113 1528 
14 2 5501 9220 1500 
14 40 4076 7175 3612 
14 46 29118 32477 1590 
14 46 37837 41150 1590 
15 24 21801 23065 1870 
15 44 38218 41365 2313 
15 5 39569 41994 3132 
15 21 27279 30052 2672 
15 25 46168 47827 2571 
15 10 37804 39425 3692 
15 9 13460 15201 2799 
15 32 26280 28728 1630 
15 38 19731 21777 2301 
15 0 42455 45654 1428 
15 45 18087 21513 1870 
15 4 7223 10317 3028 
15 25 44765 46490 3428 
15 48 42019 44236 1816 
15 8 1581 4651 2241 
15 29 35767 38438 1742 
15 49 36950 38552 3344 
15 23 36836 39126 2097 
15 36 36308 38908 1788 
15 6 18129 20343 2692 
15 28 24956 27541 2622 
15 44 34532 36583 1542 
15 14 11791 13345 3168 
16 17 36971 38613 1748 
16 23 2160 6594 3220 
16 45 19487 22075 1893 
16 3 25667 28317 1798 
16 8 37281 40273 2484 
16 46 18965 21881 2565 
16 35 1378 2896 1622 
16 31 12612 14333 2523 
16 22 38783 42155 2708 
16 11 18547 21266 2424 
16 48 36533 40116 2544 
16 40 44888 47837 2220 
16 31 3262 5477 1682 
16 30 35324 38733 3256 
16 35 24381 26090 2433 
16 3 22674 24080 3596 
16 21 43095 45687 2736 
16 9 43790 46577 1654 
16 25 23618 27329 2376 
16 33 46213 49129 3164 
16 1 23571 26696 1702 
16 39 12443 14819 1766 
16 27 5924 9101 3104 
16 20 4688 7099 2660 
17 19 11101 13816 3388 
17 22 18377 21244 1356 
17 10 8290 12277 2595 
17 45 1780 5582 3332 
17 8 9119 12866 2724 
17 38 8811 10914 1616 
17 0 46801 50801 1428 
17 23 23245 25508 2265 
17 26 46836 49677 3312 
17 18 39319 43035 1322 
17 25 17468 19734 1306 
17 29 24892 26734 2712 
17 44 34538 36369 1388 
17 32 33759 36164 1656 
17 40 5158 7938 2649 
17 27 34749 37583 2250 
17 5 25184 27732 2451 
17 47 42734 44994 1680 
17 35 33451 36434 2764 
17 2 46554 48755 1620 
18 5 39217 41482 1502 
18 1 26236 28407 2700 
18 21 11748 14161 1738 
18 37 2963 5398 2752 
18 4 13717 16194 1660 
18 24 37614 38993 2728 
18 14 5041 8427 2595 
18 14 21699 24649 1730 
18 23 2867 4296 2496 
18 34 34433 36247 1486 
18 9 26779 29999 1744 
18 15 395 2252 1758 
18 11 533 2494 3536 
18 23 13406 15974 3328 
18 35 37304 40627 3156 
18 36 22385 25323 1798 
18 20 5329 7423 2337 
18 35 38133 40872 1578 
18 13 34877 37041 3504 
18 15 12871 15730 1758 
18 49 36379 40338 1546 
19 16 33847 36963 3092 
19 17 25803 28040 2541 
19 11 46837 50190 3520 
19 36 42174 45292 3428 
19 3 5014 7998 1748 
19 20 12676 15285 2778 
19 1 19149 21099 2442 
19 44 13936 17797 1508 
19 12 4518 7651 2876 
20 46 10769 13723 2496 
20 41 23128 24835 1896 
20 10 19910 22074 1634 
20 47 28747 31032 2229 
20 7 29865 32139 3184 
20 49 7723 9381 3496 
20 25 23065 27234 1266 
20 35 8802 11979 3296 
20 12 41217 43239 2694 
20 48 33297 36764 2268 
20 35 17171 20712 2472 
20 32 42436 43935 1528 
20 47 35365 38660 2229 
20 32 11006 12868 2292 
20 22 39685 41451 2700 
20 28 45940 47970 1338 
20 43 9916 13223 1414 
20 3 24958 28363 1270 
20 24 5961 9568 1746 
20 8 23935 26105 1418 
20 31 12592 16357 2872 
20 12 7971 10358 3592 
20 45 7977 9908 3124 
21 16 4481 6030 3648 
21 9 1520 3435 2535 
21 20 28665 31656 3596 
21 10 42503 44965 2580 
21 36 144 2417 2115 
21 24 12565 14318 1638 
21 20 18115 20007 3596 
21 35 43231 46634 3688 
21 4 40309 43831 2442 
21 20 9203 11572 1798 
21 15 1312 4118 1336 
21 45 39569 41219 1274 
21 13 10948 13540 2700 
21 42 35369 37521 2876 
21 8 5253 8020 1986 
21 30 9224 11009 2517 
22 45 12545 14390 1962 
22 44 6086 9350 2571 
22 16 29648 32859 1354 
22 49 6028 9435 2487 
22 23 24867 28327 2136 
22 12 28676 30515 3016 
22 9 25722 29105 1304 
22 38 6313 10270 2800 
22 25 4636 8757 2571 
22 14 19 1967 3628 
22 20 6228 8898 3600 
22 45 2586 4085 1308 
22 38 21600 25637 1400 
22 5 25197 28455 2232 
22 7 6638 10306 2733 
22 45 1507 2943 1308 
22 17 2294 6196 2034 
22 37 26086 28409 2079 
22 19 13802 16211 1638 
22 15 13277 16882 1422 
22 34 36700 38239 2604 
22 40 44950 47690 1888 
22 23 6305 8853 2136 
23 6 46611 48992 1908 
23 42 9211 13256 3052 
23 6 42765 45155 2544 
23 12 13646 17122 3120 
23 14 2010 5919 1458 
23 25 18519 21303 2049 
23 9 2725 5130 2049 
23 11 10280 14438 3268 
23 9 26450 29470 2049 
23 18 6832 8410 2496 
23 32 7649 11090 3472 
23 44 8626 11921 1354 
23 15 18455 20501 2796 
23 25 39705 43220 1366 
24 43 1287 4600 2397 
24 48 44878 48268 1542 
24 42 11676 15227 2433 
24 32 10331 12995 1830 
24 43 4897 6910 1598 
24 35 12665 15729 2220 
24 27 24096 26334 1510 
24 35 5809 8453 1480 
24 39 27795 29522 3136 
24 29 19399 23566 1624 
24 6 7404 10738 2193 
24 44 46649 50108 2776 
24 30 11138 15337 2829 
24 12 26122 28773 2346 
24 10 26816 29730 2682 
25 28 6819 11003 1272 
25 24 42505 44927 3236 
25 0 25105 28351 1518 
25 21 20737 24147 1496 
25 24 37812 39685 2427 
25 18 37554 40879 2589 
25 36 499 2851 2956 
25 45 23868 27837 2124 
25 32 22307 23831 3700 
25 20 39273 41920 1899 
25 5 7953 10321 3252 
25 45 39809 43650 2124 
25 39 9541 12367 2560 
25 29 46029 49433 1558 
25 6 37219 39790 2379 
25 29 35045 38374 2337 
25 48 6723 10480 1610 
25 16 9870 12646 2376 
25 49 1634 3116 2544 
25 36 1294 3804 2217 
25 0 44391 48270 1518 
25 35 4398 6158 3268 
25 20 19028 23604 2532 
26 42 45758 48963 1536 
26 34 911 2299 3440 
26 20 22248 24344 2112 
26 34 35093 37455 3440 
26 49 44214 46737 1968 
26 49 6122 10049 2624 
26 23 43353 45143 2700 
26 3 38300 40775 3748 
26 6 25149 27222 1506 
26 36 16576 20303 1754 
26 17 21757 25331 1656 
26 49 39041 41498 2624 
26 39 25221 27552 1586 
26 49 34345 37317 1312 
26 43 45787 48046 1642 
26 34 6688 8119 1720 
26 13 39806 43145 3340 
27 34 37384 40212 1662 
27 34 13632 16688 2493 
27 32 13807 16145 1470 
27 36 21723 24503 3344 
27 1 17174 20804 2535 
27 24 36948 39283 3020 
27 25 27032 29506 2103 
27 24 11341 14042 2265 
27 39 37159 39731 3536 
27 41 594 2399 1290 
27 14 35640 38060 1512 
27 24 24852 26925 1510 
27 10 39486 43203 2956 
27 24 42997 45201 3020 
27 8 23975 26356 1923 
27 1 40497 43989 1690 
28 19 18494 20138 2724 
28 23 27003 29489 2310 
28 44 35109 37571 1748 
28 36 29185 32381 2517 
28 49 45254 47840 1558 
28 3 11733 14271 3624 
28 41 21685 24243 2736 
28 47 45567 47877 1540 
28 27 9962 12620 1694 
28 20 11011 13349 2676 
28 0 41128 44693 3748 
28 25 23954 26392 1908 
28 36 44324 46116 1678 
28 47 19123 22040 2310 
28 22 11870 14799 2703 
28 4 34426 37982 3208 
28 31 44651 46566 2721 
28 29 42605 44440 3332 
28 38 37928 40857 3192 
28 13 8207 11486 2745 
28 44 38684 42225 3496 
28 6 41360 44342 3368 
28 36 12186 15205 1678 
29 39 34442 36922 1886 
29 3 3227 6503 1768 
29 49 30011 32517 3528 
29 36 33813 35963 3392 
29 35 7638 10571 1358 
29 21 7259 9708 1260 
29 16 29033 31629 1332 
29 2 36710 38986 1452 
29 26 8447 10491 2716 
29 26 28740 30258 1358 
29 49 38230 40461 3528 
29 19 9069 12196 2367 
30 31 23861 26036 2868 
30 24 6579 10885 2829 
30 0 40065 42252 2535 
30 27 36617 38169 3664 
30 21 35506 37553 1678 
30 38 13050 14930 1830 
30 22 9152 11437 1412 
30 28 44210 48753 2724 
30 35 37325 38898 1688 
30 42 20550 23374 1296 
30 46 2552 6105 2298 
30 1 10470 13133 2574 
30 21 18729 21174 3356 
30 26 43481 45324 1514 
30 40 46821 50847 1992 
30 44 18883 22120 3724 
30 37 20305 22072 1896 
30 48 24204 28128 1634 
30 11 33610 37018 1812 
30 20 18538 21498 1804 
31 17 38060 40945 1812 
31 30 8429 11371 2868 
31 3 29474 33507 1588 
31 18 17125 20089 3388 
31 11 16858 19844 1866 
31 13 7751 10906 2199 
31 1 17635 21153 1586 
31 19 34765 38304 3548 
31 37 24929 26282 2460 
31 18 8718 12648 3388 
32 8 1233 3543 2379 
32 25 43611 45389 2775 
32 3 21638 23830 2220 
32 5 39239 41621 1296 
32 2 20447 23110 2912 
32 36 46671 48447 1588 
32 27 30260 31695 2205 
32 45 39863 42581 1762 
32 34 5271 7369 1848 
32 5 8428 10678 2592 
32 3 4059 6943 1480 
33 36 36283 38691 2655 
33 29 35805 38431 3084 
33 41 3547 6906 3344 
33 7 1629 5808 3480 
33 38 41415 44287 2896 
33 1 27611 29546 2832 
33 24 16416 19911 3520 
33 17 13783 15174 1746 
33 25 21639 24477 2145 
33 32 29347 32134 1616 
33 39 18356 20277 1848 
33 40 10531 13894 2334 
33 12 42051 43859 3684 
33 42 20481 22705 1864 
33 10 26984 28800 2010 
33 7 7928 11438 3480 
33 32 44854 48914 3232 
33 7 41335 43538 1740 
33 37 26441 28388 1262 
33 12 6439 8266 1842 
33 3 19263 21551 2544 
33 5 2440 5888 2271 
34 35 6057 8737 3332 
34 12 13508 15824 3476 
34 49 25022 28246 1980 
34 44 43781 46567 3396 
34 32 36108 38231 1848 
34 22 5741 7694 1953 
34 43 24225 26117 2220 
34 26 10000 11492 2580 
34 19 26570 28884 3496 
34 46 12629 15055 1444 
34 40 38624 42065 1754 
34 41 34347 35767 1524 
34 25 12752 15538 3160 
34 41 19837 21865 3048 
34 38 43767 46035 2720 
34 29 36253 39697 1862 
34 44 17810 20311 1698 
34 44 4958 8753 2547 
34 14 8861 11448 3020 
35 30 10502 13213 3376 
35 8 1392 4094 2548 
35 0 27044 30113 2352 
35 19 3204 6374 1784 
35 29 27258 29747 1358 
35 19 39413 42084 1784 
35 25 39684 42140 3268 
35 34 29139 31352 2499 
35 16 26665 29517 2433 
35 27 11137 14023 1260 
35 0 34660 37067 3136 
35 42 26299 28319 1556 
35 45 24573 27130 2728 
35 11 1189 2943 2680 
35 47 46831 50609 3580 
35 13 39111 41360 1660 
35 15 29282 31594 2752 
35 41 10777 13148 2571 
35 32 43479 45620 1682 
35 24 29123 31594 2220 
36 30 1664 4042 2448 
36 41 38879 43098 1276 
36 26 29034 32290 2631 
36 22 34964 37130 3504 
36 10 7675 11284 1486 
36 47 5989 9216 2908 
36 29 17924 20158 1696 
