60 4 24 998

   0  745  678  731  663  774  849  879  856  654  738  922  883  707  902  772  659  942  803  912  690  806  906  692  653  804  731  792  900  875  695  688  891  902  764  720  760  664  827  754  774  747  807  663  773  923  816  914  728  851  925  709  777  648  712  839  750  751  921  763 
 745    0  834  924  850  907  900  849  882  866  915  650  636  819  739  738  741  887  851  682  808  702  755  758  786  856  633  798  635  654  901  923  630  681  687  710  813  914  731  917  651  716  906  797  698  747  773  895  661  924  912  936  831  842  787  860  701  803  717  894 
 678  834    0  812  645  832  851  650  697  923  740  910  693  756  893  719  863  885  929  892  938  639  639  755  824  826  825  938  898  934  837  718  679  893  652  838  756  683  750  896  748  810  685  916  926  825  641  876  685  776  660  834  912  833  709  680  718  838  835  631 
 731  924  812    0  790  742  737  648  710  818  819  715  721  655  640  733  840  641  903  666  798  847  732  652  929  906  912  890  900  657  676  771  794  663  895  743  861  813  705  729  888  854  939  807  654  730  913  877  741  805  892  728  844  810  870  937  820  720  811  832 
 663  850  645  790    0  891  753  817  840  707  721  712  923  878  852  649  916  649  804  657  651  734  633  776  842  926  800  861  804  718  798  847  810  944  691  829  858  656  895  861  766  824  872  680  907  706  668  853  652  751  858  636  768  931  822  786  871  687  856  790 
 774  907  832  742  891    0  647  796  635  827  672  697  753  864  905  653  939  918  823  637  752  648  816  913  747  748  695  800  687  656  834  639  865  631  649  670  638  713  755  894  874  758  713  809  903  927  698  816  831  876  738  659  687  869  866  880  744  800  635  781 
 849  900  851  737  753  647    0  942  922  928  919  752  689  881  642  840  761  729  911  876  662  856  831  903  748  652  802  876  688  927  853  788  728  695  699  685  895  756  753  806  742  865  716  832  830  772  766  651  843  899  824  707  637  819  710  917  812  631  700  872 
 879  849  650  648  817  796  942    0  723  657  642  919  935  675  866  688  713  811  861  801  781  881  919  939  635  875  648  926  909  725  678  843  857  691  789  877  701  917  668  664  777  825  779  704  719  930  683  933  936  934  705  883  841  650  935  639  747  873  928  706 
 856  882  697  710  840  635  922  723    0  703  683  929  870  641  641  854  782  732  891  917  823  739  837  835  806  639  730  790  747  756  704  883  780  777  859  878  862  929  847  744  674  672  698  847  796  634  932  780  702  648  667  838  724  871  808  770  687  705  653  667 
 654  866  923  818  707  827  928  657  703    0  797  715  733  851  933  873  710  939  703  714  635  890  662  702  779  717  681  936  639  823  819  924  737  804  774  911  932  632  846  697  762  780  879  775  764  737  906  832  756  764  923  645  780  667  893  768  707  909  684  783 
 738  915  740  819  721  672  919  642  683  797    0  791  686  724  837  748  652  833  658  864  868  904  775  864  768  860  699  926  765  661  768  661  706  800  728  664  698  718  923  641  933  720  740  944  798  737  690  717  631  837  937  633  727  900  869  845  646  703  941  820 
 922  650  910  715  712  697  752  919  929  715  791    0  929  885  872  803  865  931  720  661  770  826  652  824  683  776  839  725  709  640  871  756  719  789  768  671  808  921  691  678  814  750  757  725  659  738  771  702  817  732  791  941  715  732  813  641  760  926  850  766 
 883  636  693  721  923  753  689  935  870  733  686  929    0  685  889  888  729  681  786  819  855  838  842  936  726  816  800  768  701  726  743  820  902  833  659  856  781  781  653  726  800  913  689  641  866  746  795  674  914  671  693  898  830  940  912  850  805  910  734  719 
 707  819  756  655  878  864  881  675  641  851  724  885  685    0  886  722  859  804  754  942  920  915  829  655  885  769  833  630  928  784  883  674  668  830  692  916  750  879  644  696  849  664  795  786  803  751  868  635  817  916  645  939  854  740  827  747  863  760  690  773 
 902  739  893  640  852  905  642  866  641  933  837  872  889  886    0  691  668  741  668  901  809  803  795  650  734  711  691  749  714  659  870  748  752  929  850  735  790  711  708  828  786  939  898  732  886  667  678  679  716  786  662  719  750  810  690  803  811  922  658  796 
 772  738  719  733  649  653  840  688  854  873  748  803  888  722  691    0  764  782  692  665  719  823  868  827  775  880  836  658  679  766  719  703  824  868  715  723  782  798  686  666  886  662  746  762  909  925  725  930  671  636  816  745  709  682  924  717  666  808  724  870 
 659  741  863  840  916  939  761  713  782  710  652  865  729  859  668  764    0  732  942  844  767  929  834  697  746  801  640  838  751  890  686  885  758  927  742  779  859  689  754  635  938  853  722  673  777  639  884  812  817  697  909  729  664  697  792  849  739  809  872  680 
 942  887  885  641  649  918  729  811  732  939  833  931  681  804  741  782  732    0  740  823  695  802  810  809  816  777  681  814  795  875  668  750  916  825  819  661  631  647  847  747  826  856  860  655  753  823  769  900  890  785  801  855  865  864  704  917  712  769  904  839 
 803  851  929  903  804  823  911  861  891  703  658  720  786  754  668  692  942  740    0  787  752  647  682  698  891  711  752  892  818  797  790  930  835  931  781  819  675  678  927  779  862  846  882  817  926  911  745  705  890  824  910  877  847  776  713  828  774  748  713  715 
 912  682  892  666  657  637  876  801  917  714  864  661  819  942  901  665  844  823  787    0  740  859  835  892  664  874  791  824  849  697  843  731  702  879  894  916  896  746  792  823  698  801  661  941  846  677  677  897  769  651  717  794  834  699  649  802  753  741  829  705 
 690  808  938  798  651  752  662  781  823  635  868  770  855  920  809  719  767  695  752  740    0  942  810  661  679  795  672  652  940  768  848  718  875  789  915  728  635  860  706  773  883  634  858  737  647  670  693  698  812  939  680  786  782  912  778  799  631  790  705  927 
 806  702  639  847  734  648  856  881  739  890  904  826  838  915  803  823  929  802  647  859  942    0  763  940  683  871  737  900  732  879  647  737  655  684  840  827  928  787  816  820  642  907  830  850  902  631  824  834  753  812  702  693  895  701  650  925  720  739  682  834 
 906  755  639  732  633  816  831  919  837  662  775  652  842  829  795  868  834  810  682  835  810  763    0  815  664  772  721  710  775  901  943  838  662  662  704  760  640  872  790  772  728  687  820  647  938  732  927  928  887  937  653  917  844  759  805  873  631  908  844  838 
 692  758  755  652  776  913  903  939  835  702  864  824  936  655  650  827  697  809  698  892  661  940  815    0  873  655  641  944  873  874  741  718  934  695  849  660  884  933  784  773  899  676  740  897  633  787  742  642  816  758  765  701  803  709  872  747  871  708  634  736 
 653  786  824  929  842  747  748  635  806  779  768  683  726  885  734  775  746  816  891  664  679  683  664  873    0  733  653  818  865  679  761  879  713  689  935  686  881  790  854  701  640  703  715  631  934  713  875  764  791  942  858  671  862  768  801  732  724  911  861  879 
 804  856  826  906  926  748  652  875  639  717  860  776  816  769  711  880  801  777  711  874  795  871  772  655  733    0  709  748  677  801  822  739  783  914  821  782  748  834  708  694  645  801  699  638  751  933  766  912  833  807  745  923  769  850  872  873  848  658  782  819 
 731  633  825  912  800  695  802  648  730  681  699  839  800  833  691  836  640  681  752  791  672  737  721  641  653  709    0  763  944  665  767  635  640  801  823  833  933  793  914  942  837  828  792  745  830  656  633  861  659  675  856  810  654  913  821  686  883  729  663  781 
 792  798  938  890  861  800  876  926  790  936  926  725  768  630  749  658  838  814  892  824  652  900  710  944  818  748  763    0  753  940  902  744  721  833  927  747  861  662  812  758  752  695  828  661  748  865  760  898  635  664  775  903  848  647  695  842  820  928  746  876 
 900  635  898  900  804  687  688  909  747  639  765  709  701  928  714  679  751  795  818  849  940  732  775  873  865  677  944  753    0  711  830  723  796  804  662  891  805  881  788  836  904  931  706  782  685  723  647  738  672  922  844  657  798  940  913  848  897  721  884  682 
 875  654  934  657  718  656  927  725  756  823  661  640  726  784  659  766  890  875  797  697  768  879  901  874  679  801  665  940  711    0  658  740  878  823  883  641  767  880  802  703  783  909  712  887  725  774  783  893  882  743  635  812  764  894  631  835  719  761  846  637 
 695  901  837  676  798  834  853  678  704  819  768  871  743  883  870  719  686  668  790  843  848  647  943  741  761  822  767  902  830  658    0  788  781  761  856  749  633  848  671  729  834  920  753  657  700  817  861  679  691  677  811  644  710  672  647  693  668  929  839  748 
 688  923  718  771  847  639  788  843  883  924  661  756  820  674  748  703  885  750  930  731  718  737  838  718  879  739  635  744  723  740  788    0  924  756  673  635  805  942  810  817  910  634  800  873  791  768  885  789  912  724  849  893  794  787  776  666  639  752  827  673 
 891  630  679  794  810  865  728  857  780  737  706  719  902  668  752  824  758  916  835  702  875  655  662  934  713  783  640  721  796  878  781  924    0  818  724  697  798  669  769  711  778  923  730  789  922  913  867  676  941  833  684  743  728  742  911  923  839  819  691  820 
 902  681  893  663  944  631  695  691  777  804  800  789  833  830  929  868  927  825  931  879  789  684  662  695  689  914  801  833  804  823  761  756  818    0  819  941  924  893  806  717  706  869  758  650  803  698  717  734  662  698  636  927  693  682  787  827  757  658  697  744 
 764  687  652  895  691  649  699  789  859  774  728  768  659  692  850  715  742  819  781  894  915  840  704  849  935  821  823  927  662  883  856  673  724  819    0  704  921  678  889  660  759  722  837  682  785  650  716  694  640  902  665  839  683  681  872  752  870  897  692  903 
 720  710  838  743  829  670  685  877  878  911  664  671  856  916  735  723  779  661  819  916  728  827  760  660  686  782  833  747  891  641  749  635  697  941  704    0  944  943  714  868  743  712  904  763  759  666  882  734  791  728  894  862  846  792  653  897  923  650  904  638 
 760  813  756  861  858  638  895  701  862  932  698  808  781  750  790  782  859  631  675  896  635  928  640  884  881  748  933  861  805  767  633  805  798  924  921  944    0  776  929  785  757  758  816  644  808  737  768  832  937  853  856  656  887  753  815  753  709  879  922  798 
 664  914  683  813  656  713  756  917  929  632  718  921  781  879  711  798  689  647  678  746  860  787  872  933  790  834  793  662  881  880  848  942  669  893  678  943  776    0  801  839  639  747  683  850  750  685  651  842  914  943  824  833  860  686  716  656  664  651  672  633 
 827  731  750  705  895  755  753  668  847  846  923  691  653  644  708  686  754  847  927  792  706  816  790  784  854  708  914  812  788  802  671  810  769  806  889  714  929  801    0  645  782  927  659  897  865  774  763  865  647  865  936  932  653  716  882  774  663  786  851  739 
 754  917  896  729  861  894  806  664  744  697  641  678  726  696  828  666  635  747  779  823  773  820  772  773  701  694  942  758  836  703  729  817  711  717  660  868  785  839  645    0  638  882  711  929  777  723  771  765  667  802  731  644  876  840  944  760  698  899  882  811 
 774  651  748  888  766  874  742  777  674  762  933  814  800  849  786  886  938  826  862  698  883  642  728  899  640  645  837  752  904  783  834  910  778  706  759  743  757  639  782  638    0  913  856  772  908  756  826  920  676  637  722  841  638  819  932  716  683  655  681  883 
 747  716  810  854  824  758  865  825  672  780  720  750  913  664  939  662  853  856  846  801  634  907  687  676  703  801  828  695  931  909  920  634  923  869  722  712  758  747  927  882  913    0  687  807  875  936  859  941  666  891  674  774  804  800  787  913  676  665  845  871 
 807  906  685  939  872  713  716  779  698  879  740  757  689  795  898  746  722  860  882  661  858  830  820  740  715  699  792  828  706  712  753  800  730  758  837  904  816  683  659  711  856  687    0  921  632  820  799  847  912  884  936  722  934  819  774  825  894  724  796  825 
 663  797  916  807  680  809  832  704  847  775  944  725  641  786  732  762  673  655  817  941  737  850  647  897  631  638  745  661  782  887  657  873  789  650  682  763  644  850  897  929  772  807  921    0  807  732  712  808  814  641  739  922  801  892  642  917  719  770  903  650 
 773  698  926  654  907  903  830  719  796  764  798  659  866  803  886  909  777  753  926  846  647  902  938  633  934  751  830  748  685  725  700  791  922  803  785  759  808  750  865  777  908  875  632  807    0  720  697  781  664  632  901  838  741  890  858  692  863  792  635  711 
 923  747  825  730  706  927  772  930  634  737  737  738  746  751  667  925  639  823  911  677  670  631  732  787  713  933  656  865  723  774  817  768  913  698  650  666  737  685  774  723  756  936  820  732  720    0  670  909  745  671  832  794  751  942  815  927  674  834  686  785 
 816  773  641  913  668  698  766  683  932  906  690  771  795  868  678  725  884  769  745  677  693  824  927  742  875  766  633  760  647  783  861  885  867  717  716  882  768  651  763  771  826  859  799  712  697  670    0  789  831  711  691  830  925  725  910  831  747  892  824  687 
 914  895  876  877  853  816  651  933  780  832  717  702  674  635  679  930  812  900  705  897  698  834  928  642  764  912  861  898  738  893  679  789  676  734  694  734  832  842  865  765  920  941  847  808  781  909  789    0  714  865  929  900  751  823  648  822  722  682  670  858 
 728  661  685  741  652  831  843  936  702  756  631  817  914  817  716  671  817  890  890  769  812  753  887  816  791  833  659  635  672  882  691  912  941  662  640  791  937  914  647  667  676  666  912  814  664  745  831  714    0  873  750  679  708  697  733  795  791  727  927  771 
 851  924  776  805  751  876  899  934  648  764  837  732  671  916  786  636  697  785  824  651  939  812  937  758  942  807  675  664  922  743  677  724  833  698  902  728  853  943  865  802  637  891  884  641  632  671  711  865  873    0  856  717  689  822  871  668  858  754  933  887 
 925  912  660  892  858  738  824  705  667  923  937  791  693  645  662  816  909  801  910  717  680  702  653  765  858  745  856  775  844  635  811  849  684  636  665  894  856  824  936  731  722  674  936  739  901  832  691  929  750  856    0  686  820  791  842  827  751  651  851  703 
 709  936  834  728  636  659  707  883  838  645  633  941  898  939  719  745  729  855  877  794  786  693  917  701  671  923  810  903  657  812  644  893  743  927  839  862  656  833  932  644  841  774  722  922  838  794  830  900  679  717  686    0  661  899  729  775  883  704  809  632 
 777  831  912  844  768  687  637  841  724  780  727  715  830  854  750  709  664  865  847  834  782  895  844  803  862  769  654  848  798  764  710  794  728  693  683  846  887  860  653  876  638  804  934  801  741  751  925  751  708  689  820  661    0  781  728  713  870  944  818  654 
 648  842  833  810  931  869  819  650  871  667  900  732  940  740  810  682  697  864  776  699  912  701  759  709  768  850  913  647  940  894  672  787  742  682  681  792  753  686  716  840  819  800  819  892  890  942  725  823  697  822  791  899  781    0  641  809  679  691  732  759 
 712  787  709  870  822  866  710  935  808  893  869  813  912  827  690  924  792  704  713  649  778  650  805  872  801  872  821  695  913  631  647  776  911  787  872  653  815  716  882  944  932  787  774  642  858  815  910  648  733  871  842  729  728  641    0  707  697  898  680  931 
 839  860  680  937  786  880  917  639  770  768  845  641  850  747  803  717  849  917  828  802  799  925  873  747  732  873  686  842  848  835  693  666  923  827  752  897  753  656  774  760  716  913  825  917  692  927  831  822  795  668  827  775  713  809  707    0  696  630  778  940 
 750  701  718  820  871  744  812  747  687  707  646  760  805  863  811  666  739  712  774  753  631  720  631  871  724  848  883  820  897  719  668  639  839  757  870  923  709  664  663  698  683  676  894  719  863  674  747  722  791  858  751  883  870  679  697  696    0  818  689  768 
 751  803  838  720  687  800  631  873  705  909  703  926  910  760  922  808  809  769  748  741  790  739  908  708  911  658  729  928  721  761  929  752  819  658  897  650  879  651  786  899  655  665  724  770  792  834  892  682  727  754  651  704  944  691  898  630  818    0  887  799 
 921  717  835  811  856  635  700  928  653  684  941  850  734  690  658  724  872  904  713  829  705  682  844  634  861  782  663  746  884  846  839  827  691  697  692  904  922  672  851  882  681  845  796  903  635  686  824  670  927  933  851  809  818  732  680  778  689  887    0  690 
 763  894  631  832  790  781  872  706  667  783  820  766  719  773  796  870  680  839  715  705  927  834  838  736  879  819  781  876  682  637  748  673  820  744  903  638  798  633  739  811  883  871  825  650  711  785  687  858  771  887  703  632  654  759  931  940  768  799  690    0 

   0  750  861  744 1007 1006 1186 1153  928  731  625 1130 1129  986  932 1198 1155  724 1130  641  775  706  739  983  971  639  929  927  695 1064  784 1044  857  895 1047  724  926 1036  863  716 1089  853  888 1042  965  849  794  782  617 1013 1007  894  633  847 1146 1026 1070  631  881  823 
 750    0  861  836 1004 1198  924  889 1197  820 1145  814  856 1095  690 1119 1009  824  892  962  772  961 1147  755  826  617  917  737  629  945  754 1189  956  677  642  654  761 1136 1192 1022  764 1199 1176 1157  817 1028  919  805 1081  972  774  911 1018 1080 1112  759 1020  960  991 1177 
 861  861    0 1113  841 1072  724 1128  868  772 1109 1124 1121  962  768  897  961 1093  706  993  720  908  774 1010  861  692  773  767  805  746  626  711 1063  751  738  884  738 1044 1037  978  682  710 1163 1039  769  825 1107  759 1144  643  707 1058  958 1082  731  600  602 1005 1113  770 
 744  836 1113    0  931  685  625  640  832  942  623  686  956  696  938  789  769  768  604  942  876 1176  686  606 1066  942  805  682  703 1041  712  981  731 1061  604  914 1052  768  786 1158 1141  699  721  922  901  719  774 1080  660 1161  600  719  727  957  887 1139  811  974  816  738 
1007 1004  841  931    0  960  790 1111 1064 1030 1081  815 1030 1034  898 1152  624  939  661  778 1155  824 1031  987  640  624 1177 1000  854  762  717  759 1123  854 1173  760  918  649 1023  850  829  737  882 1109  740  689 1039  666  898  771  716 1113  609  953  672 1122  901  751  925  683 
1006 1198 1072  685  960    0  917  800 1093 1199  967  610  678  885  942 1045  983  725  985  794 1153 1050  815  729  986  949  678  693  767  959  646  606  917 1081  701  952 1022 1103 1100  611  697 1001  974 1113  676  695 1101  972  629  662  906  998  688  693 1159  611 1171 1030  619  605 
1186  924  724  625  790  917    0 1198 1010 1140 1172  698 1127 1153  675 1156  911 1022 1172  919 1177  663  794 1086  814 1137  750 1186  942 1065  994  930  892 1076 1002  969 1157  643 1122 1149  928 1073  672  841  649  832  964  632 1076  900  696  866  639  646  646  846 1149 1050  964  964 
1153  889 1128  640 1111  800 1198    0  691 1148  876  852  900 1096 1006  678 1021 1141 1163 1183  867  603  738 1060  911  875 1198 1096  937  662 1007  881  744 1092 1172  969  920  604  975 1082  882  706  795  877  772 1145  907 1025  671 1142 1011  622  605 1138 1179 1133 1104 1081  863 1119 
 928 1197  868  832 1064 1093 1010  691    0  638 1121 1161 1135 1148  808  868  859 1040  738 1013  630 1014  676 1090  730 1051 1150  680  687  801  747 1033 1096  982 1082 1156  953 1064  779  812  696 1123 1027 1113  951 1179  872 1083 1083 1104  612  972  852  971  636  668  989  678 1086 1142 
 731  820  772  942 1030 1199 1140 1148  638    0  859  660  812  816  877  665  953  983 1079  671  995 1064  694  844  644 1079  942  868  717  870  936  622 1187  751 1019  657  629  714  670  885  875  711  997 1003  859  997 1175  896  666 1006  669 1079 1080 1199  689  834 1119  943  634 1175 
 625 1145 1109  623 1081  967 1172  876 1121  859    0 1156  936  826  794 1045 1063  780  932 1143  981 1131 1015 1118 1047  962 1194  852 1121  730 1029 1049  870 1035  765 1195  881  785 1124  935 1167  822  988 1043  866 1115  904 1169 1139  734  897 1044  782  942  899  870  816  649 1189  649 
1130  814 1124  686  815  610  698  852 1161  660 1156    0  843  617  906 1151 1167  888  944  713  850  737  744  665  705  845  782  875  984  614 1065 1054  762  707  615 1156  716 1011 1171 1017  721 1014 1039 1126 1155  644 1171  909 1183 1147 1099  967 1015 1118  729  903  838 1103 1049 1044 
1129  856 1121  956 1030  678 1127  900 1135  812  936  843    0  861  728  649  817  608  879 1078  655  656  691  860  950 1160  642  789  963  780 1178  866 1199  843  989  754 1094 1132  659  796  755 1052  801  836  894  750 1048 1059  863  706  943  632  674  843  782  976  689  992  616  892 
 986 1095  962  696 1034  885 1153 1096 1148  816  826  617  861    0  744  929  977 1011  778 1194  884  683  933  781 1003 1181  814 1097 1092 1037  787 1041 1041  867  705  748  944  672  701  768 1076  950  825 1174  904  880  661 1171 1163  761  832  601 1079 1099  819 1166 1033 1088  806  704 
 932  690  768  938  898  942  675 1006  808  877  794  906  728  744    0 1075  787 1006 1059 1053  650 1086  721  727  835  716  630  752  705  799  783  965  693 1034 1186  989  623  741  958 1021 1061  954  881  768  841 1062 1044  855  781  760 1125  760  896  653 1164  832  799  803 1080  983 
1198 1119  897  789 1152 1045 1156  678  868  665 1045 1151  649  929 1075    0  935  650  707  633  893  875 1049 1128  731  800 1162  822  871 1070 1088 1076  648  704  602 1199 1157  902 1121  944  781  745 1105  658  917  966 1046  786 1077  992  609 1035 1168 1129  997  698  816  727  948  998 
1155 1009  961  769  624  983  911 1021  859  953 1063 1167  817  977  787  935    0  616  763  943  926  631  686 1109 1189 1183  691 1013 1149 1171  635 1041  922  957  712 1110  628 1026  998  994  671  677 1092 1063 1155  787 1126  974  927  973  702  935 1051  775  781  667  859 1083  688  902 
 724  824 1093  768  939  725 1022 1141 1040  983  780  888  608 1011 1006  650  616    0 1137 1041 1083 1135  602 1046  955 1074  880 1193 1017  883 1134 1027 1157  817  881 1064  823  619  990  603  822 1067  915 1003  736  965  645 1155  777 1024  628  742  784  613 1143 1065  650  848  986  961 
1130  892  706  604  661  985 1172 1163  738 1079  932  944  879  778 1059  707  763 1137    0  821  710  816 1178  642 1135  910 1070  758  759  745  899 1185  845 1091  812  922  951 1075  799  628  810  741  856  807 1083 1130  629  996  767  610  856 1094  629 1150  708  826  631  981 1000  984 
 641  962  993  942  778  794  919 1183 1013  671 1143  713 1078 1194 1053  633  943 1041  821    0 1046 1040  895 1149  855  621  788  823 1043  934  999  748 1030  749  620  759 1129  671  909  656 1013 1126  950  718 1062  996  755 1076  741 1105  964  633 1083  697  612 1115  851  859  830 1146 
 775  772  720  876 1155 1153 1177  867  630  995  981  850  655  884  650  893  926 1083  710 1046    0  749  931  670 1144 1073  775  701 1159 1116  907  720  878  937  861  942  686  862 1078  725  603  895 1173  985  982  768 1032  659 1035  722 1000 1038 1083  730  920  858 1116 1064  846 1055 
 706  961  908 1176  824 1050  663  603 1014 1064 1131  737  656  683 1086  875  631 1135  816 1040  749    0 1008 1046  925  721  951  966  795  732  817 1011 1010  642  862  974 1063  635  900 1151  734 1145 1018  779  774 1085  738  739 1161 1191  695  925  636  921 1135  928  818 1014  629 1010 
 739 1147  774  686 1031  815  794  738  676  694 1015  744  691  933  721 1049  686  602 1178  895  931 1008    0  610  995  927  635 1094  602  772  680 1161  940 1060 1173  697  679  783 1183 1046 1159 1155  770 1087 1003 1008  999  955  655  877  724  768 1174  999  826  837 1118  830  904  811 
 983  755 1010  606  987  729 1086 1060 1090  844 1118  665  860  781  727 1128 1109 1046  642 1149  670 1046  610    0  715  949  711  609  670  667  640  992  660  720  977 1099  762  945 1105 1137  925 1193 1193  767  787 1088  975  731 1077  952 1197  738  690  965  905  618  878  910  727 1148 
 971  826  861 1066  640  986  814  911  730  644 1047  705  950 1003  835  731 1189  955 1135  855 1144  925  995  715    0  626  704 1115  835  698 1172 1139 1089  742 1147 1123  899  978  911 1181  723  873 1127  684 1044  698  709 1184  738  960 1197 1192  774 1005  667  786 1185  609  686  846 
 639  617  692  942  624  949 1137  875 1051 1079  962  845 1160 1181  716  800 1183 1074  910  621 1073  721  927  949  626    0  792  765 1063  982 1079  690 1024  724  990  994  811  799 1141  644  928  952  929  917  645  638 1139 1032 1048  754  713 1051  988 1050  837 1192 1043  754 1176  900 
 929  917  773  805 1177  678  750 1198 1150  942 1194  782  642  814  630 1162  691  880 1070  788  775  951  635  711  704  792    0 1017  817  752  681 1038  731  866 1082  866 1168  788  944 1103  713  615  882  718  956 1029 1068  689  992 1165  759  706  935  782 1062 1003  846  872  849  613 
 927  737  767  682 1000  693 1186 1096  680  868  852  875  789 1097  752  822 1013 1193  758  823  701  966 1094  609 1115  765 1017    0  802  951  681  734  691  695  848 1173  882 1025  677  695  712  965  673 1040 1032  892  834  609  853  800  774 1185  876  717  882  676 1059  689  739 1098 
 695  629  805  703  854  767  942  937  687  717 1121  984  963 1092  705  871 1149 1017  759 1043 1159  795  602  670  835 1063  817  802    0  605  964  853 1198 1071 1027  830  785  706  770  805  939  730 1188 1043  963 1019 1197 1181  690 1068  841  924  682  791  871  656 1143  733  895  718 
1064  945  746 1041  762  959 1065  662  801  870  730  614  780 1037  799 1070 1171  883  745  934 1116  732  772  667  698  982  752  951  605    0 1156  603 1161  964  822  773  696 1010 1026  966  678  918  900 1154  837  669  622  917  777  788 1099  856  742  743  897  789 1120 1133 1048  989 
 784  754  626  712  717  646  994 1007  747  936 1029 1065 1178  787  783 1088  635 1134  899  999  907  817  680  640 1172 1079  681  681  964 1156    0  935 1002  830  734 1009  665 1003 1083 1004  810  970  870  734  865  609 1122  762  679 1194 1178  856  909  855 1166  673 1062  683 1033  646 
1044 1189  711  981  759  606  930  881 1033  622 1049 1054  866 1041  965 1076 1041 1027 1185  748  720 1011 1161  992 1139  690 1038  734  853  603  935    0  603 1153 1099  656  937  658  706  770  723 1046  864  967  928 1077  675  857  638  983  640  698 1043  722  819 1076 1197 1064 1149 1158 
 857  956 1063  731 1123  917  892  744 1096 1187  870  762 1199 1041  693  648  922 1157  845 1030  878 1010  940  660 1089 1024  731  691 1198 1161 1002  603    0  613 1164  933  706 1106  727  600  884  828  705  989  954  880 1165 1044 1151  877 1047  776  900  775 1134  894  758  911 1006 1109 
 895  677  751 1061  854 1081 1076 1092  982  751 1035  707  843  867 1034  704  957  817 1091  749  937  642 1060  720  742  724  866  695 1071  964  830 1153  613    0 1011  905 1054 1136 1032  603  927  952  661  730 1157 1124  733 1024 1190  648  799 1103  977 1016  724 1126  732 1048  647  783 
1047  642  738  604 1173  701 1002 1172 1082 1019  765  615  989  705 1186  602  712  881  812  620  861  862 1173  977 1147  990 1082  848 1027  822  734 1099 1164 1011    0  826  644 1146  916 1026  764  767  976 1039 1098  711 1081  807  718  721 1032 1160  677 1180  716  714  713  683  619 1035 
 724  654  884  914  760  952  969  969 1156  657 1195 1156  754  748  989 1199 1110 1064  922  759  942  974  697 1099 1123  994  866 1173  830  773 1009  656  933  905  826    0  781  748  703  742  613  731  971  711 1035  638  610  777  957  988 1065  970  696  671  624  902  625  713  762  602 
 926  761  738 1052  918 1022 1157  920  953  629  881  716 1094  944  623 1157  628  823  951 1129  686 1063  679  762  899  811 1168  882  785  696  665  937  706 1054  644  781    0  797  920  942 1034 1066  911  686  948  864  857  767  669 1108 1090  937  810 1046 1106  741 1063  936  759 1001 
1036 1136 1044  768  649 1103  643  604 1064  714  785 1011 1132  672  741  902 1026  619 1075  671  862  635  783  945  978  799  788 1025  706 1010 1003  658 1106 1136 1146  748  797    0 1085 1061  622  885 1181  860 1026  675  629  650 1109 1008  746 1179  838  646 1007  884  776  718 1144 1012 
 863 1192 1037  786 1023 1100 1122  975  779  670 1124 1171  659  701  958 1121  998  990  799  909 1078  900 1183 1105  911 1141  944  677  770 1026 1083  706  727 1032  916  703  920 1085    0  735  791  936  863  620  922 1015  971  875  841 1045  924 1192  843 1139  860  753 1125  842 1129 1195 
 716 1022  978 1158  850  611 1149 1082  812  885  935 1017  796  768 1021  944  994  603  628  656  725 1151 1046 1137 1181  644 1103  695  805  966 1004  770  600  603 1026  742  942 1061  735    0 1125  743  894  637  617  845 1035  608  945  867  978  672 1132 1133  939  916  814  834  815  890 
1089  764  682 1141  829  697  928  882  696  875 1167  721  755 1076 1061  781  671  822  810 1013  603  734 1159  925  723  928  713  712  939  678  810  723  884  927  764  613 1034  622  791 1125    0 1103 1110  719  754 1038  766  771  751 1154  867 1018 1000 1002  820 1130  729  969  748 1181 
 853 1199  710  699  737 1001 1073  706 1123  711  822 1014 1052  950  954  745  677 1067  741 1126  895 1145 1155 1193  873  952  615  965  730  918  970 1046  828  952  767  731 1066  885  936  743 1103    0  831  936 1093  645  663  643  895  765  793  720  873  983  890  730  964  624  719 1136 
 888 1176 1163  721  882  974  672  795 1027  997  988 1039  801  825  881 1105 1092  915  856  950 1173 1018  770 1193 1127  929  882  673 1188  900  870  864  705  661  976  971  911 1181  863  894 1110  831    0 1098  847 1180  917  668  881 1038  936 1004 1057  841  993  685 1163  839 1139  831 
1042 1157 1039  922 1109 1113  841  877 1113 1003 1043 1126  836 1174  768  658 1063 1003  807  718  985  779 1087  767  684  917  718 1040 1043 1154  734  967  989  730 1039  711  686  860  620  637  719  936 1098    0  911  721  639  919  752  991  988  755 1187 1183  957  889  744 1127  877  631 
 965  817  769  901  740  676  649  772  951  859  866 1155  894  904  841  917 1155  736 1083 1062  982  774 1003  787 1044  645  956 1032  963  837  865  928  954 1157 1098 1035  948 1026  922  617  754 1093  847  911    0  879  673  745  783  922 1026  724 1113  638  685 1150  653 1060  663 1158 
 849 1028  825  719  689  695  832 1145 1179  997 1115  644  750  880 1062  966  787  965 1130  996  768 1085 1008 1088  698  638 1029  892 1019  669  609 1077  880 1124  711  638  864  675 1015  845 1038  645 1180  721  879    0 1073 1032  762 1093 1008  661  775  835  857  956 1119 1100 1195 1189 
 794  919 1107  774 1039 1101  964  907  872 1175  904 1171 1048  661 1044 1046 1126  645  629  755 1032  738  999  975  709 1139 1068  834 1197  622 1122  675 1165  733 1081  610  857  629  971 1035  766  663  917  639  673 1073    0  853  933 1024 1079 1059  880 1173  749  742  781 1170 1118 1055 
 782  805  759 1080  666  972  632 1025 1083  896 1169  909 1059 1171  855  786  974 1155  996 1076  659  739  955  731 1184 1032  689  609 1181  917  762  857 1044 1024  807  777  767  650  875  608  771  643  668  919  745 1032  853    0 1157  957  672 1080  955  852 1003  950 1004  993  808 1040 
 617 1081 1144  660  898  629 1076  671 1083  666 1139 1183  863 1163  781 1077  927  777  767  741 1035 1161  655 1077  738 1048  992  853  690  777  679  638 1151 1190  718  957  669 1109  841  945  751  895  881  752  783  762  933 1157    0  984 1113 1189 1187  993  957  791 1004  815 1085 1169 
1013  972  643 1161  771  662  900 1142 1104 1006  734 1147  706  761  760  992  973 1024  610 1105  722 1191  877  952  960  754 1165  800 1068  788 1194  983  877  648  721  988 1108 1008 1045  867 1154  765 1038  991  922 1093 1024  957  984    0 1123  853 1196  836  656  989 1042 1162  903  621 
1007  774  707  600  716  906  696 1011  612  669  897 1099  943  832 1125  609  702  628  856  964 1000  695  724 1197 1197  713  759  774  841 1099 1178  640 1047  799 1032 1065 1090  746  924  978  867  793  936  988 1026 1008 1079  672 1113 1123    0  701  952  784 1110  841 1187 1069  748  674 
 894  911 1058  719 1113  998  866  622  972 1079 1044  967  632  601  760 1035  935  742 1094  633 1038  925  768  738 1192 1051  706 1185  924  856  856  698  776 1103 1160  970  937 1179 1192  672 1018  720 1004  755  724  661 1059 1080 1189  853  701    0  625  943  740 1034 1035  605  958 1108 
 633 1018  958  727  609  688  639  605  852 1080  782 1015  674 1079  896 1168 1051  784  629 1083 1083  636 1174  690  774  988  935  876  682  742  909 1043  900  977  677  696  810  838  843 1132 1000  873 1057 1187 1113  775  880  955 1187 1196  952  625    0 1108  634  997  692 1032 1072 1023 
 847 1080 1082  957  953  693  646 1138  971 1199  942 1118  843 1099  653 1129  775  613 1150  697  730  921  999  965 1005 1050  782  717  791  743  855  722  775 1016 1180  671 1046  646 1139 1133 1002  983  841 1183  638  835 1173  852  993  836  784  943 1108    0  836 1010 1015  937  749  772 
1146 1112  731  887  672 1159  646 1179  636  689  899  729  782  819 1164  997  781 1143  708  612  920 1135  826  905  667  837 1062  882  871  897 1166  819 1134  724  716  624 1106 1007  860  939  820  890  993  957  685  857  749 1003  957  656 1110  740  634  836    0  628 1180 1103 1001 1019 
1026  759  600 1139 1122  611  846 1133  668  834  870  903  976 1166  832  698  667 1065  826 1115  858  928  837  618  786 1192 1003  676  656  789  673 1076  894 1126  714  902  741  884  753  916 1130  730  685  889 1150  956  742  950  791  989  841 1034  997 1010  628    0  758 1010  907 1175 
1070 1020  602  811  901 1171 1149 1104  989 1119  816  838  689 1033  799  816  859  650  631  851 1116  818 1118  878 1185 1043  846 1059 1143 1120 1062 1197  758  732  713  625 1063  776 1125  814  729  964 1163  744  653 1119  781 1004 1004 1042 1187 1035  692 1015 1180  758    0  612 1081  960 
 631  960 1005  974  751 1030 1050 1081  678  943  649 1103  992 1088  803  727 1083  848  981  859 1064 1014  830  910  609  754  872  689  733 1133  683 1064  911 1048  683  713  936  718  842  834  969  624  839 1127 1060 1100 1170  993  815 1162 1069  605 1032  937 1103 1010  612    0  616  941 
 881  991 1113  816  925  619  964  863 1086  634 1189 1049  616  806 1080  948  688  986 1000  830  846  629  904  727  686 1176  849  739  895 1048 1033 1149 1006  647  619  762  759 1144 1129  815  748  719 1139  877  663 1195 1118  808 1085  903  748  958 1072  749 1001  907 1081  616    0 1150 
 823 1177  770  738  683  605  964 1119 1142 1175  649 1044  892  704  983  998  902  961  984 1146 1055 1010  811 1148  846  900  613 1098  718  989  646 1158 1109  783 1035  602 1001 1012 1195  890 1181 1136  831  631 1158 1189 1055 1040 1169  621  674 1108 1023  772 1019 1175  960  941 1150    0 

0 613 1080
1 508 805
2 586 1062
3 560 829
4 547 718
5 208 1011
6 289 959
7 660 825
8 401 949
9 359 1002
10 275 1092
11 592 1071
12 499 1053
13 346 1020
14 614 710
15 668 812
16 667 904
17 632 1042
18 330 800
19 473 1026
20 515 992
21 545 968
22 685 1097
23 275 934
24 491 704
25 503 943
26 455 986
27 578 820
28 270 954
29 504 825
30 473 937
31 294 722
32 362 986
33 308 1040
34 222 906
35 456 821
36 680 775
37 457 1081
38 356 721
39 510 729
40 507 906
41 578 752
42 469 980
43 247 978
44 481 881
45 591 877
46 519 832
47 263 702
48 289 1018
49 286 1002
50 201 992
51 276 823
52 379 866
53 270 803
54 540 716
55 603 723
56 316 1032
57 684 924
58 377 1077
59 203 816

0 52 47128 48507 2331 
0 47 27097 29497 2742 
0 16 4971 9556 2636 
0 10 35578 37903 2214 
0 23 44633 48506 2076 
0 54 29507 33369 2136 
0 57 55675 57044 3004 
0 31 17531 19712 2752 
0 4 23457 25803 2652 
0 17 6712 9542 2826 
0 15 1565 4260 1544 
0 18 53955 57514 3212 
0 43 11788 15716 1989 
0 17 34872 36718 2826 
0 23 47545 49982 1384 
0 31 54970 59104 2752 
0 57 29246 31448 2253 
0 55 56694 59043 3356 
1 34 44424 46260 2061 
1 50 8618 11179 3648 
1 31 5370 9864 3692 
1 16 10909 13885 2964 
1 55 3737 6165 1720 
1 33 8775 11036 1362 
1 52 31237 34932 1662 
1 0 28173 30250 2980 
1 29 24172 27904 1962 
1 20 25173 27635 1616 
1 49 34750 38365 1848 
1 32 54789 57398 1890 
1 27 32245 33932 3192 
1 19 47501 51012 2046 
1 32 50021 53567 2520 
2 32 60282 63598 2037 
2 9 43410 44961 2769 
2 29 27784 29932 1868 
2 26 59787 62708 3300 
2 52 25173 27692 2736 
2 20 13273 15382 3752 
2 49 55621 57093 2328 
2 8 33969 37067 2091 
2 3 43065 47238 2436 
2 11 52492 55290 2730 
2 47 24614 27209 1752 
2 52 7428 10455 2736 
3 45 17850 19410 2190 
3 29 36372 40192 1971 
3 29 29364 31758 1971 
3 22 27798 30013 1464 
3 47 26686 30746 1754 
3 53 14043 16157 2430 
3 9 35723 39001 2454 
3 55 8104 10792 1874 
3 39 13585 16503 2187 
3 9 43235 46579 3272 
4 28 28380 31736 2412 
4 47 16849 18627 3412 
4 13 13571 15763 3512 
4 19 48598 50340 1971 
4 16 54292 56151 2748 
4 39 15892 18289 1722 
4 1 17660 20149 2550 
4 37 30606 32624 1312 
4 19 32834 34677 1971 
4 26 33687 37571 1600 
4 12 38055 41495 3692 
4 13 26484 30361 1756 
5 26 45488 47772 2780 
5 4 60521 62988 1782 
5 29 15651 18422 1312 
5 43 26858 30497 3236 
5 43 8095 11222 3236 
5 28 9827 11644 1374 
5 1 30460 34137 2721 
5 27 21842 24607 2400 
5 45 60689 63260 3708 
5 12 54682 56261 2259 
5 11 31947 33270 2788 
5 18 39558 42325 3292 
5 41 8254 11297 1516 
5 8 5280 8613 1905 
5 58 26615 28273 1270 
5 22 28319 30201 2448 
5 41 38933 42666 1516 
6 19 44484 47562 1752 
6 34 39576 41830 2796 
6 13 35236 38279 3524 
6 26 56234 58221 3208 
6 53 25365 26908 1638 
6 53 47427 49035 3276 
6 17 24138 27766 2916 
6 18 29992 32828 3644 
6 20 8840 11511 1324 
6 2 29148 31095 1702 
6 34 29160 32817 2097 
6 5 28700 30992 2588 
6 3 24800 26356 2211 
6 21 39523 40921 2568 
6 59 25480 29229 2616 
6 12 57884 60938 1378 
6 48 48288 52161 1686 
6 17 8688 11559 1458 
6 49 15413 18949 1798 
6 44 11361 13755 2490 
6 16 6742 8782 2283 
6 28 51627 55093 1376 
6 25 21404 24246 2608 
6 2 36086 37700 1702 
7 10 7333 10267 1926 
7 31 60475 63805 2529 
7 54 9502 11860 3740 
7 43 55886 58324 2112 
7 43 667 2841 2112 
7 38 35420 37633 2004 
7 51 17470 18919 3532 
7 22 48482 51005 2757 
7 11 29711 31696 3676 
7 3 26446 27860 1944 
7 58 10361 13260 1856 
7 53 58124 62357 1300 
7 41 6760 8263 2475 
7 1 15149 17513 3396 
7 45 32007 35029 2790 
7 47 35037 37527 3732 
7 6 51159 53830 3768 
7 52 33909 36316 2523 
7 36 37594 39608 2804 
7 11 60057 62698 1838 
7 31 60835 62958 3372 
7 30 27051 29991 2034 
7 8 5243 7094 2169 
8 51 3296 6872 3352 
8 14 374 2474 2564 
8 42 29959 33810 1396 
8 18 43129 44723 1782 
8 24 28723 31599 1612 
8 56 48898 51024 1374 
8 25 27085 30795 1917 
8 29 25672 28163 2268 
8 57 11339 13589 1410 
8 46 25544 27331 3728 
