100 4 16 1289

   0 1134 1647 1620 1403 1522 1432 1523 1438 1911 1665 1399 1469 1357 1694 1768 1454 1361 1200 1965 1135 1301 1383 1539 1445 1476 1133 1234 1947 1710 1856 1066 1658 1680 1770 1685 1591 1685 1871 1442 1831 1160 1463 1783 1145 1263 1134 1720 1175 1733 1805 1729 1303 1377 1247 1444 1709 1619 1559 1732 1128 1292 1442 1246 1168 1351 1704 1382 1959 1418 1409 1122 1806 1215 1400 1391 1942 1865 1579 1161 1275 1529 1224 1751 1815 1336 1228 1618 1310 1897 1392 1689 1721 1292 1722 1518 1198 1418 1320 1705 
1134    0  966  924 1027  970  880  880  967 1232  912  792  919 1087 1309 1227 1088 1069  848 1191  869  753 1136 1329  654  998  801  865 1157 1164 1385  758 1129  982 1372 1229 1041 1276 1271  608 1193  682 1110 1287  601  725  718 1333  664 1308 1273 1136  730  610  625 1074 1341 1137 1036 1135  767 1105  919  748  851  643 1167  979 1221  832 1003  629 1162  786 1044  631 1197 1213 1381  885  587  932  569 1469 1164  726  572  892  600 1313  554 1201 1427  666  900 1147  703  958  748 1041 
1647  966    0 1333 1131 1170 1197 1275 1243 1545 1276  906 1283 1270 1573 1518 1138 1213 1110 1407 1007  861 1213 1640 1045 1359  807  958 1343 1418 1442 1161 1233 1254 1538 1621 1345 1624 1630  960 1468 1089 1374 1539  863 1028 1105 1376  925 1501 1671 1385  928  870 1034 1169 1409 1337 1237 1609  908 1279 1346  850  999  859 1505 1267 1612 1308 1429 1052 1654 1041 1323 1023 1583 1436 1524 1097 1109 1277  872 1562 1467  871  867 1242 1079 1553  947 1423 1640 1080 1156 1466 1099 1413  914 1368 
1620  924 1333    0 1179 1196 1207 1255 1146 1417 1354 1136 1346 1289 1489 1580 1213 1386 1132 1636  960  869 1364 1682  922 1392  834 1024 1413 1543 1577 1043 1281 1348 1564 1513 1152 1317 1418 1100 1644  928 1316 1638 1006 1081  941 1523 1037 1383 1562 1339 1005 1037  926 1183 1457 1427 1083 1504  867 1302 1231 1017 1092 1034 1390 1341 1642 1213 1184  953 1520  989 1415 1122 1559 1636 1421  998  985 1221  838 1350 1567 1025 1060 1232 1054 1471  938 1555 1460  914 1295 1219  881 1324 1112 1340 
1403 1027 1131 1179    0 1104 1100 1290 1368 1723 1188  929 1190 1257 1393 1603 1322 1222  893 1502 1108  977 1378 1499  998 1429 1069 1129 1517 1623 1587  926 1188 1321 1560 1342 1300 1453 1525  868 1539  901 1398 1537 1015  915  822 1674  890 1513 1485 1377 1035 1007  850 1394 1467 1195 1379 1687  984 1228 1186  869  939 1047 1589 1252 1473 1380 1211 1043 1523  867 1405  905 1541 1524 1466 1090 1062 1253 1140 1634 1600  926 1037 1187  974 1400  869 1615 1627  944 1209 1164  982 1103 1006 1298 
1522  970 1170 1196 1104    0 1349 1215 1343 1770 1105  908 1187 1172 1542 1579 1249 1220  971 1505  947 1117 1178 1459 1172 1380  968  877 1436 1721 1516 1016 1179 1323 1471 1580 1194 1525 1451 1042 1673  876 1249 1490  973  868  913 1557 1094 1363 1307 1629 1101  870 1030 1248 1428 1244 1200 1637  954 1334 1155 1014 1035 1070 1398 1237 1592 1427 1204 1063 1562  971 1429 1022 1554 1517 1633 1079  892 1241  999 1456 1514  973 1115 1217  877 1529  990 1513 1633  958 1202 1385 1032 1146 1107 1398 
1432  880 1197 1207 1100 1349    0 1332 1161 1387 1218 1090 1347 1161 1475 1442 1297 1321  902 1347 1067 1107 1178 1443  892 1327  896 1077 1552 1585 1719  988 1342 1149 1439 1554 1462 1468 1481 1138 1589 1094 1191 1528  958  952 1009 1468 1131 1412 1480 1400  873 1030 1091 1196 1582 1391 1342 1664 1114 1173 1368  886 1013  866 1515 1209 1605 1262 1370 1066 1614 1158 1264 1062 1513 1423 1739  839  900 1147 1079 1277 1660 1106  875 1324 1100 1441 1158 1586 1572  961 1266 1269 1095 1149  950 1224 
1523  880 1275 1255 1290 1215 1332    0 1196 1352 1368  916 1187 1310 1613 1445 1227 1258 1006 1397  957  951 1311 1357 1102 1430 1116  934 1474 1635 1488 1156 1273 1094 1444 1544 1314 1486 1400  919 1565  853 1251 1425 1151 1047 1022 1293  969 1551 1610 1504  968 1034  937 1328 1502 1240 1246 1525  988 1398 1205 1027 1002  859 1735 1129 1656 1281 1359  940 1548 1010 1384 1153 1538 1592 1611  884  905 1317 1128 1314 1464  822 1138 1338 1004 1567  948 1573 1517  964 1284 1358  913 1153  872 1253 
1438  967 1243 1146 1368 1343 1161 1196    0 1365 1418  901 1198 1369 1374 1532 1321 1235  827 1691 1006 1021 1352 1515  936 1367 1001  838 1567 1733 1450  972 1131 1200 1686 1407 1107 1519 1329 1019 1360 1124 1225 1701  832  918  954 1436 1006 1642 1395 1493 1117 1029  955 1347 1644 1192 1312 1469 1150 1200 1337 1096  964  918 1368 1213 1594 1224 1230  803 1493 1046 1163  921 1598 1581 1524 1004 1017 1109 1112 1453 1274 1038 1078 1324 1138 1576 1063 1392 1548  987 1411 1262  852 1175  895 1120 
1911 1232 1545 1417 1723 1770 1387 1352 1365    0 1631 1260 1496 1508 1798 1672 1256 1623 1077 1991 1167 1116 1541 1787 1172 1417 1324 1312 1640 1847 1794 1110 1614 1479 1673 1813 1456 1660 1777 1138 1705 1293 1726 1827 1204 1261 1076 1804 1454 1602 1881 1887 1158 1111 1065 1557 1782 1536 1584 1462 1218 1493 1520 1234 1376 1411 1933 1645 1648 1315 1450 1267 1845 1349 1366 1359 1877 1557 1729 1268 1306 1640 1231 1957 1911 1369 1165 1504 1263 1710 1148 1635 2046 1264 1666 1581 1203 1663 1171 1701 
1665  912 1276 1354 1188 1105 1218 1368 1418 1631    0  893 1329 1488 1343 1367 1164 1121  931 1659 1008  982 1193 1386 1046 1302 1000 1015 1353 1469 1601 1085 1183 1202 1458 1472 1293 1331 1541 1048 1480  890 1152 1369  950  887 1006 1424  994 1602 1339 1409  933 1002 1079 1121 1520 1467 1169 1529 1037 1207 1349 1098  911  998 1583 1269 1521 1324 1102  912 1633  897 1311 1090 1559 1491 1412 1071  903 1220 1021 1403 1657 1047 1030 1099  953 1543 1017 1753 1437  985 1258 1130  890 1431 1062 1336 
1399  792  906 1136  929  908 1090  916  901 1260  893    0 1128  921 1267 1393  996 1152  859 1368  748  647  911 1287  726 1102  728  725 1139 1377 1178  792  976  921 1260 1348  852 1141 1148  690 1261  764  999 1315  794  568  798 1205  764 1145 1300 1247  780  835  656 1000 1101 1044  904 1338  716 1092 1044  568  875  836 1215 1105 1295 1063 1030  708 1131  702 1068  763 1230 1425 1065  739  619  906  719 1340 1162  838  702 1065  652 1389  760 1436 1127  713 1083 1028  710  870  636 1000 
1469  919 1283 1346 1190 1187 1347 1187 1198 1496 1329 1128    0 1141 1648 1581 1223 1405 1011 1661 1129  945 1475 1542  979 1377  950 1024 1389 1425 1578  935 1117 1294 1478 1591 1336 1434 1443  999 1562 1094 1102 1535  883  957 1091 1620  983 1543 1762 1510  927  960 1114 1231 1392 1177 1358 1634  894 1211 1374  906 1035  906 1532 1355 1421 1232 1215 1004 1575 1107 1284  967 1418 1582 1608  945  990 1271  984 1425 1441  826  909 1377 1086 1428  952 1366 1587  872 1341 1419 1105 1172 1120 1246 
1357 1087 1270 1289 1257 1172 1161 1310 1369 1508 1488  921 1141    0 1536 1496 1399 1229 1128 1661 1002  866 1430 1637 1140 1292 1059 1099 1282 1427 1608 1037 1102 1326 1712 1467 1385 1543 1701  837 1491 1110 1354 1432 1065  978  940 1547 1088 1535 1367 1530  937 1126  945 1278 1513 1277 1392 1714  970 1219 1097 1043 1026 1066 1461 1124 1406 1290 1285 1084 1374  932 1335  805 1598 1629 1421 1077  952 1175  940 1660 1692  901 1109 1294  970 1477 1056 1669 1573 1116 1262 1247  810 1349 1045 1145 
1694 1309 1573 1489 1393 1542 1475 1613 1374 1798 1343 1267 1648 1536    0 1716 1528 1421 1222 1726 1391 1159 1536 1647 1117 1433 1397 1255 1597 1804 1650 1385 1589 1492 1623 1842 1562 1765 1741 1134 1631 1109 1648 1895 1173 1281 1300 1655 1226 1664 1619 1722 1139 1265 1091 1429 1654 1343 1476 1903 1170 1503 1628 1260 1210 1323 1771 1557 1701 1657 1482 1165 1738 1270 1460 1227 1687 1573 1672 1201 1251 1373 1244 1770 1848 1084 1330 1574 1212 1764 1357 1957 1707 1199 1719 1418 1256 1606 1294 1358 
1768 1227 1518 1580 1603 1579 1442 1445 1532 1672 1367 1393 1581 1496 1716    0 1447 1663 1419 1732 1187 1165 1717 1882 1300 1362 1271 1254 1912 1704 1675 1180 1508 1397 1932 1671 1516 1932 1824 1033 1796 1168 1472 1851 1394 1230 1275 1851 1184 1789 2054 1856 1337 1200 1218 1634 1853 1584 1733 1899 1172 1591 1612 1190 1181 1220 1753 1556 2014 1550 1723 1352 1666 1101 1406 1346 1862 1693 1737 1120 1203 1579 1300 1872 1601 1336 1181 1347 1166 1631 1248 1761 1648 1293 1569 1440 1190 1730 1213 1434 
1454 1088 1138 1213 1322 1249 1297 1227 1321 1256 1164  996 1223 1399 1528 1447    0 1119 1108 1420 1090  979 1162 1505 1162 1334  930  895 1433 1360 1635  919 1140 1413 1283 1651 1161 1572 1496 1009 1505  974 1264 1531  843  920  877 1365  999 1659 1618 1588  907 1095  931 1138 1493 1320 1368 1566 1101 1221 1352 1013 1129 1152 1461 1245 1574 1103 1101  980 1653 1143 1306 1109 1615 1523 1566 1013 1096 1180  880 1395 1469 1012  951 1286  866 1537 1103 1604 1706 1027 1205 1173  868 1236  854 1214 
1361 1069 1213 1386 1222 1220 1321 1258 1235 1623 1121 1152 1405 1229 1421 1663 1119    0 1123 1490 1092  932 1274 1473 1058 1107 1138  903 1489 1355 1608 1070 1127 1380 1399 1462 1204 1338 1569  907 1683  929 1190 1400 1010  978 1048 1365  943 1574 1636 1672  910 1036  913 1180 1524 1342 1134 1440  939 1106 1248  887 1017  920 1420 1109 1311 1196 1324  810 1260  963 1367 1071 1404 1410 1561  965 1039 1170 1082 1552 1599  925  850 1331  876 1538  982 1371 1409 1035 1325 1232 1056 1326 1111 1209 
1200  848 1110 1132  893  971  902 1006  827 1077  931  859 1011 1128 1222 1419 1108 1123    0 1287  784  602  841 1216  761 1118  765  771 1086 1351 1177  613 1015  997 1327 1290  936 1106 1190  802 1167  773 1080 1150  762  659  644 1244  646 1184 1246 1220  725  861  836  966 1142 1134 1169 1085  793 1067  925  645  819  713 1292  986 1248  938  983  702 1320  813  924  697 1337 1223 1363  774  678  836  803 1320 1306  793  585 1121  746 1233  797 1307 1249  803 1030  945  813  991  684  973 
1965 1191 1407 1636 1502 1505 1347 1397 1691 1991 1659 1368 1661 1661 1726 1732 1420 1490 1287    0 1332 1331 1389 1675 1168 1367 1106 1330 1746 1712 1714 1079 1604 1551 1608 1740 1683 1878 1684 1173 1714 1204 1468 1949 1152 1177 1416 1733 1195 1897 1587 1645 1321 1239 1307 1500 1807 1658 1581 1825 1137 1477 1636 1185 1223 1306 1786 1371 1656 1719 1548 1310 1782 1261 1534 1266 1753 1703 1661 1138 1337 1365 1068 1552 1845 1239 1352 1711 1158 1578 1345 1608 1812 1138 1537 1420 1244 1346 1317 1581 
1135  869 1007  960 1108  947 1067  957 1006 1167 1008  748 1129 1002 1391 1187 1090 1092  784 1332    0  847  894 1128  664 1095  718  664 1424 1257 1332  747  896 1055 1229 1213  979 1373 1211  746 1471  631  916 1267  712  613  719 1177  819 1272 1256 1143  711  708  852  895 1024 1110  839 1245  820 1015 1091  552  652  609 1313  885 1326 1068 1173  720 1124  684  988  560 1344 1287 1354  720  610  852  675 1276 1079  699  559  909  614 1255  782 1440 1193  869  910  866  642  956  694  932 
1301  753  861  869  977 1117 1107  951 1021 1116  982  647  945  866 1159 1165  979  932  602 1331  847    0  931 1094  804 1049  732  583 1408 1146 1334  615 1165 1058 1349 1161  921 1296 1382  614 1253  709 1104 1216  699  715  668 1188  833 1454 1178 1040  681  633  595  973 1214  926  893 1252  792 1102  856  753  785  684 1375 1084 1136  835  960  593 1319  666 1099  726 1326 1143 1000  844  694  923  633 1348 1174  745  624  996  630 1250  667 1363 1242  837 1020 1091  620 1042  672 1036 
1383 1136 1213 1364 1378 1178 1178 1311 1352 1541 1193  911 1475 1430 1536 1717 1162 1274  841 1389  894  931    0 1334  906 1398 1006  943 1717 1300 1604 1029 1259 1483 1464 1336 1420 1623 1525  847 1376  959 1214 1625  891  958  877 1582 1014 1428 1389 1600  891  909  908 1307 1623 1318 1403 1451 1040 1277 1117  965  914  913 1683 1281 1416 1384 1338  943 1767  850 1203 1035 1441 1532 1551 1096 1062 1328 1105 1605 1545  838  974 1190  938 1526 1136 1397 1555  993 1241 1169  980 1369 1129 1308 
1539 1329 1640 1682 1499 1459 1443 1357 1515 1787 1386 1287 1542 1637 1647 1882 1505 1473 1216 1675 1128 1094 1334    0 1244 1393 1074 1317 1797 1748 1902 1167 1436 1518 1901 1790 1591 1844 1806 1423 1602 1259 1338 1738 1195 1212 1193 1597 1294 1705 1805 1871 1295 1270 1201 1554 1644 1576 1474 1699 1254 1397 1724 1325 1286 1199 1851 1597 1844 1506 1410 1277 1684 1091 1424 1138 1605 1583 1786 1227 1227 1379 1242 1800 1507 1269 1258 1562 1109 1913 1254 1761 1687 1105 1383 1497 1180 1607 1347 1622 
1445  654 1045  922  998 1172  892 1102  936 1172 1046  726  979 1140 1117 1300 1162 1058  761 1168  664  804  906 1244    0  991  689  646 1268 1260 1246  606  830 1063 1247 1102 1136 1364 1316  671 1392  659  975 1191  670  662  829 1127  579 1040 1398 1181  828  687  855  968 1172 1089 1072 1124  840 1095 1047  703  614  693 1177 1021 1300  957  870  667 1275  839 1060  645 1138 1109 1155  651  736  916  591 1343 1436  768  623  900  752 1132  672 1257 1260  832  999  957  723 1137  720  961 
1476  998 1359 1392 1429 1380 1327 1430 1367 1417 1302 1102 1377 1292 1433 1362 1334 1107 1118 1367 1095 1049 1398 1393  991    0 1081 1008 1585 1533 1697 1076 1410 1149 1532 1407 1332 1469 1634 1028 1296  846 1351 1503 1042 1025 1056 1439  834 1710 1447 1491  901 1138  913 1118 1614 1231 1185 1324  901 1349 1190 1015  951  919 1621 1331 1627 1426 1395 1073 1566 1091 1264  938 1527 1667 1371  936 1171 1248 1008 1413 1457 1129 1063 1359 1012 1662 1098 1477 1485  977 1321 1200  891 1471  913 1112 
1133  801  807  834 1069  968  896 1116 1001 1324 1000  728  950 1059 1397 1271  930 1138  765 1106  718  732 1006 1074  689 1081    0  681 1075 1244 1204  811  851  949 1162 1331 1045 1235 1444  745 1351  886  860 1211  729  804  839 1211  684 1231 1349 1282  879  643  658 1101 1163 1066  950 1340  842 1051 1023  809  780  830 1207 1027 1283 1019 1087  684 1175  565  965  808 1100 1239 1230  850  781 1134  565 1153 1276  748  613  944  677 1428  799 1088 1109  855 1127  936  689  934  721  997 
1234  865  958 1024 1129  877 1077  934  838 1312 1015  725 1024 1099 1255 1254  895  903  771 1330  664  583  943 1317  646 1008  681    0 1204 1249 1071  621  969  998 1340 1177  983 1153 1324  765 1170  720 1066 1333  686  631  837 1201  767 1235 1274 1082  661  650  805 1012 1221 1061  884 1302  684 1082  921  855  597  646 1222  954 1131  847  993  765 1200  787  883  725 1194 1318 1222  690  574  926  754 1271 1445  715  676  897  762 1252  544 1333 1236  777  934  875  711 1011  689  878 
1947 1157 1343 1413 1517 1436 1552 1474 1567 1640 1353 1139 1389 1282 1597 1912 1433 1489 1086 1746 1424 1408 1717 1797 1268 1585 1075 1204    0 1848 1871 1141 1409 1561 1841 1746 1575 1808 1692 1123 1530 1443 1334 1808 1315 1270 1309 1762 1077 1595 1807 1740 1023 1272 1309 1539 1746 1354 1461 1897 1150 1517 1702 1275 1070 1284 1977 1543 1732 1488 1658 1260 1785 1241 1590 1232 1986 1772 1674 1450 1186 1426 1351 1822 1735 1311 1237 1609 1055 1862 1416 1673 1866 1233 1527 1386 1318 1470 1147 1433 
1710 1164 1418 1543 1623 1721 1585 1635 1733 1847 1469 1377 1425 1427 1804 1704 1360 1355 1351 1712 1257 1146 1300 1748 1260 1533 1244 1249 1848    0 1620 1279 1363 1612 1705 2026 1590 1840 1675 1261 1680 1191 1720 1725 1174 1357 1239 2004 1194 1747 2018 1783 1336 1100 1174 1441 1705 1548 1444 1826 1189 1636 1587 1324 1344 1094 1780 1414 1695 1692 1607 1242 1781 1201 1446 1252 1784 1578 1683 1242 1145 1388 1300 1832 1661 1219 1255 1404 1190 1784 1329 1934 1834 1060 1291 1519 1329 1667 1166 1463 
1856 1385 1442 1577 1587 1516 1719 1488 1450 1794 1601 1178 1578 1608 1650 1675 1635 1608 1177 1714 1332 1334 1604 1902 1246 1697 1204 1071 1871 1620    0 1299 1548 1581 1650 1792 1590 1626 1759 1290 1794 1206 1332 1777 1393 1200 1252 1922 1433 1697 1619 1683 1347 1080 1442 1553 1832 1622 1388 1772 1395 1402 1485 1393 1276 1170 1554 1255 1876 1394 1429 1258 1942 1161 1458 1163 1768 1844 1760 1260 1240 1581 1165 1806 1720 1297 1389 1624 1297 1895 1358 1561 1670 1206 1558 1414 1276 1342 1343 1462 
1066  758 1161 1043  926 1016  988 1156  972 1110 1085  792  935 1037 1385 1180  919 1070  613 1079  747  615 1029 1167  606 1076  811  621 1141 1279 1299    0 1103 1073 1187 1139 1175 1406 1085  769 1317  736  994 1414  634  732  677 1264  663 1341 1222 1351  785  619  844  941 1285 1015  926 1273  549 1040  918  728  655  671 1167 1018 1208 1022  904  702 1341  845 1104  823 1185 1119 1230  755  787 1112  545 1313 1343  692  724  846  742 1268  596 1142 1201  753 1075 1072  659  870  533  849 
1658 1129 1233 1281 1188 1179 1342 1273 1131 1614 1183  976 1117 1102 1589 1508 1140 1127 1015 1604  896 1165 1259 1436  830 1410  851  969 1409 1363 1548 1103    0 1283 1554 1591 1335 1552 1398 1053 1697  828 1294 1544  968 1054 1032 1573  967 1388 1390 1464  798 1122 1064 1302 1558 1219 1113 1437 1080 1147 1381 1057 1100 1140 1672 1233 1411 1351 1183  938 1656  977 1177 1113 1352 1571 1433 1019 1101 1297 1063 1619 1305  874  905 1354 1027 1523 1060 1450 1552  921 1349 1218 1043 1156 1126 1365 
1680  982 1254 1348 1321 1323 1149 1094 1200 1479 1202  921 1294 1326 1492 1397 1413 1380  997 1551 1055 1058 1483 1518 1063 1149  949  998 1561 1612 1581 1073 1283    0 1540 1533 1380 1541 1512 1138 1392 1116 1278 1573 1027 1006  992 1374  924 1751 1707 1646 1087 1042 1101 1393 1514 1241 1273 1439 1011 1194 1212 1003  875 1097 1411 1287 1492 1409 1448 1024 1579 1109 1170 1095 1585 1641 1557 1043 1066 1272 1079 1490 1646  865 1093 1234 1009 1533 1029 1502 1558 1107 1282 1208  979 1100  969 1312 
1770 1372 1538 1564 1560 1471 1439 1444 1686 1673 1458 1260 1478 1712 1623 1932 1283 1399 1327 1608 1229 1349 1464 1901 1247 1532 1162 1340 1841 1705 1650 1187 1554 1540    0 1915 1492 1653 1787 1306 1743 1331 1373 1701 1053 1338 1161 1671 1115 1766 1574 1837 1057 1179 1370 1512 1745 1316 1600 1816 1273 1481 1500 1280 1071 1389 1971 1325 1953 1597 1390 1336 1847 1297 1378 1139 1712 1730 1918 1181 1363 1459 1079 1716 1804 1238 1277 1435 1353 2004 1185 1731 1738 1114 1597 1659 1341 1560 1066 1509 
1685 1229 1621 1513 1342 1580 1554 1544 1407 1813 1472 1348 1591 1467 1842 1671 1651 1462 1290 1740 1213 1161 1336 1790 1102 1407 1331 1177 1746 2026 1792 1139 1591 1533 1915    0 1710 1551 1863 1317 1820 1292 1407 1716 1182 1307 1097 1809 1356 1909 1859 1463 1207 1341 1200 1623 1666 1469 1512 1825 1280 1501 1589 1286 1244 1430 1526 1531 1820 1433 1397 1164 1701 1148 1665 1082 1778 1914 1783 1066 1355 1657 1354 1722 1779 1162 1176 1678 1311 1775 1210 1604 1653 1263 1582 1306 1228 1533 1356 1481 
1591 1041 1345 1152 1300 1194 1462 1314 1107 1456 1293  852 1336 1385 1562 1516 1161 1204  936 1683  979  921 1420 1591 1136 1332 1045  983 1575 1590 1590 1175 1335 1380 1492 1710    0 1433 1576  931 1586 1108 1398 1411  820 1107 1154 1633  840 1362 1552 1415  917 1031 1084 1260 1591 1350 1083 1385  843 1132 1331  931  975 1113 1520 1281 1358 1339 1179  979 1606 1001 1235 1023 1638 1360 1758 1044 1012 1150  844 1588 1424  934  902 1321 1028 1465 1119 1353 1409  792 1206 1209  863 1267 1068 1229 
1685 1276 1624 1317 1453 1525 1468 1486 1519 1660 1331 1141 1434 1543 1765 1932 1572 1338 1106 1878 1373 1296 1623 1844 1364 1469 1235 1153 1808 1840 1626 1406 1552 1541 1653 1551 1433    0 1896 1320 2000 1346 1419 1902 1436 1233 1436 1503 1154 1859 1678 1970 1043 1495 1327 1705 1644 1547 1706 1652 1419 1424 1352 1238 1249 1153 1609 1331 1633 1748 1567 1183 1843 1455 1421 1327 1763 1941 1779 1164 1244 1474 1354 1964 1613 1278 1216 1434 1169 1739 1095 1879 1703 1301 1411 1389 1202 1578 1121 1452 
1871 1271 1630 1418 1525 1451 1481 1400 1329 1777 1541 1148 1443 1701 1741 1824 1496 1569 1190 1684 1211 1382 1525 1806 1316 1634 1444 1324 1692 1675 1759 1085 1398 1512 1787 1863 1576 1896    0 1231 1696 1375 1288 1939 1300 1188 1074 1944 1121 1739 1633 1780 1305 1289 1024 1571 1534 1553 1669 1883 1187 1460 1579 1311 1442 1288 1699 1403 1824 1352 1403 1294 1840 1177 1409 1436 1838 1666 1848 1284 1310 1547 1215 1721 1758 1079 1178 1703 1237 1707 1162 1889 1878 1328 1601 1500 1328 1504 1381 1590 
1442  608  960 1100  868 1042 1138  919 1019 1138 1048  690  999  837 1134 1033 1009  907  802 1173  746  614  847 1423  671 1028  745  765 1123 1261 1290  769 1053 1138 1306 1317  931 1320 1231    0 1199  709 1078 1174  820  810  760 1234  800 1250 1171 1201  568  776  680 1015 1175  805  979 1357  676  935  959  717  740  706 1196  962 1131  980 1074  659 1210  776  971  625 1165 1010 1318  725  738 1072  827 1210 1075  834  768 1077  647 1243  849 1128 1240  801 1130  915  757  815  764  961 
1831 1193 1468 1644 1539 1673 1589 1565 1360 1705 1480 1261 1562 1491 1631 1796 1505 1683 1167 1714 1471 1253 1376 1602 1392 1296 1351 1170 1530 1680 1794 1317 1697 1392 1743 1820 1586 2000 1696 1199    0 1398 1476 1722 1279 1144 1209 1926 1326 1634 1785 1681 1227 1104 1279 1730 1713 1596 1324 1717 1330 1329 1472 1194 1099 1248 1814 1615 1568 1636 1697 1275 1828 1325 1602 1095 1663 1830 1694 1278 1365 1611 1189 1850 1795 1253 1265 1508 1253 1855 1251 1972 1911 1312 1438 1514 1171 1704 1244 1445 
1160  682 1089  928  901  876 1094  853 1124 1293  890  764 1094 1110 1109 1168  974  929  773 1204  631  709  959 1259  659  846  886  720 1443 1191 1206  736  828 1116 1331 1292 1108 1346 1375  709 1398    0 1023 1106  860  632  632 1213  690 1310 1084 1118  754  603  689 1011 1202 1120 1137 1230  714 1114  936  812  871  588 1130 1072 1173  914 1019  729 1171  610  862  658 1167 1219 1118  594  776  888  716 1409 1420  582  687 1002  790 1393  763 1051 1248  811  951 1046  645  952  864  999 
1463 1110 1374 1316 1398 1249 1191 1251 1225 1726 1152  999 1102 1354 1648 1472 1264 1190 1080 1468  916 1104 1214 1338  975 1351  860 1066 1334 1720 1332  994 1294 1278 1373 1407 1398 1419 1288 1078 1476 1023    0 1527 1097 1038 1057 1466 1013 1635 1534 1565  926  976 1025 1185 1615 1148 1273 1459  913 1329 1274  866 1039  936 1612 1441 1443 1199 1134 1055 1453  861 1164 1038 1381 1643 1491  903 1086 1398 1158 1500 1580 1016 1075 1228 1159 1529 1041 1459 1414 1010 1190 1278  971 1342 1099 1085 
1783 1287 1539 1638 1537 1490 1528 1425 1701 1827 1369 1315 1535 1432 1895 1851 1531 1400 1150 1949 1267 1216 1625 1738 1191 1503 1211 1333 1808 1725 1777 1414 1544 1573 1701 1716 1411 1902 1939 1174 1722 1106 1527    0 1342 1099 1223 1938 1302 1613 1820 1905 1200 1132 1290 1456 1562 1501 1668 1869 1122 1605 1474 1442 1223 1146 1904 1556 1653 1521 1523 1164 1707 1225 1503 1217 1858 1801 1672 1416 1209 1544 1194 1839 1605 1392 1487 1764 1297 1852 1264 1697 1883 1120 1613 1487 1221 1407 1137 1446 
1145  601  863 1006 1015  973  958 1151  832 1204  950  794  883 1065 1173 1394  843 1010  762 1152  712  699  891 1195  670 1042  729  686 1315 1174 1393  634  968 1027 1053 1182  820 1436 1300  820 1279  860 1097 1342    0  588  579 1227  658 1406 1384 1310  660  692  739  885 1350 1008  886 1188  808  925 1097  731  776  858 1164 1082 1275 1052 1069  706 1087  723  937  839 1180 1310 1132  655  705 1159  664 1270 1329  608  816  848  840 1349  796 1312 1299  797  914 1121  721 1159  693  926 
1263  725 1028 1081  915  868  952 1047  918 1261  887  568  957  978 1281 1230  920  978  659 1177  613  715  958 1212  662 1025  804  631 1270 1357 1200  732 1054 1006 1338 1307 1107 1233 1188  810 1144  632 1038 1099  588    0  817 1190  645 1160 1295 1304  843  754  693  867 1058 1044  871 1192  616 1039 1101  850  591  676 1213 1127 1472  898  883  809 1383  850  930  721 1382 1175 1320  840  748 1130  615 1367 1267  786  753  886  786 1321  564 1213 1202  666  936  867  597 1160  781  929 
1134  718 1105  941  822  913 1009 1022  954 1076 1006  798 1091  940 1300 1275  877 1048  644 1416  719  668  877 1193  829 1056  839  837 1309 1239 1252  677 1032  992 1161 1097 1154 1436 1074  760 1209  632 1057 1223  579  817    0 1391  750 1164 1370 1163  771  616  685  919 1323 1096 1065 1313  848  999 1052  603  832  789 1205  918 1118 1084  955  689 1121  827  999  798 1133 1132 1188  668  751  910  703 1351 1249  697  790 1076  594 1374  819 1232 1310  829  857  970  576  945  633 1027 
1720 1333 1376 1523 1674 1557 1468 1293 1436 1804 1424 1205 1620 1547 1655 1851 1365 1365 1244 1733 1177 1188 1582 1597 1127 1439 1211 1201 1762 2004 1922 1264 1573 1374 1671 1809 1633 1503 1944 1234 1926 1213 1466 1938 1227 1190 1391    0 1391 1635 1723 1848 1435 1422 1182 1388 1682 1304 1581 1706 1265 1676 1734 1307 1016 1347 1843 1484 1567 1361 1592 1321 1822 1079 1284 1102 1797 1684 1696 1326 1358 1449 1210 1780 1780 1263 1368 1506 1175 1746 1134 1848 1965 1296 1418 1417 1396 1660 1236 1358 
1175  664  925 1037  890 1094 1131  969 1006 1454  994  764  983 1088 1226 1184  999  943  646 1195  819  833 1014 1294  579  834  684  767 1077 1194 1433  663  967  924 1115 1356  840 1154 1121  800 1326  690 1013 1302  658  645  750 1391    0 1261 1198 1335  721  671  644  984 1257  880  911 1208  743  931  930  653  804  634 1284  890 1309 1067 1050  735 1261  829  950  651 1219 1411 1111  758  838  910  581 1326 1209  710  675 1046  672 1298  684 1288 1137  552 1059 1071  581 1030  671  876 
1733 1308 1501 1383 1513 1363 1412 1551 1642 1602 1602 1145 1543 1535 1664 1789 1659 1574 1184 1897 1272 1454 1428 1705 1040 1710 1231 1235 1595 1747 1697 1341 1388 1751 1766 1909 1362 1859 1739 1250 1634 1310 1635 1613 1406 1160 1164 1635 1261    0 1658 1780 1188 1361 1386 1534 1730 1753 1599 1761 1355 1502 1482 1128 1248 1300 1805 1436 1717 1562 1488 1077 2010 1185 1506 1314 1742 1791 1957 1426 1093 1454 1307 1582 1687 1342 1351 1430 1132 1921 1192 1768 1662 1346 1600 1757 1311 1655 1336 1321 
1805 1273 1671 1562 1485 1307 1480 1610 1395 1881 1339 1300 1762 1367 1619 2054 1618 1636 1246 1587 1256 1178 1389 1805 1398 1447 1349 1274 1807 2018 1619 1222 1390 1707 1574 1859 1552 1678 1633 1171 1785 1084 1534 1820 1384 1295 1370 1723 1198 1658    0 1682 1421 1334 1219 1425 1792 1676 1534 1537 1367 1495 1639 1014 1088 1102 1809 1560 1932 1580 1574 1227 1704 1243 1370 1306 1812 1660 1743 1286 1260 1309 1268 1663 1667 1403 1329 1590 1303 1899 1261 1697 1719 1254 1572 1517 1170 1620 1048 1415 
1729 1136 1385 1339 1377 1629 1400 1504 1493 1887 1409 1247 1510 1530 1722 1856 1588 1672 1220 1645 1143 1040 1600 1871 1181 1491 1282 1082 1740 1783 1683 1351 1464 1646 1837 1463 1415 1970 1780 1201 1681 1118 1565 1905 1310 1304 1163 1848 1335 1780 1682    0 1181 1409 1398 1567 1750 1447 1669 1918 1085 1572 1431 1198 1195 1221 1908 1649 1813 1336 1443 1170 1810 1351 1653 1332 1750 2061 1690 1097 1195 1446 1126 1848 1844 1248 1283 1604 1171 1842 1362 1550 1727 1348 1705 1563 1138 1340 1388 1378 
1303  730  928 1005 1035 1101  873  968 1117 1158  933  780  927  937 1139 1337  907  910  725 1321  711  681  891 1295  828  901  879  661 1023 1336 1347  785  798 1087 1057 1207  917 1043 1305  568 1227  754  926 1200  660  843  771 1435  721 1188 1421 1181    0  754  765  957 1133  907  895 1299  792  884 1107  725  636  799 1345 1006 1442 1059  938  867 1168  771  894  768 1405 1222 1316  799  619 1022  788 1401 1270  837  822  901  673 1125  776 1170 1148  647 1085 1066  783 1051  635  840 
1377  610  870 1037 1007  870 1030 1034 1029 1111 1002  835  960 1126 1265 1200 1095 1036  861 1239  708  633  909 1270  687 1138  643  650 1272 1100 1080  619 1122 1042 1179 1341 1031 1495 1289  776 1104  603  976 1132  692  754  616 1422  671 1361 1334 1409  754    0  690 1003 1369 1031 1119 1269  778  932 1047  793  692  731 1073  836 1107  989  909  778 1249  707  994  649 1288 1285 1194  734  590  858  567 1093 1195  588  650  866  825 1389  613 1414 1114  818  807  982  607  940  726  861 
1247  625 1034  926  850 1030 1091  937  955 1065 1079  656 1114  945 1091 1218  931  913  836 1307  852  595  908 1201  855  913  658  805 1309 1174 1442  844 1064 1101 1370 1200 1084 1327 1024  680 1279  689 1025 1290  739  693  685 1182  644 1386 1219 1398  765  690    0 1034 1165  901  878 1285  743 1098  833  664  733  658 1181  936 1250 1096  856  750 1223  794  946  753 1193 1313 1072  751  626 1010  843 1351 1064  660  839  943  631 1401  810 1389 1414  660  896  896  690  838  834  854 
1444 1074 1169 1183 1394 1248 1196 1328 1347 1557 1121 1000 1231 1278 1429 1634 1138 1180  966 1500  895  973 1307 1554  968 1118 1101 1012 1539 1441 1553  941 1302 1393 1512 1623 1260 1705 1571 1015 1730 1011 1185 1456  885  867  919 1388  984 1534 1425 1567  957 1003 1034    0 1554 1412 1137 1494  959 1342 1131  825  900 1155 1718 1380 1523 1218 1257 1016 1672  968 1359 1047 1488 1549 1464 1103  942 1369  931 1319 1594  871  920 1190  953 1434  993 1614 1589 1057 1119 1180 1005 1337  847 1124 
1709 1341 1409 1457 1467 1428 1582 1502 1644 1782 1520 1101 1392 1513 1654 1853 1493 1524 1142 1807 1024 1214 1623 1644 1172 1614 1163 1221 1746 1705 1832 1285 1558 1514 1745 1666 1591 1644 1534 1175 1713 1202 1615 1562 1350 1058 1323 1682 1257 1730 1792 1750 1133 1369 1165 1554    0 1522 1388 1544 1175 1470 1596 1318 1217 1325 1888 1488 1508 1359 1595 1284 1704 1283 1554 1334 1844 1826 1821 1420 1323 1573 1330 1670 1655 1247 1268 1550 1168 1653 1300 1534 1849 1200 1613 1561 1251 1573 1197 1336 
1619 1137 1337 1427 1195 1244 1391 1240 1192 1536 1467 1044 1177 1277 1343 1584 1320 1342 1134 1658 1110  926 1318 1576 1089 1231 1066 1061 1354 1548 1622 1015 1219 1241 1316 1469 1350 1547 1553  805 1596 1120 1148 1501 1008 1044 1096 1304  880 1753 1676 1447  907 1031  901 1412 1522    0 1351 1604  895 1210 1330 1028 1033  983 1538 1289 1603 1235 1247 1084 1341 1077 1245  981 1638 1584 1509  870  900 1126  998 1384 1711 1073  941 1210 1096 1343 1075 1437 1510 1045 1231 1296  926 1306 1051 1425 
1559 1036 1237 1083 1379 1200 1342 1246 1312 1584 1169  904 1358 1392 1476 1733 1368 1134 1169 1581  839  893 1403 1474 1072 1185  950  884 1461 1444 1388  926 1113 1273 1600 1512 1083 1706 1669  979 1324 1137 1273 1668  886  871 1065 1581  911 1599 1534 1669  895 1119  878 1137 1388 1351    0 1595 1138 1377 1155  908  820  965 1625 1236 1344 1249 1361 1078 1576  996 1385  838 1437 1353 1364  880  844 1294  875 1450 1527 1057 1005 1401 1019 1672 1143 1513 1651 1103 1431 1289 1006 1307  904 1092 
1732 1135 1609 1504 1687 1637 1664 1525 1469 1462 1529 1338 1634 1714 1903 1899 1566 1440 1085 1825 1245 1252 1451 1699 1124 1324 1340 1302 1897 1826 1772 1273 1437 1439 1816 1825 1385 1652 1883 1357 1717 1230 1459 1869 1188 1192 1313 1706 1208 1761 1537 1918 1299 1269 1285 1494 1544 1604 1595    0 1067 1398 1527 1196 1259 1216 1621 1368 1747 1650 1659 1311 1616 1260 1338 1346 1732 1802 2052 1330 1308 1601 1174 1581 1802 1310 1294 1475 1199 1835 1362 1768 1811 1322 1485 1430 1300 1536 1153 1571 
1128  767  908  867  984  954 1114  988 1150 1218 1037  716  894  970 1170 1172 1101  939  793 1137  820  792 1040 1254  840  901  842  684 1150 1189 1395  549 1080 1011 1273 1280  843 1419 1187  676 1330  714  913 1122  808  616  848 1265  743 1355 1367 1085  792  778  743  959 1175  895 1138 1067    0 1010  869  676  838  784 1306  988 1439  935  854  840 1342  552 1018  812 1344 1119 1128  620  655  890  678 1246 1343  629  778 1093  669 1283  833 1313 1204  757 1077 1006  669 1133  721 1096 
1292 1105 1279 1302 1228 1334 1173 1398 1200 1493 1207 1092 1211 1219 1503 1591 1221 1106 1067 1477 1015 1102 1277 1397 1095 1349 1051 1082 1517 1636 1402 1040 1147 1194 1481 1501 1132 1424 1460  935 1329 1114 1329 1605  925 1039  999 1676  931 1502 1495 1572  884  932 1098 1342 1470 1210 1377 1398 1010    0 1224  872 1104  939 1620 1196 1520 1359 1339  985 1565 1120 1406 1033 1394 1471 1431  912  902 1305  989 1513 1482 1117 1060 1362 1102 1676  968 1377 1499 1018 1284 1298  859 1317 1006 1265 
1442  919 1346 1231 1186 1155 1368 1205 1337 1520 1349 1044 1374 1097 1628 1612 1352 1248  925 1636 1091  856 1117 1724 1047 1190 1023  921 1702 1587 1485  918 1381 1212 1500 1589 1331 1352 1579  959 1472  936 1274 1474 1097 1101 1052 1734  930 1482 1639 1431 1107 1047  833 1131 1596 1330 1155 1527  869 1224    0  864  989 1113 1598 1217 1596 1342 1136 1002 1550 1071 1369 1012 1497 1608 1481 1050 1048 1274  839 1342 1530 1032  928 1171 1070 1603 1040 1609 1625 1067 1310 1233 1061 1328  938 1439 
1246  748  850 1017  869 1014  886 1027 1096 1234 1098  568  906 1043 1260 1190 1013  887  645 1185  552  753  965 1325  703 1015  809  855 1275 1324 1393  728 1057 1003 1280 1286  931 1238 1311  717 1194  812  866 1442  731  850  603 1307  653 1128 1014 1198  725  793  664  825 1318 1028  908 1196  676  872  864    0  570  576 1331  993 1061 1127 1119  796 1140  603 1065  711 1179 1129 1140  617  608 1101  614 1217 1343  707  613  917  604 1140  578 1297 1255  662  909  936  738  971  583 1110 
1168  851  999 1092  939 1035 1013 1002  964 1376  911  875 1035 1026 1210 1181 1129 1017  819 1223  652  785  914 1286  614  951  780  597 1070 1344 1276  655 1100  875 1071 1244  975 1249 1442  740 1099  871 1039 1223  776  591  832 1016  804 1248 1088 1195  636  692  733  900 1217 1033  820 1259  838 1104  989  570    0  648 1170  845 1090 1035  893  597 1383  782  977  734 1264 1269 1147  574  809  898  632 1467 1276  737  818  872  831 1347  647 1135 1178  774  898 1052  622  898  579 1072 
1351  643  859 1034 1047 1070  866  859  918 1411  998  836  906 1066 1323 1220 1152  920  713 1306  609  684  913 1199  693  919  830  646 1284 1094 1170  671 1140 1097 1389 1430 1113 1153 1288  706 1248  588  936 1146  858  676  789 1347  634 1300 1102 1221  799  731  658 1155 1325  983  965 1216  784  939 1113  576  648    0 1245  881 1167  809 1007  614 1312  826  880  705 1229 1394 1279  778  752 1058  733 1134 1344  657  606 1079  693 1137  671 1279 1399  715  827  971  838  958  687 1171 
1704 1167 1505 1390 1589 1398 1515 1735 1368 1933 1583 1215 1532 1461 1771 1753 1461 1420 1292 1786 1313 1375 1683 1851 1177 1621 1207 1222 1977 1780 1554 1167 1672 1411 1971 1526 1520 1609 1699 1196 1814 1130 1612 1904 1164 1213 1205 1843 1284 1805 1809 1908 1345 1073 1181 1718 1888 1538 1625 1621 1306 1620 1598 1331 1170 1245    0 1321 1779 1491 1521 1401 1787 1284 1658 1270 1775 1822 1881 1087 1216 1427 1111 1687 1734 1152 1325 1266 1292 1912 1055 1916 1838 1148 1339 1481 1404 1561 1311 1449 
1382  979 1267 1341 1252 1237 1209 1129 1213 1645 1269 1105 1355 1124 1557 1556 1245 1109  986 1371  885 1084 1281 1597 1021 1331 1027  954 1543 1414 1255 1018 1233 1287 1325 1531 1281 1331 1403  962 1615 1072 1441 1556 1082 1127  918 1484  890 1436 1560 1649 1006  836  936 1380 1488 1289 1236 1368  988 1196 1217  993  845  881 1321    0 1573 1198 1164 1087 1410 1038 1314  847 1509 1440 1565 1022  943 1207  803 1335 1449  942  977 1362  956 1382 1049 1533 1468  875 1313 1200 1056 1169 1071 1155 
1959 1221 1612 1642 1473 1592 1605 1656 1594 1648 1521 1295 1421 1406 1701 2014 1574 1311 1248 1656 1326 1136 1416 1844 1300 1627 1283 1131 1732 1695 1876 1208 1411 1492 1953 1820 1358 1633 1824 1131 1568 1173 1443 1653 1275 1472 1118 1567 1309 1717 1932 1813 1442 1107 1250 1523 1508 1603 1344 1747 1439 1520 1596 1061 1090 1167 1779 1573    0 1600 1679 1239 1770 1449 1495 1343 1795 1724 1632 1284 1300 1599 1071 1542 1961 1179 1248 1520 1056 1800 1263 1637 1896 1386 1657 1673 1133 1623 1280 1606 
1418  832 1308 1213 1380 1427 1262 1281 1224 1315 1324 1063 1232 1290 1657 1550 1103 1196  938 1719 1068  835 1384 1506  957 1426 1019  847 1488 1692 1394 1022 1351 1409 1597 1433 1339 1748 1352  980 1636  914 1199 1521 1052  898 1084 1361 1067 1562 1580 1336 1059  989 1096 1218 1359 1235 1249 1650  935 1359 1342 1127 1035  809 1491 1198 1600    0 1222 1180 1281  915 1257  913 1437 1429 1554  967  980 1323 1088 1433 1529  857 1003 1292 1069 1354  865 1583 1476  817 1231 1216  965 1348  935 1169 
1409 1003 1429 1184 1211 1204 1370 1359 1230 1450 1102 1030 1215 1285 1482 1723 1101 1324  983 1548 1173  960 1338 1410  870 1395 1087  993 1658 1607 1429  904 1183 1448 1390 1397 1179 1567 1403 1074 1697 1019 1134 1523 1069  883  955 1592 1050 1488 1574 1443  938  909  856 1257 1595 1247 1361 1659  854 1339 1136 1119  893 1007 1521 1164 1679 1222    0  965 1531 1089 1345  870 1356 1530 1679  974  917 1273  869 1433 1491 1010  981 1264 1011 1580  882 1607 1576 1027 1202 1337 1047 1228 1047 1420 
1122  629 1052  953 1043 1063 1066  940  803 1267  912  708 1004 1084 1165 1352  980  810  702 1310  720  593  943 1277  667 1073  684  765 1260 1242 1258  702  938 1024 1336 1164  979 1183 1294  659 1275  729 1055 1164  706  809  689 1321  735 1077 1227 1170  867  778  750 1016 1284 1084 1078 1311  840  985 1002  796  597  614 1401 1087 1239 1180  965    0 1181  594  992  667 1310 1240 1349  652  788  853  611 1308 1164  768  607 1056  844 1157  838 1191 1240  799 1130 1053  548 1068  659  985 
1806 1162 1654 1520 1523 1562 1614 1548 1493 1845 1633 1131 1575 1374 1738 1666 1653 1260 1320 1782 1124 1319 1767 1684 1275 1566 1175 1200 1785 1781 1942 1341 1656 1579 1847 1701 1606 1843 1840 1210 1828 1171 1453 1707 1087 1383 1121 1822 1261 2010 1704 1810 1168 1249 1223 1672 1704 1341 1576 1616 1342 1565 1550 1140 1383 1312 1787 1410 1770 1281 1531 1181    0 1218 1492 1319 1578 1757 1558 1277 1260 1359 1121 1727 1693 1174 1048 1425 1329 1810 1255 1841 1840 1388 1461 1574 1105 1436 1326 1677 
1215  786 1041  989  867  971 1158 1010 1046 1349  897  702 1107  932 1270 1101 1143  963  813 1261  684  666  850 1091  839 1091  565  787 1241 1201 1161  845  977 1109 1297 1148 1001 1455 1177  776 1325  610  861 1225  723  850  827 1079  829 1185 1243 1351  771  707  794  968 1283 1077  996 1260  552 1120 1071  603  782  826 1284 1038 1449  915 1089  594 1218    0 1130  626 1322 1181 1158  686  639 1073  793 1252 1380  583  659  894  834 1316  765 1272 1129  735  989 1130  665  927  814  961 
1400 1044 1323 1415 1405 1429 1264 1384 1163 1366 1311 1068 1284 1335 1460 1406 1306 1367  924 1534  988 1099 1203 1424 1060 1264  965  883 1590 1446 1458 1104 1177 1170 1378 1665 1235 1421 1409  971 1602  862 1164 1503  937  930  999 1284  950 1506 1370 1653  894  994  946 1359 1554 1245 1385 1338 1018 1406 1369 1065  977  880 1658 1314 1495 1257 1345  992 1492 1130    0 1088 1597 1414 1690 1008  917 1299  889 1454 1676 1096 1004 1219  953 1609  861 1325 1401 1043 1278 1356 1091 1237 1049 1308 
1391  631 1023 1122  905 1022 1062 1153  921 1359 1090  763  967  805 1227 1346 1109 1071  697 1266  560  726 1035 1138  645  938  808  725 1232 1252 1163  823 1113 1095 1139 1082 1023 1327 1436  625 1095  658 1038 1217  839  721  798 1102  651 1314 1306 1332  768  649  753 1047 1334  981  838 1346  812 1033 1012  711  734  705 1270  847 1343  913  870  667 1319  626 1088    0 1336 1227 1250  787  705 1002  712 1343 1292  723  725  969  663 1288  792 1260 1227  745 1102 1052  665 1080  813 1043 
1942 1197 1583 1559 1541 1554 1513 1538 1598 1877 1559 1230 1418 1598 1687 1862 1615 1404 1337 1753 1344 1326 1441 1605 1138 1527 1100 1194 1986 1784 1768 1185 1352 1585 1712 1778 1638 1763 1838 1165 1663 1167 1381 1858 1180 1382 1133 1797 1219 1742 1812 1750 1405 1288 1193 1488 1844 1638 1437 1732 1344 1394 1497 1179 1264 1229 1775 1509 1795 1437 1356 1310 1578 1322 1597 1336    0 1605 1541 1277 1272 1540 1204 1857 1666 1484 1286 1348 1096 1833 1219 1692 1870 1282 1513 1651 1272 1619 1364 1584 
1865 1213 1436 1636 1524 1517 1423 1592 1581 1557 1491 1425 1582 1629 1573 1693 1523 1410 1223 1703 1287 1143 1532 1583 1109 1667 1239 1318 1772 1578 1844 1119 1571 1641 1730 1914 1360 1941 1666 1010 1830 1219 1643 1801 1310 1175 1132 1684 1411 1791 1660 2061 1222 1285 1313 1549 1826 1584 1353 1802 1119 1471 1608 1129 1269 1394 1822 1440 1724 1429 1530 1240 1757 1181 1414 1227 1605    0 1684 1157 1308 1612 1188 1699 1630 1391 1315 1570 1305 1939 1192 1809 1870 1298 1503 1596 1164 1534 1171 1405 
1579 1381 1524 1421 1466 1633 1739 1611 1524 1729 1412 1065 1608 1421 1672 1737 1566 1561 1363 1661 1354 1000 1551 1786 1155 1371 1230 1222 1674 1683 1760 1230 1433 1557 1918 1783 1758 1779 1848 1318 1694 1118 1491 1672 1132 1320 1188 1696 1111 1957 1743 1690 1316 1194 1072 1464 1821 1509 1364 2052 1128 1431 1481 1140 1147 1279 1881 1565 1632 1554 1679 1349 1558 1158 1690 1250 1541 1684    0 1164 1403 1454 1146 1810 1886 1336 1161 1508 1050 1820 1294 1536 1659 1298 1544 1563 1339 1332 1283 1426 
