10 4 16 126

   0 1051 1054 1186 1238  912 1535 1131  953 1654 
1051    0  585 1057  925  599 1110  963  657 1392 
1054  585    0  910 1065  829 1161  864  651 1181 
1186 1057  910    0 1143  857 1587 1166  959 1473 
1238  925 1065 1143    0 1031 1679 1249 1150 1578 
 912  599  829  857 1031    0 1312  999  821 1283 
1535 1110 1161 1587 1679 1312    0 1405 1172 1756 
1131  963  864 1166 1249  999 1405    0 1042 1502 
 953  657  651  959 1150  821 1172 1042    0 1186 
1654 1392 1181 1473 1578 1283 1756 1502 1186    0 

   0 1164 1024 1043  913 1079 1153  974 1139 1129 
1164    0 1111 1187  884 1001  856  913  770 1036 
1024 1111    0  609 1071 1152  811 1127  837 1111 
1043 1187  609    0  735 1027  793  767  757  615 
 913  884 1071  735    0 1180  813  848  857  819 
1079 1001 1152 1027 1180    0  604  922 1006 1138 
1153  856  811  793  813  604    0 1074  996 1181 
 974  913 1127  767  848  922 1074    0 1103  735 
1139  770  837  757  857 1006  996 1103    0 1188 
1129 1036 1111  615  819 1138 1181  735 1188    0 

0 432 738
1 275 877
2 259 1006
3 406 859
4 470 802
5 259 1009
6 646 870
7 378 753
8 296 1051
9 680 1068

0 8 8722 12742 3812 
0 2 2142 5080 4216 
0 5 2608 5316 3648 
0 5 4017 7599 2736 
0 4 9194 12270 2476 
0 1 10057 12536 3153 
0 5 4080 7284 2736 
0 3 4901 7299 4744 
0 9 9123 12487 4962 
0 6 5769 8755 6140 
0 5 7864 10723 2736 
0 5 10315 12818 2736 
0 5 8721 11105 2736 
0 1 2361 6842 2102 
1 5 4262 7275 1797 
1 5 7989 11142 2396 
1 9 8822 11204 2784 
1 7 2154 4199 2889 
1 7 5137 8378 3852 
1 7 543 2432 3852 
1 5 2338 5571 1198 
1 5 5945 9848 1198 
1 0 15 4414 2102 
1 3 5142 9023 3171 
1 3 4112 8052 2114 
2 4 5049 8743 4260 
2 1 9690 12011 1170 
2 9 4775 9019 2362 
2 0 9729 13732 3162 
2 1 4111 6944 1755 
2 8 6458 8734 1302 
2 6 9085 11607 3483 
2 5 6617 10568 2487 
2 6 3976 5654 3483 
2 9 10012 13289 4724 
2 6 5680 7350 4644 
2 5 5035 8237 2487 
3 0 1692 4706 4744 
3 2 6518 7943 2730 
3 2 1322 3380 1820 
3 8 9551 11488 2877 
3 9 7548 9669 5892 
3 7 2459 4376 4664 
3 7 2971 5041 3498 
3 1 184 4089 2114 
3 4 8803 10838 4572 
3 9 2279 3619 2946 
3 6 13 1717 3174 
3 6 5604 7205 3174 
3 7 9804 12358 2332 
3 6 1380 3735 6348 
3 6 9989 13018 4761 
3 4 1039 3868 4572 
4 7 3089 5649 3747 
4 2 8979 12556 3195 
4 1 10323 12099 2775 
4 8 5510 7318 2300 
4 9 2026 4171 4734 
4 7 6418 8970 2498 
4 8 334 3333 3450 
4 8 9968 12050 3450 
4 3 5264 7946 4572 
4 0 6210 8273 3714 
4 9 4510 7270 6312 
4 5 2628 7241 4124 
4 3 741 3372 4572 
4 3 2828 5349 4572 
4 9 2099 5334 3156 
5 3 4909 8821 2571 
5 8 5709 9511 2463 
5 8 6794 9459 2463 
5 3 1716 4078 3428 
5 3 8614 12424 3428 
5 6 597 1865 2624 
5 6 3003 4537 3936 
5 3 6543 10055 3428 
6 3 701 3341 4761 
6 3 9599 11422 3174 
6 2 9017 12033 2322 
6 3 337 3477 6348 
6 5 8616 9956 3936 
6 0 9403 12654 3070 
6 0 3004 5736 6140 
6 2 2858 5363 3483 
6 8 5844 9081 4688 
6 2 1453 3545 4644 
6 4 3814 6797 5037 
6 5 512 2638 3936 
6 0 6347 10636 4605 
6 8 6571 9061 4688 
7 3 8499 11513 2332 
7 8 9708 12509 3126 
7 3 6039 8593 2332 
7 8 9946 12891 3126 
7 3 8640 10987 4664 
7 9 5489 8171 6008 
7 9 3849 5605 4506 
7 6 8248 12350 2810 
7 2 8532 12825 1728 
7 3 200 2002 4664 
7 6 9840 12245 5620 
7 4 2180 5292 3747 
8 3 3870 6519 1918 
8 3 5129 7263 3836 
8 7 322 4215 4168 
8 4 2936 5644 2300 
8 2 1085 3386 2604 
8 7 4439 8586 4168 
8 5 8705 11270 1642 
8 5 5772 9423 3284 
8 9 10024 12756 4744 
8 5 8693 11952 3284 
8 0 4152 8275 2859 
8 4 5856 7861 3450 
9 4 5008 7882 6312 
9 5 5789 9362 3849 
9 5 5135 8981 3849 
9 8 1296 4123 2372 
9 4 1107 4055 3156 
9 7 5760 8523 4506 
9 5 1128 5395 3849 
9 1 2319 4795 5568 
9 4 300 2699 6312 
9 8 4927 9073 3558 
9 2 4220 7586 4724 
9 1 1507 4210 2784 

0 1 0 0
0 1 1 0
0 1 2 0
0 1 3 0
0 1 4 0
0 2 0 0
0 2 1 0
0 2 2 0
0 2 3 0
0 2 4 0
0 3 0 0
0 3 1 0
0 3 2 0
0 3 3 0
0 3 4 0
0 4 0 3473
0 4 1 3473
0 4 2 3473
0 4 3 0
0 4 4 0
0 5 0 0
0 5 1 0
0 5 2 0
0 5 3 0
0 5 4 0
0 6 0 0
0 6 1 0
0 6 2 0
0 6 3 0
0 6 4 0
0 7 0 0
0 7 1 0
0 7 2 0
0 7 3 0
0 7 4 0
0 8 0 0
0 8 1 0
0 8 2 0
0 8 3 0
0 8 4 0
0 9 0 0
0 9 1 0
0 9 2 0
0 9 3 0
0 9 4 0
1 0 0 0
1 0 1 0
1 0 2 0
1 0 3 0
1 0 4 0
1 2 0 4335
1 2 1 4335
1 2 2 0
1 2 3 0
1 2 4 0
1 3 0 0
1 3 1 0
1 3 2 0
1 3 3 0
1 3 4 0
1 4 0 0
1 4 1 0
1 4 2 0
1 4 3 0
1 4 4 0
1 5 0 0
1 5 1 0
1 5 2 0
1 5 3 0
1 5 4 0
1 6 0 0
1 6 1 0
1 6 2 0
1 6 3 0
1 6 4 0
1 7 0 0
1 7 1 0
1 7 2 0
1 7 3 0
1 7 4 0
1 8 0 0
1 8 1 0
1 8 2 0
1 8 3 0
1 8 4 0
1 9 0 0
1 9 1 0
1 9 2 0
1 9 3 0
1 9 4 0
2 0 0 0
2 0 1 0
2 0 2 0
2 0 3 0
2 0 4 0
2 1 0 4335
2 1 1 4335
2 1 2 0
2 1 3 0
2 1 4 0
2 3 0 0
2 3 1 0
2 3 2 0
2 3 3 0
2 3 4 0
2 4 0 0
2 4 1 0
2 4 2 0
2 4 3 0
2 4 4 0
2 5 0 0
2 5 1 0
2 5 2 0
2 5 3 0
2 5 4 0
2 6 0 0
2 6 1 0
2 6 2 0
2 6 3 0
2 6 4 0
2 7 0 4591
2 7 1 4591
2 7 2 0
2 7 3 0
2 7 4 0
2 8 0 0
2 8 1 0
2 8 2 0
2 8 3 0
2 8 4 0
2 9 0 3546
2 9 1 3546
2 9 2 3546
2 9 3 0
2 9 4 0
3 0 0 0
3 0 1 0
3 0 2 0
3 0 3 0
3 0 4 0
3 1 0 0
3 1 1 0
3 1 2 0
3 1 3 0
3 1 4 0
3 2 0 0
3 2 1 0
3 2 2 0
3 2 3 0
3 2 4 0
3 4 0 0
3 4 1 0
3 4 2 0
3 4 3 0
3 4 4 0
3 5 0 4122
3 5 1 4122
3 5 2 0
3 5 3 0
3 5 4 0
3 6 0 0
3 6 1 0
3 6 2 0
3 6 3 0
3 6 4 0
3 7 0 0
3 7 1 0
3 7 2 0
3 7 3 0
3 7 4 0
3 8 0 0
3 8 1 0
3 8 2 0
3 8 3 0
3 8 4 0
3 9 0 0
3 9 1 0
3 9 2 0
3 9 3 0
3 9 4 0
4 0 0 3473
4 0 1 3473
4 0 2 3473
4 0 3 0
4 0 4 0
4 1 0 0
4 1 1 0
4 1 2 0
4 1 3 0
4 1 4 0
4 2 0 0
4 2 1 0
4 2 2 0
4 2 3 0
4 2 4 0
4 3 0 0
4 3 1 0
4 3 2 0
4 3 3 0
4 3 4 0
4 5 0 3027
4 5 1 3027
4 5 2 0
4 5 3 0
4 5 4 0
4 6 0 0
4 6 1 0
4 6 2 0
4 6 3 0
4 6 4 0
4 7 0 0
4 7 1 0
4 7 2 0
4 7 3 0
4 7 4 0
4 8 0 0
4 8 1 0
4 8 2 0
4 8 3 0
4 8 4 0
4 9 0 0
4 9 1 0
4 9 2 0
4 9 3 0
4 9 4 0
5 0 0 0
5 0 1 0
5 0 2 0
5 0 3 0
5 0 4 0
5 1 0 0
5 1 1 0
5 1 2 0
5 1 3 0
5 1 4 0
5 2 0 0
5 2 1 0
5 2 2 0
5 2 3 0
5 2 4 0
5 3 0 4122
5 3 1 4122
5 3 2 0
5 3 3 0
5 3 4 0
5 4 0 3027
5 4 1 3027
5 4 2 0
5 4 3 0
5 4 4 0
5 6 0 0
5 6 1 0
5 6 2 0
5 6 3 0
5 6 4 0
5 7 0 0
5 7 1 0
5 7 2 0
5 7 3 0
5 7 4 0
5 8 0 4594
5 8 1 4594
5 8 2 4594
5 8 3 0
5 8 4 0
5 9 0 3696
5 9 1 3696
5 9 2 0
5 9 3 0
5 9 4 0
6 0 0 0
6 0 1 0
6 0 2 0
6 0 3 0
6 0 4 0
6 1 0 0
6 1 1 0
6 1 2 0
6 1 3 0
6 1 4 0
6 2 0 0
6 2 1 0
6 2 2 0
6 2 3 0
6 2 4 0
6 3 0 0
6 3 1 0
6 3 2 0
6 3 3 0
6 3 4 0
6 4 0 0
6 4 1 0
6 4 2 0
6 4 3 0
6 4 4 0
6 5 0 0
6 5 1 0
6 5 2 0
6 5 3 0
6 5 4 0
6 7 0 0
6 7 1 0
6 7 2 0
6 7 3 0
6 7 4 0
6 8 0 0
6 8 1 0
6 8 2 0
6 8 3 0
6 8 4 0
6 9 0 3535
6 9 1 3535
6 9 2 0
6 9 3 0
6 9 4 0
7 0 0 0
7 0 1 0
7 0 2 0
7 0 3 0
7 0 4 0
7 1 0 0
7 1 1 0
7 1 2 0
7 1 3 0
7 1 4 0
7 2 0 4591
7 2 1 4591
7 2 2 0
7 2 3 0
7 2 4 0
7 3 0 0
7 3 1 0
7 3 2 0
7 3 3 0
7 3 4 0
7 4 0 0
7 4 1 0
7 4 2 0
7 4 3 0
7 4 4 0
7 5 0 0
7 5 1 0
7 5 2 0
7 5 3 0
7 5 4 0
7 6 0 0
7 6 1 0
7 6 2 0
7 6 3 0
7 6 4 0
7 8 0 0
7 8 1 0
7 8 2 0
7 8 3 0
7 8 4 0
7 9 0 0
7 9 1 0
7 9 2 0
7 9 3 0
7 9 4 0
8 0 0 0
8 0 1 0
8 0 2 0
8 0 3 0
8 0 4 0
8 1 0 0
8 1 1 0
8 1 2 0
8 1 3 0
8 1 4 0
8 2 0 0
8 2 1 0
8 2 2 0
8 2 3 0
8 2 4 0
8 3 0 0
8 3 1 0
8 3 2 0
8 3 3 0
8 3 4 0
8 4 0 0
8 4 1 0
8 4 2 0
8 4 3 0
8 4 4 0
8 5 0 4594
8 5 1 4594
8 5 2 4594
8 5 3 0
8 5 4 0
8 6 0 0
8 6 1 0
8 6 2 0
8 6 3 0
8 6 4 0
8 7 0 0
8 7 1 0
8 7 2 0
8 7 3 0
8 7 4 0
8 9 0 0
8 9 1 0
8 9 2 0
8 9 3 0
8 9 4 0
9 0 0 0
9 0 1 0
9 0 2 0
9 0 3 0
9 0 4 0
9 1 0 0
9 1 1 0
9 1 2 0
9 1 3 0
9 1 4 0
9 2 0 3546
9 2 1 3546
9 2 2 3546
9 2 3 0
9 2 4 0
9 3 0 0
9 3 1 0
9 3 2 0
9 3 3 0
9 3 4 0
9 4 0 0
9 4 1 0
9 4 2 0
9 4 3 0
9 4 4 0
9 5 0 3696
9 5 1 3696
9 5 2 0
9 5 3 0
9 5 4 0
9 6 0 3535
9 6 1 3535
9 6 2 0
9 6 3 0
9 6 4 0
9 7 0 0
9 7 1 0
9 7 2 0
9 7 3 0
9 7 4 0
9 8 0 0
9 8 1 0
9 8 2 0
9 8 3 0
9 8 4 0

