150 4 16 1993

   0 1042 1524 1427 1297 1465 1525 1821 1712 1207 1508 1617 1787 1736 1471 1238 1673 1579 1461 1226 1500 1875 1756 1342 1174 1859 1558 1338 1546 1196 1588 1732 1477 1683 1504 1281 1377 1611 1485 1269 1776 1527 1776 1327 1376 1615 1446 1719 1285 1550 1240 1694 1391 1687 1378 1331 1299 1445 1160 1765 1483 1754 1817 1219 1436 1553 1679 1527 1232 1586 1554 1455 1420 1134 1523 1888 1665 1727 1240 1214 1843 1287 1526 1432 1900 1378 1577 1677 1370 1115 1384 1838 1271 1587 1345 1786 1627 1440 1471 1453 1873 1337 1836 1561 1551 1446 1751 1390 1654 1185 1787 1578 1566 1884 1616 1820 1215 1423 1428 1218 1716 1576 1444 1650 1745 1455 1537 2066 1620 1278 1448 1280 1605 1347 1553 1619 1573 1251 1632 1611 1423 1676 1227 1318 1302 1339 1314 1139 1537 1676 
1042    0 1236  905  678  851  978 1355 1228  671  937 1107 1215 1101  920  624 1453  810  934  768 1023 1292 1374  793  635 1186 1064  823  970  561  935 1319  897  878  949  642 1105 1351 1010  810 1229 1017 1243  859  598 1009 1124 1225 1074 1112  704  876  757 1087  717  804  741  950  614 1097 1032 1141 1051  827  614 1120 1148  963  821 1194 1126 1067 1003  756  950 1252  988  974  673  823 1223  678  887  944 1269  776  829  973  634  596 1035 1229  655  825  775 1075 1362 1038 1100  705 1214  658 1294 1021 1018  610 1289 1041 1090  620 1298 1004 1133 1261 1127 1410  634  867 1061  656  960 1424  894 1131 1256  986  925 1152  835  811 1098  718  935  629  881 1098 1068  717 1391  953 1067 1140  606 1066  714  584  902  678  911  898 
1524 1236    0 1617 1135 1486 1519 1719 1781 1133 1443 1605 1774 1593 1494 1163 1746 1428 1540 1096 1506 1698 1654 1132 1327 1842 1465 1574 1352 1150 1422 1695 1500 1371 1387 1145 1417 1834 1358 1306 1743 1516 1528 1279 1063 1294 1428 1845 1633 1595 1389 1727 1188 1538 1408 1312 1357 1549 1201 1695 1690 1770 1997 1153 1295 1700 1802 1316 1322 1472 1469 1436 1558 1313 1547 1751 1743 1316 1216 1191 1671 1408 1536 1470 1819 1286 1372 1700 1193 1138 1505 1837 1317 1444 1413 1920 1651 1572 1577 1236 1640 1204 1834 1711 1370 1196 1907 1577 1983 1057 1701 1561 1692 1863 1903 1800 1047 1342 1487 1306 1634 1957 1656 1766 1921 1515 1494 1628 1569 1135 1462 1204 1551 1177 1409 1782 1428 1234 1617 1625 1682 1740 1417 1499 1180 1381 1588 1253 1737 1331 
1427  905 1617    0 1107 1362 1306 1574 1651  964 1335 1412 1372 1342 1145 1023 1489 1199 1243  993 1229 1533 1359 1134 1006 1660 1389 1258 1210 1057 1196 1665 1265 1216 1116  957 1378 1560 1195 1013 1299 1156 1560  978  913 1283 1268 1528 1261 1238 1016 1088 1089 1386  887  838  939 1250 1010 1489 1369 1788 1407 1055  932 1519 1391 1093 1022 1438 1386 1287 1173 1128 1211 1705 1336 1201  884  986 1410  874 1357 1412 1377 1004 1222 1325  855  881 1166 1525  953 1142  949 1423 1625 1352 1292 1106 1531  938 1527 1413 1248  994 1347 1269 1685  997 1681 1279 1490 1642 1502 1369 1149 1146 1171 1128 1266 1574 1390 1332 1551 1386 1345 1416 1176  873 1202 1016 1300  920 1265 1370 1208 1002 1626 1233 1276 1673  873 1344 1069 1138 1105  881 1416 1363 
1297  678 1135 1107    0 1154  923 1294 1153  730 1036  820 1349  957  933  757 1262  830  996  695  907 1126 1280  732  538 1187 1188  948 1033  622 1054 1166 1102 1069  865  586  951 1184  926  805 1125 1054 1222  619  670  915 1057 1158  835 1070  758 1115  645 1024  809  647  777  883  730 1323 1057 1186 1318  653  827 1343 1218 1016  620 1108  985  932 1142  656 1060 1286  978 1097  696  743 1232  806  843  975 1153  661 1144 1134  705  683 1076 1199  799 1002  550 1186 1314  926  982  686 1116  783 1280  966 1102  622 1273  888 1350  743 1388 1034 1341 1328 1219 1244  729 1151  888  737  979 1191  915 1253 1245  949  971 1262 1007  539  930  684  868  683 1120 1325 1104  860 1132  947 1032 1237  802  818  704  889  865  706 1117  920 
1465  851 1486 1362 1154    0 1207 1653 1423  890 1175 1208 1418 1255 1316  854 1567 1175 1312  911 1207 1550 1373  861 1062 1607 1279 1340 1353  927 1323 1690 1107 1300 1302  951 1294 1604 1158  910 1473 1366 1446  968 1085 1176 1404 1366 1333 1297  974 1176 1158 1297  988 1022  935 1183 1067 1734 1380 1545 1492 1155 1016 1437 1517 1339 1001 1220 1177 1239 1387 1117 1150 1455 1148 1230 1060 1093 1794 1040 1141 1309 1601 1105 1390 1181 1028 1044 1224 1691  876 1388 1030 1461 1458 1314 1253  812 1575 1111 1544 1241 1260 1005 1577 1170 1668 1073 1463 1399 1596 1572 1444 1481 1076 1125 1335  977 1203 1405 1211 1705 1440 1192 1268 1578 1229  912 1274 1123 1408  894 1197 1423 1365  971 1631 1289 1288 1674 1106 1368  909 1010 1145 1017 1398 1252 
1525  978 1519 1306  923 1207    0 1592 1467  980 1220 1237 1436 1203 1178 1020 1610 1329 1415 1025 1360 1295 1521  952 1065 1723 1374 1127 1246  998 1251 1513 1245 1145 1197 1023 1305 1419 1229 1056 1423 1237 1295  910 1055 1110 1403 1527 1336 1328  827 1169 1063 1380 1038  959  854 1310 1070 1733 1143 1518 1336 1018  920 1413 1612 1209 1073 1279 1281 1225 1358 1081 1386 1599 1365 1268 1016  991 1634  868 1132 1276 1609 1033 1123 1214 1070  912 1250 1428  882 1262 1038 1457 1524 1209 1407 1168 1329 1030 1534 1287 1295 1059 1521 1289 1473  996 1359 1177 1417 1330 1643 1399 1075 1334 1230  911 1310 1463 1379 1465 1571 1341 1378 1535 1273  826 1129  948 1308 1109 1119 1332 1253  889 1664 1238 1189 1484  851 1290  842 1153 1398 1054 1376 1244 
1821 1355 1719 1574 1294 1653 1592    0 1745 1133 1511 1680 1454 1576 1589 1384 1613 1539 1509 1146 1616 1677 2036 1310 1454 1617 1696 1504 1651 1133 1481 1746 1362 1433 1684 1304 1503 1704 1422 1108 1650 1585 1826 1140 1232 1504 1440 1790 1635 1536 1046 1449 1258 1563 1293 1194 1108 1625 1102 1692 1585 2002 1771 1247 1201 1968 1684 1446 1335 1630 1676 1295 1570 1215 1343 1915 1353 1716 1167 1347 1782 1234 1619 1539 1572 1357 1441 1488 1192 1307 1618 1827 1115 1594 1322 1844 1624 1444 1681 1179 1779 1347 1911 1650 1624 1269 1666 1389 1663 1400 1919 1422 1557 1794 1637 1904 1162 1453 1541 1312 1491 1870 1630 1657 1683 1717 1688 1653 1320 1327 1463 1289 1650 1246 1393 1758 1617 1147 1728 1445 1511 1658 1175 1487 1309 1310 1667 1320 1510 1504 
1712 1228 1781 1651 1153 1423 1467 1745    0 1126 1465 1597 1649 1460 1403 1239 1741 1475 1337 1151 1425 1860 1666 1335 1269 1624 1497 1524 1580 1113 1513 1899 1468 1456 1507 1384 1443 1704 1613 1320 1999 1556 1745 1374 1206 1694 1460 1818 1417 1653 1171 1506 1222 1561 1165 1066 1032 1446 1406 1718 1432 1588 1924 1263 1317 1811 1831 1428 1233 1573 1347 1650 1650 1272 1368 1915 1600 1431 1367 1244 1939 1231 1598 1372 1879 1161 1541 1678 1350 1227 1610 1687 1151 1503 1155 1808 1859 1588 1704 1208 1586 1417 1844 1541 1722 1348 1638 1301 1663 1217 1850 1470 1827 1772 1483 1792 1122 1399 1629 1297 1538 1600 1409 1816 1689 1541 1470 1528 1570 1200 1322 1204 1392 1065 1336 1792 1752 1190 1639 1536 1665 1866 1291 1565 1173 1319 1725 1172 1393 1563 
1207  671 1133  964  730  890  980 1133 1126    0  995  948 1286 1086 1095  798 1208  894  877  665  987 1101 1378  667  588 1173  948 1084  885  631  855 1450 1033  890  861  745 1088 1307  852  835 1328  855 1232  680  721 1073 1022 1351 1153 1019  657  845  564 1021  625  845  723 1100  809 1377 1055 1096 1121  775  726 1046 1238 1112  779  847  996  874  925  659  940 1308  934 1062  836  862 1249  756  889 1164 1204  800  983 1037  601  886  925 1322  643  959  782 1113 1360  956  972  720 1135  668 1182 1130  891  616 1234  913 1320  778 1316  940 1254 1105 1282 1087  877 1120 1176  679 1121 1236  827 1119 1228 1021 1139 1231  894  598  890  816  900  645  974 1153 1155  677 1369  964 1138 1250  614  877  693  712  925  751 1027  863 
1508  937 1443 1335 1036 1175 1220 1511 1465  995    0 1316 1413 1267 1318  988 1657 1215 1252 1051 1278 1646 1599 1092 1137 1609 1153 1366 1400  967 1111 1582 1175 1272 1185 1014 1222 1622 1282 1000 1555 1126 1536  840  878 1208 1258 1492 1324 1368 1036 1095  926 1212 1081  888  977 1284  881 1479 1346 1573 1360 1110  959 1594 1492 1250  955 1337 1184 1206 1428  980 1300 1560 1279 1207 1039  834 1461  964 1329 1336 1566 1059 1146 1253 1110 1042 1323 1541  940 1223 1083 1538 1467 1188 1243 1059 1464  996 1501 1398 1424 1074 1402 1332 1733 1069 1544 1175 1528 1572 1589 1372  910 1109 1335 1072 1218 1394 1224 1537 1632 1250 1259 1458 1201 1072 1219  935 1302  950 1120 1677 1260  863 1428 1350 1308 1500  963 1330  951 1137 1239  967 1374 1335 
1617 1107 1605 1412  820 1208 1237 1680 1597  948 1316    0 1636 1174 1192  874 1728 1268 1255 1034 1180 1721 1676 1090  819 1487 1220 1215 1370  808 1146 1398 1415 1260 1290  954 1261 1458 1394 1091 1561 1152 1610 1120  989 1355 1314 1480 1381 1344 1074 1371  976 1314  865 1014  844 1398 1051 1431 1296 1370 1697  968  907 1661 1266 1148 1104 1222 1352 1135 1257  869 1375 1651 1130 1105 1111 1109 1639 1055 1396 1217 1435  850 1248 1099  930 1080 1116 1443 1110 1225  960 1469 1719 1200 1379 1022 1381  964 1536 1256 1199 1017 1446 1396 1483  948 1449 1318 1530 1584 1432 1555  878 1253 1270  841 1207 1309 1324 1585 1417 1265 1244 1565 1317  991 1275  902 1252  896 1169 1639 1128  947 1616 1177 1259 1541 1086 1188  976  959 1228 1115 1138 1237 
1787 1215 1774 1372 1349 1418 1436 1454 1649 1286 1413 1636    0 1530 1362 1216 1869 1553 1440 1274 1570 1651 1656 1197 1233 1766 1478 1407 1565 1072 1650 1624 1485 1320 1458 1293 1339 1735 1573 1216 1827 1562 1573 1289 1069 1437 1561 1720 1538 1637 1136 1600 1159 1449 1289 1183 1099 1471 1455 1871 1698 1694 1886 1279 1429 2045 1762 1504 1340 1641 1499 1279 1387 1343 1438 1674 1465 1544 1163 1092 1523 1240 1397 1388 1711 1201 1429 1601 1180 1134 1443 1672 1327 1401 1424 1797 1585 1476 1502 1179 1837 1164 1777 1440 1556 1050 1663 1504 1735 1282 1720 1549 1709 1662 1719 1917 1192 1524 1629 1454 1609 1704 1517 1716 1584 1476 1456 1805 1345 1130 1558 1252 1586 1190 1552 1809 1456 1314 1741 1428 1502 1951 1114 1494 1149 1138 1529 1157 1436 1471 
1736 1101 1593 1342  957 1255 1203 1576 1460 1086 1267 1174 1530    0 1349 1051 1673 1209 1475  861 1401 1447 1728  932  878 1582 1337 1337 1417  821 1212 1482 1413 1248 1205  994 1123 1705 1140 1028 1327 1150 1486  935 1012 1126 1154 1474 1326 1295  913 1208 1106 1072 1082  964 1116 1196 1019 1663 1147 1484 1540 1017  993 1422 1372 1190 1024 1355 1376 1282 1350  995 1083 1614 1252 1271  944  958 1565  951 1214 1254 1435  908 1472 1414  933 1159 1188 1562 1017 1219 1009 1435 1434 1226 1334  949 1635  932 1485 1372 1093 1042 1467 1428 1410 1111 1558 1294 1425 1551 1438 1619  872 1126 1290 1170 1203 1659 1226 1456 1535 1355 1408 1475 1116 1109 1139 1060 1306 1055 1209 1311 1170  909 1520 1303 1322 1519 1068 1272 1030  994 1213  997 1252 1252 
1471  920 1494 1145  933 1316 1178 1589 1403 1095 1318 1192 1362 1349    0  863 1476 1313 1289  824 1215 1514 1618 1024  885 1714 1142 1273 1249  964 1160 1723 1424 1316 1362  885 1327 1435 1362  932 1568 1347 1540  968 1008 1375 1362 1455 1318 1290  954 1208 1085 1201 1106 1049 1091 1079  931 1443 1102 1401 1718  817  925 1423 1546 1216 1122 1118 1425 1234 1242 1120 1335 1486 1420 1406  906 1077 1478 1027 1326 1297 1370 1027 1288 1141 1046  882 1361 1376 1158 1298  856 1670 1398 1380 1229  971 1599  883 1564 1133 1292 1000 1400 1329 1561  962 1549 1326 1444 1640 1509 1641 1113 1319 1292 1161 1323 1372 1336 1536 1581 1378 1260 1509 1155 1103 1312  935 1306 1014 1317 1464 1259  912 1418 1333 1353 1641  893 1105 1039 1111 1230 1136 1245 1150 
1238  624 1163 1023  757  854 1020 1384 1239  798  988  874 1216 1051  863    0 1150 1068 1007  775 1005 1282 1289  804  686 1275 1100 1018 1141  813 1005 1176  947  884 1033  693  874 1228 1107  768 1375 1154 1062  776  682 1014  879 1314  990 1143  869 1041  689  991  609  608  662  977  763 1160 1093 1195 1398  811  658 1069 1159 1144  735 1028 1059  940  969  802  909 1174  989 1033  576  710 1348  565  972 1051 1363  642  991  933  859  714 1045 1413  761  939  822 1332 1273  989  979  695 1136  867 1289 1056 1128  585 1191 1043 1106  738 1266 1060 1324 1178 1393 1255  802  980 1046  652  967 1378  924 1014 1284 1065 1037 1192  845  805 1067  712 1028  688 1077 1304 1066  718 1208 1102  987 1412  667 1041  876  777 1095  778  905 1027 
1673 1453 1746 1489 1262 1567 1610 1613 1741 1208 1657 1728 1869 1673 1476 1150    0 1476 1342 1210 1442 1658 1755 1393 1102 1808 1613 1581 1614 1124 1492 1891 1449 1406 1324 1092 1467 1812 1555 1129 1888 1600 1834 1146 1385 1406 1563 1860 1493 1372 1203 1755 1149 1489 1119 1018 1289 1466 1318 1845 1417 1814 1634 1238 1322 1627 1908 1430 1116 1579 1558 1508 1427 1398 1487 1727 1327 1471 1314 1434 1791 1275 1680 1351 2079 1277 1513 1522 1200 1159 1359 1836 1045 1368 1166 1760 1848 1416 1525 1102 1967 1239 1713 1610 1450 1236 1641 1669 1630 1287 1701 1412 1795 1738 1614 1819 1243 1571 1579 1124 1600 1690 1542 1673 1829 1588 1583 1578 1571 1234 1608 1244 1576 1384 1542 1826 1549 1237 1882 1743 1647 1805 1318 1585 1467 1112 1461 1318 1414 1406 
1579  810 1428 1199  830 1175 1329 1539 1475  894 1215 1268 1553 1209 1313 1068 1476    0 1118 1102 1128 1359 1564  958 1066 1516 1407 1223 1159 1107 1355 1492 1279 1288 1153  988 1396 1681 1366  942 1677 1174 1376 1051  910 1214 1300 1626 1386 1368 1027 1326  863 1174  829 1044 1018 1111  978 1433 1276 1522 1365 1005 1058 1411 1385 1064 1143 1288 1311 1361 1342 1022 1151 1566 1302 1259  928  907 1584  879 1258 1315 1497  920 1474 1476  954 1117 1206 1624  990 1090 1003 1564 1507 1260 1312 1083 1626  947 1331 1268 1162  986 1400 1273 1614  917 1479 1226 1539 1424 1403 1635 1074 1234 1316  949 1283 1685 1129 1546 1501 1161 1387 1709 1145  914 1325 1048 1375  989 1409 1523 1220 1015 1619 1386 1152 1453  940 1229  854  892 1324  986 1184 1307 
1461  934 1540 1243  996 1312 1415 1509 1337  877 1252 1255 1440 1475 1289 1007 1342 1118    0  959 1382 1543 1594  893 1028 1500 1201 1340 1341  941 1176 1435 1102 1231 1309  960 1233 1466 1346 1039 1394 1151 1578  871  938 1241 1378 1457 1341 1417  927 1209 1137 1268 1008  848 1070 1268  873 1557 1193 1511 1520 1058 1002 1528 1535 1310  953 1335 1220 1417 1224 1059 1331 1588 1128 1400 1034  931 1706 1136 1343 1362 1672  926 1378 1309  982 1017 1243 1548 1014 1180  944 1421 1631 1379 1221 1005 1421  882 1422 1350 1128 1017 1519 1286 1579 1080 1463 1326 1332 1459 1530 1643  968 1251 1165  967 1309 1337 1397 1449 1477 1269 1190 1443 1428 1042 1229 1124 1164  930 1198 1567 1247 1097 1459 1190 1350 1440  922 1350 1157 1007 1352 1026 1454 1347 
1226  768 1096  993  695  911 1025 1146 1151  665 1051 1034 1274  861  824  775 1210 1102  959    0 1123 1334 1199  741  727 1337 1175 1091  995  595 1077 1261 1013  926  999  789  957 1203 1015  810 1076 1006 1214  839  845  841  874 1308 1028 1111  805 1123  630  930  739  749  603 1086  757 1397 1058 1365 1302  624  844 1120 1343  865  704 1028  838  960 1068  776  949 1252  847 1026  710  808 1384  736 1006 1002 1304  767  915  938  778  812  966 1157  658  937  812 1130 1309 1088  825  656 1263  664 1364  933  981  615 1295  804 1339  777 1348 1047 1351 1257 1330 1338  652 1051  943  672  952 1148  916 1133 1182  904  975 1146  984  633  998  798 1135  808 1080 1209  852  726 1164  853 1162 1298  741  985  703  611  919  791 1040  956 
1500 1023 1506 1229  907 1207 1360 1616 1425  987 1278 1180 1570 1401 1215 1005 1442 1128 1382 1123    0 1348 1443 1080  997 1563 1366 1354 1337 1145 1310 1701 1217 1374 1395 1041 1101 1649 1302 1093 1410 1234 1513  862  961 1227 1286 1527 1329 1309  978 1321 1019 1326  831 1008 1065 1085 1058 1664 1285 1489 1598 1189 1006 1299 1681 1222 1166 1338 1084 1392 1331  929 1274 1521 1377 1185  936 1040 1522  909 1202 1123 1457 1141 1212 1343  947 1097 1424 1439  936 1386 1101 1590 1623 1369 1356  903 1489 1025 1476 1425 1364  970 1583 1265 1447  898 1578 1333 1561 1551 1634 1578  893 1323 1200 1102 1180 1494 1268 1665 1428 1157 1224 1555 1332  989 1192 1077 1247  926 1346 1476 1332  901 1579 1241 1201 1625  895 1217  951  967 1146 1021 1314 1273 
1875 1292 1698 1533 1126 1550 1295 1677 1860 1101 1646 1721 1651 1447 1514 1282 1658 1359 1543 1334 1348    0 1833 1224 1262 1673 1540 1545 1525 1303 1662 1772 1465 1458 1694 1373 1430 1653 1543 1149 1588 1626 1843 1310 1326 1695 1634 1765 1542 1631 1367 1484 1255 1528 1236 1458 1152 1745 1273 1776 1615 1816 1721 1081 1107 1771 1545 1511 1188 1452 1398 1505 1576 1294 1446 1686 1346 1754 1302 1185 1718 1349 1453 1495 1796 1138 1636 1507 1356 1134 1553 1823 1225 1396 1101 1881 1815 1496 1593 1084 1724 1314 1928 1698 1734 1238 1852 1423 1820 1054 1968 1787 1720 1865 1788 1690 1137 1625 1415 1237 1293 1821 1525 1886 1712 1448 1648 1668 1322 1191 1432 1207 1341 1197 1445 1741 1553 1350 1652 1519 1554 1727 1265 1551 1283 1337 1445 1047 1509 1630 
1756 1374 1654 1359 1280 1373 1521 2036 1666 1378 1599 1676 1656 1728 1618 1289 1755 1564 1594 1199 1443 1833    0 1206 1181 1827 1741 1550 1646 1272 1601 1717 1502 1452 1359 1184 1642 1743 1565 1421 1595 1634 1930 1216 1307 1597 1602 1731 1484 1509 1352 1439 1350 1641 1368 1386 1265 1553 1287 1695 1681 1649 1963 1277 1120 1876 1705 1607 1378 1599 1497 1640 1668 1394 1304 1661 1483 1560 1241 1354 1885 1285 1624 1578 1834 1302 1593 1414 1302 1130 1409 1737 1190 1654 1098 1718 1507 1608 1480 1329 1946 1161 1716 1542 1413 1133 1721 1468 1707 1422 1815 1494 1795 1693 1724 1730 1351 1605 1515 1291 1582 1771 1601 1798 1879 1530 1511 1756 1443 1221 1656 1093 1320 1113 1602 1754 1448 1277 1568 1392 1613 1813 1424 1643 1343 1336 1773 1306 1495 1556 
1342  793 1132 1134  732  861  952 1310 1335  667 1092 1090 1197  932 1024  804 1393  958  893  741 1080 1224 1206    0  641 1118 1066 1066  949  799  912 1206 1079  911 1110  755  858 1287 1020  686 1370  922 1323  658  620 1032 1054 1340 1062 1022  794  860  650 1170  641  717  626  970  839 1256 1035 1327 1323  628  826 1324 1369 1039  724  990  889 1079 1076  755 1096 1392  916  998  863  815 1076  631  894  883 1323  596 1132  872  598  638 1029 1332  657  920  723 1290 1269  895 1143  707 1318  758 1321  970  994  806 1222 1071 1300  595 1082 1019 1216 1259 1363 1228  779  888 1025  768  960 1374 1100 1303 1291  926  997 1287 1067  679 1137  706  990  767 1017 1189 1069  644 1289 1004  887 1209  772  942  624  645  953  785 1024  831 
1174  635 1327 1006  538 1062 1065 1454 1269  588 1137  819 1233  878  885  686 1102 1066 1028  727  997 1262 1181  641    0 1226  921  957  868  778 1061 1280 1134  923  954  602  957 1072 1059  826 1297 1084 1218  596  723  983  945 1199  890  878  767 1101  596 1039  719  697  679  988  845 1150  960 1342 1170  636  838 1342 1115 1121  740 1132 1074 1059 1087  621  889 1224  973  952  803  811 1182  680 1027 1172 1143  731  845  911  779  692  907 1308  639 1011  619 1096 1280 1004  987  807 1280  817 1341  925 1036  805 1237  932 1184  625 1206  951 1370 1215 1338 1208  711  982  943  664 1137 1283  816 1213 1417  959  952 1171  905  692  968  735  874  809 1082 1336  858  722 1246 1048  946 1211  684 1054  720  590 1005  720  946  882 
1859 1186 1842 1660 1187 1607 1723 1617 1624 1173 1609 1487 1766 1582 1714 1275 1808 1516 1500 1337 1563 1673 1827 1118 1226    0 1513 1283 1612 1175 1466 1788 1477 1318 1505 1316 1398 1794 1505 1265 1831 1401 1690 1064 1186 1468 1494 1710 1655 1366 1310 1656 1133 1640 1302 1327 1304 1566 1158 1647 1433 1788 1755 1072 1074 1838 1810 1437 1305 1682 1743 1349 1468 1349 1612 1801 1509 1515 1056 1264 1923 1380 1565 1513 1949 1079 1463 1569 1273 1325 1426 1835 1338 1610 1044 1564 1731 1502 1596 1219 1720 1376 1685 1544 1612 1043 1728 1689 1701 1372 1735 1591 1875 1850 1647 1869 1238 1459 1500 1281 1578 1898 1379 1694 1859 1631 1412 1925 1510 1256 1357 1114 1578 1180 1719 1820 1436 1317 1698 1551 1531 1733 1199 1344 1285 1221 1347 1211 1583 1528 
1558 1064 1465 1389 1188 1279 1374 1696 1497  948 1153 1220 1478 1337 1142 1100 1613 1407 1201 1175 1366 1540 1741 1066  921 1513    0 1095 1211 1035 1269 1560 1340 1153 1270 1073 1316 1641 1317 1022 1653 1160 1429  874  846 1451 1080 1568 1197 1190  870 1257 1076 1422  987  865 1022 1418 1047 1660 1326 1407 1626 1078 1169 1496 1671 1287 1056 1100 1245 1199 1288 1132 1436 1563 1394 1209  892  865 1362 1057 1281 1255 1447 1096 1172 1352  957 1117 1273 1418  909 1321  934 1336 1563 1444 1135  928 1456  845 1348 1357 1103 1053 1740 1318 1661 1031 1483 1231 1580 1520 1547 1600  931 1115 1178  923 1160 1400 1149 1496 1502 1100 1221 1507 1338  902 1147  814 1429  958 1344 1519 1250  950 1607 1328 1160 1575 1021 1283 1133 1085 1370  936 1290 1161 
1338  823 1574 1258  948 1340 1127 1504 1524 1084 1366 1215 1407 1337 1273 1018 1581 1223 1340 1091 1354 1545 1550 1066  957 1283 1095    0 1207  988 1170 1545 1192 1305 1336  963 1304 1631 1229 1144 1327 1255 1615  963  983 1183 1306 1527 1378 1316 1022 1233  925 1268  954  920 1082 1150  916 1596 1352 1487 1421 1092  922 1433 1517 1315  985 1361 1167 1106 1212 1105 1221 1539 1188 1211  972  854 1462  971 1202 1392 1496  980 1297 1293 1126  854 1310 1633  825 1077 1002 1575 1499 1147 1333 1035 1430  900 1463 1202 1269 1042 1684 1105 1585  906 1430 1188 1552 1545 1491 1745  879 1394 1408  905 1383 1642 1363 1667 1328 1435 1240 1699 1249  961 1184 1106 1244  936 1290 1519 1361 1113 1561 1370 1330 1546  924 1379  839 1036 1122 1119 1315 1376 
1546  970 1352 1210 1033 1353 1246 1651 1580  885 1400 1370 1565 1417 1249 1141 1614 1159 1341  995 1337 1525 1646  949  868 1612 1211 1207    0 1029 1284 1345 1400 1291 1201 1128 1274 1540 1372  853 1598 1324 1430 1131 1108 1335 1349 1407 1363 1330 1101 1383  899 1186 1017  980  953 1252 1016 1414 1174 1569 1678 1114 1129 1412 1453 1370  945 1270 1236 1211 1287 1028 1245 1449 1381 1123  988 1051 1395  989 1319 1107 1615 1015 1248 1357  941  899 1278 1539 1034 1173  946 1550 1407 1209 1380  966 1358  924 1535 1083 1399  930 1266 1312 1467  968 1422 1261 1529 1578 1479 1612 1063 1275 1288  949 1298 1406 1239 1389 1638 1398 1214 1359 1373 1029 1170  938 1248 1076 1455 1408 1333  927 1727 1278 1214 1385  910 1229  847  971 1331  937 1331 1266 
1196  561 1150 1057  622  927  998 1133 1113  631  967  808 1072  821  964  813 1124 1107  941  595 1145 1303 1272  799  778 1175 1035  988 1029    0  977 1173  860 1058 1002  801  900 1163 1111  777 1287  886 1091  855  798 1003 1170 1280 1030  986  714  854  831  979  798  724  601 1029  755 1270 1163 1337 1390  654  635 1151 1282 1034  782  878 1121 1139  966  752 1094 1178  883 1085  792  658 1229  736 1138  903 1199  739 1062 1138  875  639  919 1158  717 1078  637 1177 1149  923  840  731 1374  784 1440 1039 1007  747 1431 1035 1069  692 1434 1030 1332 1285 1219 1225  745  948  923  648  948 1257 1148 1209 1395 1055  944 1247 1133  859  901  693  941  615 1116 1408  916  855 1295  964  844 1225  835  900  797  673  924  855  939  912 
1588  935 1422 1196 1054 1323 1251 1481 1513  855 1111 1146 1650 1212 1160 1005 1492 1355 1176 1077 1310 1662 1601  912 1061 1466 1269 1170 1284  977    0 1553 1327 1290 1281 1176 1258 1535 1372 1080 1511 1301 1400  963  893 1211 1117 1605 1416 1226 1088 1306 1004 1166  999  893 1079 1222 1045 1527 1152 1474 1645  897  841 1432 1627 1107 1086 1256 1102 1380 1355  948 1211 1459 1124 1320 1068 1110 1602 1008 1413 1184 1498 1088 1414 1407 1110 1060 1144 1516  932 1248  842 1610 1536 1270 1130 1069 1568 1086 1347 1395 1372  924 1600 1138 1512  818 1420 1484 1443 1450 1364 1624 1060 1186 1252 1047 1139 1343 1245 1528 1517 1373 1301 1564 1401 1052 1279 1106 1356  877 1163 1658 1323  868 1658 1160 1183 1708 1010 1151  951 1000 1182  966 1116 1101 
1732 1319 1695 1665 1166 1690 1513 1746 1899 1450 1582 1398 1624 1482 1723 1176 1891 1492 1435 1261 1701 1772 1717 1206 1280 1788 1560 1545 1345 1173 1553    0 1407 1550 1290 1213 1504 1828 1534 1273 1692 1683 1745 1225 1049 1612 1477 1801 1555 1430 1314 1502 1096 1512 1105 1274 1204 1617 1240 1801 1387 1799 1699 1252 1140 1942 1922 1468 1358 1558 1529 1433 1571 1179 1460 1598 1689 1440 1312 1422 1754 1176 1587 1560 1708 1407 1483 1583 1330 1282 1578 1980 1259 1618 1376 1774 1843 1396 1353 1185 1683 1099 1948 1532 1444 1171 1804 1485 2004 1169 1846 1508 1815 1832 1793 1795 1303 1498 1458 1362 1644 1799 1386 1702 1640 1461 1489 1734 1458 1119 1318 1235 1558 1119 1516 1826 1526 1294 1732 1636 1574 1788 1189 1419 1248 1044 1513 1294 1734 1409 
1477  897 1500 1265 1102 1107 1245 1362 1468 1033 1175 1415 1485 1413 1424  947 1449 1279 1102 1013 1217 1465 1502 1079 1134 1477 1340 1192 1400  860 1327 1407    0 1195 1211  934 1108 1350 1429 1093 1577 1302 1732  917  844 1416 1105 1615 1352 1161 1131 1192  916 1270 1023 1078  842 1145  930 1637 1328 1435 1598  851 1091 1400 1568 1367  964 1103 1260 1287 1276 1143 1156 1452 1339 1401 1066 1019 1642 1044 1276 1182 1588 1010 1329 1234 1080 1005 1235 1547  887 1311 1023 1548 1594 1411 1303 1120 1589  968 1327 1262 1205 1097 1659 1336 1696  861 1579 1285 1432 1487 1433 1415  915 1329 1441  968 1331 1626 1287 1471 1520 1207 1150 1617 1255  906 1306  856 1108  904 1265 1733 1167  891 1528 1129 1443 1488 1190 1240  950  807 1152 1016 1278 1252 
1683  878 1371 1216 1069 1300 1145 1433 1456  890 1272 1260 1320 1248 1316  884 1406 1288 1231  926 1374 1458 1452  911  923 1318 1153 1305 1291 1058 1290 1550 1195    0 1389 1105 1299 1528 1260  896 1599 1154 1497  827  982 1447 1288 1540 1454 1387  909 1219 1074 1423 1110  923 1030 1343 1096 1521 1325 1566 1446 1112 1161 1508 1498 1231 1095 1399 1107 1318 1258 1132 1115 1522 1270 1214 1032  942 1758  952 1091 1285 1420  866 1442 1456  984 1056 1310 1389 1061 1218 1054 1750 1409 1086 1289  961 1638 1008 1625 1300 1261  831 1587 1409 1590 1065 1661 1247 1659 1554 1565 1420  893 1174 1258  999 1416 1529 1324 1458 1374 1381 1328 1516 1278  815 1193  870 1364 1190 1170 1577 1333 1157 1487 1409 1176 1532 1020 1173  980  862 1192  935 1206 1365 
1504  949 1387 1116  865 1302 1197 1684 1507  861 1185 1290 1458 1205 1362 1033 1324 1153 1309  999 1395 1694 1359 1110  954 1505 1270 1336 1201 1002 1281 1290 1211 1389    0 1007 1343 1370 1376 1044 1542 1302 1370 1107  997 1312 1395 1486 1120 1401  904 1109  898 1271  915 1104  984 1252 1151 1500 1276 1429 1298  984 1015 1479 1507 1157  996 1254 1197 1280 1140 1011 1228 1667 1175 1396 1147  970 1461  975 1345 1343 1481 1054 1382 1315  839  941 1335 1665  875 1235 1139 1593 1523 1151 1279 1043 1477 1089 1581 1359 1118  999 1565 1197 1345 1069 1654 1284 1452 1460 1684 1536  991 1379 1435 1012 1323 1496 1273 1582 1493 1340 1298 1636 1137  926 1252 1005 1114  966 1395 1424 1078  860 1564 1270 1197 1637 1017 1456  982 1014 1387  914 1201 1212 
1281  642 1145  957  586  951 1023 1304 1384  745 1014  954 1293  994  885  693 1092  988  960  789 1041 1373 1184  755  602 1316 1073  963 1128  801 1176 1213  934 1105 1007    0  991 1305 1136  775 1335 1097 1218  827  818  850 1014 1228  998 1067  823 1120  691  865  651  721  814 1142  785 1269  980 1325 1124  677  725 1407 1233 1039  763 1015  945 1069 1041  613  896 1102 1054  834  544  747 1143  808  893 1028 1301  660  881 1060  676  802  901 1203  652  840  813 1175 1152  871 1107  657 1447  617 1340 1030 1051  774 1100  961 1294  591 1308  840 1300 1245 1376 1188  857 1160 1024  857  972 1375 1120 1319 1414  995  832 1172 1105  815  948  837 1029  754  887 1310  967  633 1396  806  991 1259  632 1067  606  824 1001  591  999  843 
1377 1105 1417 1378  951 1294 1305 1503 1443 1088 1222 1261 1339 1123 1327  874 1467 1396 1233  957 1101 1430 1642  858  957 1398 1316 1304 1274  900 1258 1504 1108 1299 1343  991    0 1424 1360 1054 1543 1379 1351  995 1077 1085 1163 1390 1097 1300 1022 1188  910 1216  937  909 1033 1283  905 1540 1355 1595 1482  986 1075 1715 1416 1232 1079 1378 1291 1311 1277 1122 1235 1527 1400 1170 1034  986 1617 1132 1396 1226 1520  861 1302 1176 1161  947 1206 1498 1064 1270 1015 1616 1637 1343 1078  892 1446  846 1536 1330 1273  930 1546 1131 1407  898 1641 1087 1446 1342 1596 1565  793 1311 1300 1001 1264 1515 1235 1648 1540 1246 1170 1610 1234  974 1344 1105 1274  900 1384 1623 1336  902 1718 1159 1309 1474 1059 1272 1071  949 1261 1052 1217 1388 
1611 1351 1834 1560 1184 1604 1419 1704 1704 1307 1622 1458 1735 1705 1435 1228 1812 1681 1466 1203 1649 1653 1743 1287 1072 1794 1641 1631 1540 1163 1535 1828 1350 1528 1370 1305 1424    0 1524 1218 1621 1707 1867 1265 1241 1462 1597 1770 1469 1688 1284 1439 1256 1563 1312 1357 1294 1637 1210 1655 1509 1661 1698 1405 1330 1669 1791 1510 1073 1560 1397 1408 1658 1318 1357 1723 1457 1586 1139 1362 1844 1182 1363 1547 1744 1113 1613 1504 1157 1144 1561 1999 1110 1477 1244 1687 2070 1396 1695 1244 1791 1030 1721 1548 1384 1326 1666 1348 1752 1291 1551 1381 1883 1991 1745 1686 1404 1566 1533 1180 1540 1654 1585 1829 1700 1695 1254 1883 1626 1343 1438 1112 1635 1324 1435 1676 1522 1099 1849 1485 1464 1785 1179 1687 1383 1237 1642 1363 1579 1442 
1485 1010 1358 1195  926 1158 1229 1422 1613  852 1282 1394 1573 1140 1362 1107 1555 1366 1346 1015 1302 1543 1565 1020 1059 1505 1317 1229 1372 1111 1372 1534 1429 1260 1376 1136 1360 1524    0  892 1616 1324 1358  985 1107 1278 1074 1617 1279 1178  986 1360 1110 1304  891  966  958 1205  865 1509 1132 1439 1411  871 1090 1549 1498 1422  943 1242 1182 1166 1278 1021 1367 1604 1257 1272  950 1154 1478  875 1210 1173 1528  956 1095 1242 1141  881 1262 1444 1018 1307 1084 1614 1581 1134 1240  976 1397 1129 1453 1176 1270 1017 1595 1219 1616  939 1437 1408 1437 1684 1316 1644 1062 1243 1377 1050 1115 1634 1335 1573 1532 1242 1181 1655 1324  977 1340 1053 1193  951 1286 1480 1290  975 1447 1167 1298 1298 1126 1373 1099  864 1370  990 1121 1160 
1269  810 1306 1013  805  910 1056 1108 1320  835 1000 1091 1216 1028  932  768 1129  942 1039  810 1093 1149 1421  686  826 1265 1022 1144  853  777 1080 1273 1093  896 1044  775 1054 1218  892    0 1116 1021 1301  775  707  888  929 1220  933  998  627 1028  825  921  844  729  743  926  656 1207  891 1084 1232  598  779 1334 1335 1037  822 1127  818  941 1135  664  912 1283  896 1060  686  685 1232  687  866  990 1313  786 1059  933  829  667  952 1286  594  957  851 1364 1167 1066  888  852 1064  831 1337  946 1067  751 1113  855 1340  801 1322  995 1273 1173 1208 1402  633  914 1033  568  891 1192  990 1088 1107  921  969 1210  956  860 1101  575  966  880 1053 1367  997  717 1201  973  930 1212  649 1086  819  790 1035  754 1127  824 
1776 1229 1743 1299 1125 1473 1423 1650 1999 1328 1555 1561 1827 1327 1568 1375 1888 1677 1394 1076 1410 1588 1595 1370 1297 1831 1653 1327 1598 1287 1511 1692 1577 1599 1542 1335 1543 1621 1616 1116    0 1643 1820 1125 1194 1402 1605 1794 1526 1564 1274 1512 1213 1463 1307 1395 1173 1489 1206 1711 1476 1589 1894 1180 1285 1620 1729 1487 1317 1481 1576 1536 1468 1319 1639 1705 1563 1641 1408 1076 1974 1331 1626 1438 1706 1301 1714 1581 1224 1065 1650 1546 1222 1715 1427 1909 1774 1317 1604 1170 1774 1264 1628 1668 1445 1233 1952 1326 1610 1172 1715 1547 1886 1760 1601 1781 1176 1339 1603 1271 1712 1799 1679 1818 1796 1303 1348 1774 1349 1163 1437 1124 1593 1211 1616 1820 1493 1303 2004 1498 1464 1721 1241 1635 1178 1424 1622 1190 1334 1618 
1527 1017 1516 1156 1054 1366 1237 1585 1556  855 1126 1152 1562 1150 1347 1154 1600 1174 1151 1006 1234 1626 1634  922 1084 1401 1160 1255 1324  886 1301 1683 1302 1154 1302 1097 1379 1707 1324 1021 1643    0 1450 1017  908 1251 1305 1628 1423 1360 1030 1389 1048 1327 1074 1156  817 1399  933 1581 1332 1555 1426 1048 1142 1470 1382 1376 1127 1224 1282 1356 1299  929 1180 1565 1278 1256 1025 1038 1557 1049 1217 1206 1597  918 1131 1265 1133 1044 1191 1646  972 1283 1003 1584 1533 1186 1408  843 1495 1082 1568 1249 1331 1128 1283 1351 1454  918 1568 1389 1421 1377 1556 1490 1005 1177 1420 1080 1183 1589 1402 1419 1665 1295 1251 1428 1251  875 1138  913 1345 1020 1395 1376 1315  938 1614 1191 1227 1627 1107 1392  873  945 1193 1007 1255 1365 
1776 1243 1528 1560 1222 1446 1295 1826 1745 1232 1536 1610 1573 1486 1540 1062 1834 1376 1578 1214 1513 1843 1930 1323 1218 1690 1429 1615 1430 1091 1400 1745 1732 1497 1370 1218 1351 1867 1358 1301 1820 1450    0 1049 1164 1527 1701 1891 1496 1448 1090 1633 1282 1576 1170 1303 1183 1452 1046 1792 1587 1515 1794 1200 1195 1762 1563 1609 1262 1442 1599 1364 1617 1228 1535 1741 1542 1423 1125 1170 1697 1260 1641 1592 1756 1438 1556 1472 1103 1186 1622 1848 1216 1517 1184 1812 1850 1528 1509 1253 1664 1140 1789 1561 1729 1286 1710 1636 1686 1269 1750 1359 1653 1744 1574 1525 1178 1516 1565 1188 1580 1802 1513 1779 1562 1452 1416 1995 1573 1305 1461 1279 1571 1256 1572 1678 1412 1227 1881 1418 1338 2095 1426 1499 1429 1408 1493 1284 1544 1431 
1327  859 1279  978  619  968  910 1140 1374  680  840 1120 1289  935  968  776 1146 1051  871  839  862 1310 1216  658  596 1064  874  963 1131  855  963 1225  917  827 1107  827  995 1265  985  775 1125 1017 1049    0  650 1126  826 1210 1014 1063  596 1005  659 1031  677  852  636 1017  586 1046 1087 1381 1252  779  736 1025 1012 1160  839 1019  967 1079  975  718  942 1216 1030 1178  646  655 1320  778 1075  873 1103  558 1028 1150  752  717  976 1401  704  992  626 1175 1089  997 1122  687 1171  807 1465 1099  821  559 1250  896 1365  626 1201 1073 1138 1337 1298 1121  837  953  997  682  957 1139  890 1230 1340  912  931 1284  985  754 1089  772  931  535  929 1271 1052  565 1137 1064  955 1089  806  908  797  764 1113  845  935  998 
1376  598 1063  913  670 1085 1055 1232 1206  721  878  989 1069 1012 1008  682 1385  910  938  845  961 1326 1307  620  723 1186  846  983 1108  798  893 1049  844  982  997  818 1077 1241 1107  707 1194  908 1164  650    0  914  916 1156  943  893  871  848  691  989  807  837  808 1101  591 1252  968 1284 1317  718  611 1218 1092  988  672  951  881 1017  961  730  873 1074 1050  834  715  658 1055  813 1060  970 1316  782  998 1022  627  812 1018 1187  805 1062  752 1249 1163  965  872  845 1409  670 1152  940  911  786 1141 1110 1160  707 1272  973 1379 1266 1107 1342  820  961  967  601  956 1294  988 1371 1267  836  922 1444 1049  590  925  573 1098  763 1064 1266 1040  683 1281  943  896 1154  639 1126  634  850 1116  595  937 1079 
1615 1009 1294 1283  915 1176 1110 1504 1694 1073 1208 1355 1437 1126 1375 1014 1406 1214 1241  841 1227 1695 1597 1032  983 1468 1451 1183 1335 1003 1211 1612 1416 1447 1312  850 1085 1462 1278  888 1402 1251 1527 1126  914    0 1255 1403 1379 1231 1093 1394  936 1069  927  921  803 1202 1091 1705 1355 1610 1580  927 1094 1631 1572 1256 1099 1254 1234 1108 1482 1016 1259 1631 1172 1430  977  960 1310  977 1446 1348 1559 1048 1156 1368 1107 1109 1284 1679  927 1146 1050 1503 1581 1246 1119  964 1396  959 1648 1176 1255  993 1560 1403 1501  981 1467 1329 1515 1443 1381 1613 1010 1411 1156 1117 1317 1449 1329 1522 1603 1407 1205 1586 1175 1081 1264 1167 1235 1107 1309 1484 1375 1046 1681 1357 1367 1601  940 1136 1151 1131 1238 1136 1242 1297 
1446 1124 1428 1268 1057 1404 1403 1440 1460 1022 1258 1314 1561 1154 1362  879 1563 1300 1378  874 1286 1634 1602 1054  945 1494 1080 1306 1349 1170 1117 1477 1105 1288 1395 1014 1163 1597 1074  929 1605 1305 1701  826  916 1255    0 1398 1270 1266  978 1117 1106 1287  953  938  984 1253 1110 1669 1313 1613 1488  922 1095 1725 1601 1312 1135 1341 1311 1226 1308  900 1336 1745 1216 1318  882  996 1480 1073 1360 1340 1609 1174 1115 1373  901 1039 1431 1617  988 1372  946 1577 1588 1319 1455  996 1423  993 1440 1163 1328  905 1618 1295 1618  971 1398 1231 1545 1291 1654 1355  798 1199 1430 1000 1139 1577 1433 1465 1497 1205 1504 1399 1133  946 1362 1067 1315  847 1290 1383 1125 1041 1536 1281 1321 1492  985 1176  907 1122 1195  965 1222 1316 
1719 1225 1845 1528 1158 1366 1527 1790 1818 1351 1492 1480 1720 1474 1455 1314 1860 1626 1457 1308 1527 1765 1731 1340 1199 1710 1568 1527 1407 1280 1605 1801 1615 1540 1486 1228 1390 1770 1617 1220 1794 1628 1891 1210 1156 1403 1398    0 1306 1564 1005 1611 1382 1594 1186 1217 1447 1502 1370 1816 1438 1810 1742 1257 1116 1874 1801 1484 1206 1436 1637 1662 1359 1185 1681 1722 1536 1511 1124 1127 1713 1329 1492 1445 1884 1307 1526 1649 1237 1266 1573 1590 1043 1384 1400 1922 1671 1576 1483 1308 1834 1254 1696 1564 1601 1228 1862 1431 1751 1184 1805 1640 1580 1765 1898 1827 1267 1565 1477 1282 1515 1827 1474 1767 1808 1436 1554 1649 1433 1214 1629 1144 1574 1284 1543 1797 1481 1151 1800 1568 1662 1845 1341 1454 1347 1146 1501 1258 1416 1601 
1285 1074 1633 1261  835 1333 1336 1635 1417 1153 1324 1381 1538 1326 1318  990 1493 1386 1341 1028 1329 1542 1484 1062  890 1655 1197 1378 1363 1030 1416 1555 1352 1454 1120  998 1097 1469 1279  933 1526 1423 1496 1014  943 1379 1270 1306    0 1152 1085 1267 1093 1126 1138  922 1002 1199 1085 1649 1205 1686 1658  820  966 1627 1430 1409 1068 1412 1296 1290 1153 1086 1415 1436 1290 1188 1119 1120 1553 1100 1163 1353 1614  857 1107 1301  978  905 1173 1538  904 1200 1112 1576 1468 1314 1260 1143 1377 1188 1425 1385 1322 1095 1530 1248 1436  853 1421 1413 1389 1565 1500 1357 1149 1294 1093  955 1276 1576 1408 1425 1383 1240 1387 1539 1223 1003 1395 1125 1167  985 1240 1527 1175  956 1563 1338 1262 1702 1009 1168 1011 1056 1310  870 1372 1360 
1550 1112 1595 1238 1070 1297 1328 1536 1653 1019 1368 1344 1637 1295 1290 1143 1372 1368 1417 1111 1309 1631 1509 1022  878 1366 1190 1316 1330  986 1226 1430 1161 1387 1401 1067 1300 1688 1178  998 1564 1360 1448 1063  893 1231 1266 1564 1152    0 1139 1207  888 1294 1075 1104  899 1364 1033 1368 1171 1668 1498  943 1080 1430 1402 1230 1012 1388 1361 1155 1312  848 1320 1595 1276 1447 1136 1096 1544  906 1301 1193 1621  958 1339 1216 1151 1004 1201 1494  930 1136 1073 1428 1467 1150 1314 1075 1413  888 1645 1360 1342  825 1519 1136 1632  936 1530 1366 1491 1287 1522 1642  875 1357 1137 1059 1168 1596 1163 1258 1532 1354 1201 1609 1340 1018 1437  977 1362 1028 1314 1415 1426  970 1542 1390 1138 1522  854 1038  958  970 1286 1071 1176 1142 
1240  704 1389 1016  758  974  827 1046 1171  657 1036 1074 1136  913  954  869 1203 1027  927  805  978 1367 1352  794  767 1310  870 1022 1101  714 1088 1314 1131  909  904  823 1022 1284  986  627 1274 1030 1090  596  871 1093  978 1005 1085 1139    0 1110  706  923  744  702  799  972  695 1325  863 1267 1062  821  829 1334 1214  963  716 1063 1138 1029 1006  611  921 1199  829 1028  829  703 1267  775  932  972 1260  720 1090 1005  885  619  975 1232  760 1160  866 1210 1236  925  923  772 1218  629 1416 1035  947  625 1156 1004 1108  654 1409  983 1293 1093 1325 1274  625  928  933  702 1149 1164 1141 1403 1064  949 1084 1306  899  693 1060  598  994  572 1049 1227 1001  863 1139  973 1130 1256  796  960  706  782 1021  789 1085  956 
1694  876 1727 1088 1115 1176 1169 1449 1506  845 1095 1371 1600 1208 1208 1041 1755 1326 1209 1123 1321 1484 1439  860 1101 1656 1257 1233 1383  854 1306 1502 1192 1219 1109 1120 1188 1439 1360 1028 1512 1389 1633 1005  848 1394 1117 1611 1267 1207 1110    0 1028 1276  990 1044 1047 1255 1040 1470 1104 1403 1435 1104  949 1397 1402 1274  896 1294 1198 1214 1392  905 1383 1515 1250 1343 1173 1050 1664  940 1066 1159 1524 1037 1133 1157 1069  977 1371 1614 1098 1202  967 1755 1598 1282 1184 1131 1611 1087 1631 1417 1181 1107 1610 1393 1598  939 1496 1262 1481 1436 1481 1561  955 1409 1124  950 1217 1520 1334 1507 1531 1143 1257 1596 1246  922 1187  981 1202 1027 1169 1573 1279 1100 1301 1308 1389 1300  955 1195  934  877 1329  916 1227 1427 
1391  757 1188 1089  645 1158 1063 1258 1222  564  926  976 1159 1106 1085  689 1149  863 1137  630 1019 1255 1350  650  596 1133 1076  925  899  831 1004 1096  916 1074  898  691  910 1256 1110  825 1213 1048 1282  659  691  936 1106 1382 1093  888  706 1028    0 1002  641  765  644 1055  743 1286  963 1259 1162  696  739 1187 1333 1003  798 1039 1126  988 1113  570 1031 1396  841  851  609  624 1125  750 1039 1033 1301  641 1072  876  689  749 1141 1044  811 1188  834 1104 1190 1093  813  667 1370  606 1097 1119 1010  645 1210 1037 1260  861 1367 1149 1336 1233 1048 1224  654  957 1085  823  907 1116  877 1149 1248 1072 1014 1249 1006  764  944  560 1013  849  890 1354  987  635 1174  987  879 1242  825 1094  758  774 1189  707  965  890 
