20 4 16 257

   0 1307 1223 1442 1577 1635 1229 1058 1415  979 1092 1551 1167  993 1443 1727 1049 1191 1332 1558 
1307    0 1252 1614 1506 1634 1231  957 1553 1028 1104 1692 1166 1014 1465 1455 1038 1313 1203 1578 
1223 1252    0 1518 1591 1375 1174 1065 1546 1141  915 1659 1215  880 1150 1433  925 1140 1448 1473 
1442 1614 1518    0 1810 1621 1458 1165 1869 1118 1043 1669 1463 1356 1556 1843 1123 1463 1726 1998 
1577 1506 1591 1810    0 1731 1539 1166 1836 1110 1314 1739 1552 1195 1506 1619 1145 1577 1432 1944 
1635 1634 1375 1621 1731    0 1675 1375 1811 1286 1055 1523 1436 1244 1583 1772 1283 1402 1678 1911 
1229 1231 1174 1458 1539 1675    0  991 1364  878  932 1606 1278 1095 1182 1356  929 1322 1214 1520 
1058  957 1065 1165 1166 1375  991    0 1333  736  664 1103 1053  763  982 1193  742  879  940 1196 
1415 1553 1546 1869 1836 1811 1364 1333    0 1355 1137 1543 1406 1176 1683 1722 1257 1487 1576 1882 
 979 1028 1141 1118 1110 1286  878  736 1355    0  636 1043  979  648 1061 1489  633 1099  921 1176 
1092 1104  915 1043 1314 1055  932  664 1137  636    0 1398 1066  838  976 1221  591  885  975 1313 
1551 1692 1659 1669 1739 1523 1606 1103 1543 1043 1398    0 1621 1164 1608 1690 1224 1589 1520 1939 
1167 1166 1215 1463 1552 1436 1278 1053 1406  979 1066 1621    0  992 1174 1351 1007 1247 1097 1630 
 993 1014  880 1356 1195 1244 1095  763 1176  648  838 1164  992    0  838 1234  789 1023  889 1252 
1443 1465 1150 1556 1506 1583 1182  982 1683 1061  976 1608 1174  838    0 1518 1003 1403 1406 1516 
1727 1455 1433 1843 1619 1772 1356 1193 1722 1489 1221 1690 1351 1234 1518    0 1233 1530 1555 1980 
1049 1038  925 1123 1145 1283  929  742 1257  633  591 1224 1007  789 1003 1233    0  911  961 1118 
1191 1313 1140 1463 1577 1402 1322  879 1487 1099  885 1589 1247 1023 1403 1530  911    0 1202 1349 
1332 1203 1448 1726 1432 1678 1214  940 1576  921  975 1520 1097  889 1406 1555  961 1202    0 1556 
1558 1578 1473 1998 1944 1911 1520 1196 1882 1176 1313 1939 1630 1252 1516 1980 1118 1349 1556    0 

   0  853 1113  689  742 1162 1052 1149  680  720  764  973  698 1001  985  832 1023  948 1184 1091 
 853    0 1038  656  851  936 1195 1040  603  754  636 1149 1065  921  988  863  646  810  690 1187 
1113 1038    0  764  985  822  831  851  713  855  984  850  819  747  875  801  917  918  773  849 
 689  656  764    0  886 1128  801  719  977  657  676  704  619 1058  845  713  815  847  924  900 
 742  851  985  886    0  700  623 1091  749  760  600  643  717  726  631  662  675  974 1181  938 
1162  936  822 1128  700    0  651  665  946 1179 1149 1094 1190  632  877  673  706 1122  664  861 
1052 1195  831  801  623  651    0 1145  982  869  873  950  614 1116 1012  882  624  619  943  877 
1149 1040  851  719 1091  665 1145    0  682  719  759  798  932  866 1112  619  838  811  807 1175 
 680  603  713  977  749  946  982  682    0  678 1172  665  936  889  631  615  849  970 1049 1119 
 720  754  855  657  760 1179  869  719  678    0  876  965  647  928  723 1150  873 1186 1177  727 
 764  636  984  676  600 1149  873  759 1172  876    0  686 1024  789  765  983  647 1096  606  894 
 973 1149  850  704  643 1094  950  798  665  965  686    0 1108  975  994  833  758 1013  847  930 
 698 1065  819  619  717 1190  614  932  936  647 1024 1108    0  794  616  984  873  719 1108  745 
1001  921  747 1058  726  632 1116  866  889  928  789  975  794    0  937  963  625  811 1193 1148 
 985  988  875  845  631  877 1012 1112  631  723  765  994  616  937    0  711  944  798  907  930 
 832  863  801  713  662  673  882  619  615 1150  983  833  984  963  711    0  935 1062  641  723 
1023  646  917  815  675  706  624  838  849  873  647  758  873  625  944  935    0  781  968  716 
 948  810  918  847  974 1122  619  811  970 1186 1096 1013  719  811  798 1062  781    0  914  755 
1184  690  773  924 1181  664  943  807 1049 1177  606  847 1108 1193  907  641  968  914    0  958 
1091 1187  849  900  938  861  877 1175 1119  727  894  930  745 1148  930  723  716  755  958    0 

0 386 884
1 518 1022
2 398 794
3 593 1035
4 577 838
5 600 899
6 527 711
7 326 702
8 641 954
9 306 788
10 284 797
11 687 798
12 406 1080
13 306 841
14 545 952
15 599 1095
16 207 701
17 530 893
18 531 1023
19 648 1013

0 15 8728 11523 3454 
0 12 2515 4071 4668 
0 15 7394 9182 3454 
0 19 18546 21055 6232 
0 8 1476 3985 2830 
0 14 18759 21792 2886 
0 13 1025 4168 3972 
0 11 18627 21331 4653 
0 11 9139 12427 6204 
0 17 13839 17526 4764 
0 6 17661 20543 2458 
0 9 5823 7551 1958 
0 2 5361 8967 3669 
0 15 17164 20142 5181 
0 9 1731 3999 2937 
0 4 7630 10523 3154 
1 5 7047 9078 3268 
1 10 11939 13535 3312 
1 14 15073 18778 2930 
1 16 19701 22155 3114 
1 2 18229 21685 3756 
1 7 5341 9126 2871 
1 12 14639 17205 2332 
1 10 2810 4508 3312 
1 7 2173 5147 1914 
1 3 19638 21028 3228 
1 17 3129 5850 2626 
1 7 10418 12924 1914 
1 18 8977 10984 4812 
1 6 9560 12463 4924 
1 9 11016 13149 4112 
2 8 19284 21102 4638 
2 0 15037 17763 4892 
2 5 10349 12584 5500 
2 12 11438 14656 3645 
2 4 2237 5231 3182 
2 1 18622 22628 5008 
2 18 3208 4831 5792 
2 4 19599 22810 3182 
2 4 1008 4219 4773 
2 11 4108 6505 3318 
2 16 5694 7986 2775 
2 10 4497 7429 2745 
3 17 18812 20692 4389 
3 19 2388 4404 7992 
3 9 837 2591 2236 
3 4 16866 18832 7240 
3 19 10581 13677 3996 
3 11 4153 6180 6676 
3 11 9538 11664 6676 
3 13 9937 12592 2712 
3 9 16954 19411 2236 
3 17 1670 4109 2926 
3 12 3962 5602 2926 
3 7 3312 5749 2330 
3 5 16394 18650 3242 
3 17 9781 11974 5852 
3 1 1348 2856 3228 
3 17 7606 10977 5852 
4 17 11995 13952 3154 
4 14 17968 19968 3012 
4 9 14591 17410 3330 
4 18 5104 8080 5728 
4 16 19063 21425 2290 
4 11 18800 20696 3478 
4 12 10314 12629 3104 
4 10 16119 17631 3942 
4 7 9634 12688 2332 
4 0 954 2623 6308 
4 6 17695 19389 4617 
4 6 1306 2614 3078 
5 11 13940 16882 4569 
5 15 14571 16038 5316 
5 10 8641 11398 2110 
5 19 9561 11283 5733 
5 11 15709 19986 6092 
5 8 3859 7576 5433 
5 9 11821 14909 3858 
5 11 5425 9560 3046 
5 7 15023 17476 4125 
5 1 4405 8102 4902 
5 13 4668 6924 3732 
5 1 16230 19234 3268 
5 7 10820 12296 4125 
6 0 2967 7164 3687 
6 16 1296 3205 1858 
6 14 19619 23586 2364 
6 7 10121 13292 2973 
6 7 2996 5286 2973 
6 13 4098 7937 3285 
6 5 13924 15922 5025 
6 19 19177 22053 3040 
6 3 8747 10941 5832 
6 3 18124 20198 5832 
6 18 3509 7224 4856 
6 7 16334 19276 1982 
7 6 5532 8497 2973 
7 5 5898 7394 5500 
7 14 1950 6142 1964 
7 2 14516 17332 4260 
7 3 5097 6952 4660 
7 18 18025 20575 3760 
7 3 15954 18197 4660 
7 8 11253 12617 3999 
7 6 17547 20478 3964 
7 14 16101 19559 2946 
7 11 4064 6242 4412 
7 2 7843 10957 2130 
7 10 14805 16732 2656 
7 2 4686 8047 4260 
8 14 12435 14062 6732 
8 9 16424 17807 2710 
8 5 8806 11369 7244 
8 14 7076 8577 6732 
8 3 3278 6179 5607 
8 6 991 3151 4092 
8 10 228 2923 3411 
8 9 3895 6579 4065 
8 12 4474 6636 5624 
8 12 9175 12039 5624 
8 14 14066 16539 5049 
8 13 11085 13396 2352 
9 5 14019 16435 5144 
9 7 13879 15683 2944 
9 0 1286 3014 3916 
9 14 12411 14746 3183 
9 18 16157 20205 1842 
9 10 18333 21460 1272 
9 14 365 1876 4244 
9 12 4101 5543 3916 
9 17 11305 15918 4396 
9 15 9224 13548 5956 
9 13 1180 4660 2592 
9 10 17559 19494 1272 
10 17 11093 13690 1770 
10 13 8986 10650 2514 
10 9 7394 9899 2544 
10 3 9602 11555 2086 
10 16 9408 11433 1182 
10 8 214 2581 2274 
10 17 7178 9731 3540 
10 13 11994 15110 1676 
10 13 3975 6484 3352 
10 9 15282 18129 1272 
10 8 7301 11145 3411 
11 17 17688 19845 4767 
11 15 5231 6905 3380 
11 2 2504 4544 6636 
11 17 12619 16194 4767 
11 12 14874 18175 3242 
11 3 2107 4099 3338 
11 4 15573 18048 5217 
11 14 1633 5062 3216 
11 4 7994 10167 3478 
11 6 10990 13878 4818 
11 7 16406 19510 3309 
11 7 2693 4751 2206 
11 19 12670 14957 7756 
11 13 12611 15701 4656 
12 4 8131 10138 4656 
12 6 7388 9567 5112 
12 3 3517 4971 4389 
12 0 15273 17743 4668 
12 0 8769 10374 3501 
12 9 18187 19772 1958 
12 5 5622 8965 5744 
12 5 18189 20616 4308 
12 1 15397 18805 2332 
12 13 2684 4637 3968 
12 7 9873 13517 2106 
12 1 17359 21310 2332 
12 5 17378 20103 2872 
13 4 19600 21400 2390 
13 15 3679 6336 2468 
13 10 2641 4337 3352 
13 4 792 2418 2390 
13 19 14141 17389 2504 
13 0 5749 9302 1986 
13 9 18314 21357 1944 
13 3 14441 18609 4068 
13 12 3823 5966 1984 
13 10 1594 4497 1676 
13 9 10189 13242 1944 
13 9 17297 20656 1296 
13 8 8684 12106 3528 
13 11 7384 10367 4656 
14 10 7742 10480 3904 
14 16 16671 19134 4012 
14 13 10392 12734 1676 
14 16 9414 12415 2006 
14 12 15052 17244 2348 
14 18 16848 20040 2812 
14 0 17026 20148 2886 
14 1 3402 6761 4395 
14 18 398 3028 5624 
14 16 9945 12229 2006 
14 11 9015 12235 3216 
14 0 11215 14002 2886 
15 8 17755 19852 3444 
15 17 2020 5503 4590 
15 19 14769 16656 3960 
15 6 7527 10711 5424 
15 3 10460 12641 5529 
15 14 15767 17565 6072 
15 10 9548 12860 4884 
15 10 19021 22835 3663 
15 4 8100 10628 4857 
15 8 1115 2486 5166 
15 8 7344 8943 5166 
15 7 10266 11547 3579 
15 7 4482 5781 4772 
16 11 2550 4611 3672 
16 8 16190 18210 5028 
16 1 4361 5678 3114 
16 19 7452 10094 4472 
16 7 15598 17684 2968 
16 7 11597 13524 1484 
16 6 470 1774 2787 
16 14 5481 7708 3009 
17 6 2052 4212 2644 
17 6 19381 21826 5288 
17 10 8148 12433 1770 
17 1 16916 19726 5252 
17 6 10992 12359 3966 
17 18 14888 17483 4808 
17 16 7446 10523 2733 
17 14 9335 12367 4209 
17 9 7083 11767 2198 
17 19 10572 12686 5396 
17 15 17697 21594 3060 
17 16 8369 10508 2733 
17 7 19289 22078 1758 
18 11 18852 21520 3040 
18 17 8453 12035 3606 
18 4 18785 23095 2864 
18 17 2761 4680 4808 
18 5 5671 7908 5034 
18 4 4725 9047 2864 
18 10 18313 19846 2925 
18 13 10054 12511 3556 
18 16 17724 20724 3844 
18 19 11250 13740 6224 
18 11 18723 20696 4560 
18 8 16796 20121 3152 
19 4 2120 4230 5832 
19 18 1356 4258 6224 
19 15 14524 16895 3960 
19 6 11658 14324 4560 
19 3 19141 22525 3996 
19 0 1725 6034 4674 
19 7 1920 4446 3588 
19 14 11941 15307 3032 
19 11 15310 18341 5817 
19 16 11084 13368 3354 
19 8 15362 18539 7528 
19 18 6976 10530 3112 
19 14 750 3214 4548 

0 1 0 0
0 1 1 0
0 1 2 0
0 1 3 0
0 1 4 0
0 2 0 0
0 2 1 0
0 2 2 0
0 2 3 0
0 2 4 0
0 3 0 0
0 3 1 0
0 3 2 0
0 3 3 0
0 3 4 0
0 4 0 0
0 4 1 0
0 4 2 0
0 4 3 0
0 4 4 0
0 5 0 0
0 5 1 0
0 5 2 0
0 5 3 0
0 5 4 0
0 6 0 0
0 6 1 0
0 6 2 0
0 6 3 0
0 6 4 0
0 7 0 0
0 7 1 0
0 7 2 0
0 7 3 0
0 7 4 0
0 8 0 0
0 8 1 0
0 8 2 0
0 8 3 0
0 8 4 0
0 9 0 3828
0 9 1 3828
0 9 2 3828
0 9 3 0
0 9 4 0
0 10 0 3285
0 10 1 3285
0 10 2 3285
0 10 3 0
0 10 4 0
0 11 0 0
0 11 1 0
0 11 2 0
0 11 3 0
0 11 4 0
0 12 0 0
0 12 1 0
0 12 2 0
0 12 3 0
0 12 4 0
0 13 0 0
0 13 1 0
0 13 2 0
0 13 3 0
0 13 4 0
0 14 0 0
0 14 1 0
0 14 2 0
0 14 3 0
0 14 4 0
0 15 0 0
0 15 1 0
0 15 2 0
0 15 3 0
0 15 4 0
0 16 0 0
0 16 1 0
0 16 2 0
0 16 3 0
0 16 4 0
0 17 0 0
0 17 1 0
0 17 2 0
0 17 3 0
0 17 4 0
0 18 0 0
0 18 1 0
0 18 2 0
0 18 3 0
0 18 4 0
0 19 0 0
0 19 1 0
0 19 2 0
0 19 3 0
0 19 4 0
1 0 0 0
1 0 1 0
1 0 2 0
1 0 3 0
1 0 4 0
1 2 0 0
1 2 1 0
1 2 2 0
1 2 3 0
1 2 4 0
1 3 0 3856
1 3 1 3856
1 3 2 0
1 3 3 0
1 3 4 0
1 4 0 0
1 4 1 0
1 4 2 0
1 4 3 0
1 4 4 0
1 5 0 0
1 5 1 0
1 5 2 0
1 5 3 0
1 5 4 0
1 6 0 0
1 6 1 0
1 6 2 0
1 6 3 0
1 6 4 0
1 7 0 0
1 7 1 0
1 7 2 0
1 7 3 0
1 7 4 0
1 8 0 3567
1 8 1 3567
1 8 2 0
1 8 3 0
1 8 4 0
1 9 0 0
1 9 1 0
1 9 2 0
1 9 3 0
1 9 4 0
1 10 0 0
1 10 1 0
1 10 2 0
1 10 3 0
1 10 4 0
1 11 0 0
1 11 1 0
1 11 2 0
1 11 3 0
1 11 4 0
1 12 0 0
1 12 1 0
1 12 2 0
1 12 3 0
1 12 4 0
1 13 0 3406
1 13 1 3406
1 13 2 3406
1 13 3 0
1 13 4 0
1 14 0 0
1 14 1 0
1 14 2 0
1 14 3 0
1 14 4 0
1 15 0 3361
1 15 1 3361
1 15 2 0
1 15 3 0
1 15 4 0
1 16 0 0
1 16 1 0
1 16 2 0
1 16 3 0
1 16 4 0
1 17 0 0
1 17 1 0
1 17 2 0
1 17 3 0
1 17 4 0
1 18 0 0
1 18 1 0
1 18 2 0
1 18 3 0
1 18 4 0
1 19 0 0
1 19 1 0
1 19 2 0
1 19 3 0
1 19 4 0
2 0 0 0
2 0 1 0
2 0 2 0
2 0 3 0
2 0 4 0
2 1 0 0
2 1 1 0
2 1 2 0
2 1 3 0
2 1 4 0
2 3 0 0
2 3 1 0
2 3 2 0
2 3 3 0
2 3 4 0
2 4 0 3060
2 4 1 3060
2 4 2 0
2 4 3 0
2 4 4 0
2 5 0 3567
2 5 1 3567
2 5 2 3567
2 5 3 0
2 5 4 0
2 6 0 3061
2 6 1 3061
2 6 2 0
2 6 3 0
2 6 4 0
2 7 0 0
2 7 1 0
2 7 2 0
2 7 3 0
2 7 4 0
2 8 0 0
2 8 1 0
2 8 2 0
2 8 3 0
2 8 4 0
2 9 0 0
2 9 1 0
2 9 2 0
2 9 3 0
2 9 4 0
2 10 0 0
2 10 1 0
2 10 2 0
2 10 3 0
2 10 4 0
2 11 0 0
2 11 1 0
2 11 2 0
2 11 3 0
2 11 4 0
2 12 0 0
2 12 1 0
2 12 2 0
2 12 3 0
2 12 4 0
2 13 0 0
2 13 1 0
2 13 2 0
2 13 3 0
2 13 4 0
2 14 0 0
2 14 1 0
2 14 2 0
2 14 3 0
2 14 4 0
2 15 0 0
2 15 1 0
2 15 2 0
2 15 3 0
2 15 4 0
2 16 0 0
2 16 1 0
2 16 2 0
2 16 3 0
2 16 4 0
2 17 0 0
2 17 1 0
2 17 2 0
2 17 3 0
2 17 4 0
2 18 0 0
2 18 1 0
2 18 2 0
2 18 3 0
2 18 4 0
2 19 0 0
2 19 1 0
2 19 2 0
2 19 3 0
2 19 4 0
3 0 0 0
3 0 1 0
3 0 2 0
3 0 3 0
3 0 4 0
3 1 0 3856
3 1 1 3856
3 1 2 0
3 1 3 0
3 1 4 0
3 2 0 0
3 2 1 0
3 2 2 0
3 2 3 0
3 2 4 0
3 4 0 3189
3 4 1 3189
3 4 2 3189
3 4 3 0
3 4 4 0
3 5 0 0
3 5 1 0
3 5 2 0
3 5 3 0
3 5 4 0
3 6 0 0
3 6 1 0
3 6 2 0
3 6 3 0
3 6 4 0
3 7 0 0
3 7 1 0
3 7 2 0
3 7 3 0
3 7 4 0
3 8 0 0
3 8 1 0
3 8 2 0
3 8 3 0
3 8 4 0
3 9 0 0
3 9 1 0
3 9 2 0
3 9 3 0
3 9 4 0
3 10 0 3514
3 10 1 3514
3 10 2 0
3 10 3 0
3 10 4 0
3 11 0 0
3 11 1 0
3 11 2 0
3 11 3 0
3 11 4 0
3 12 0 0
3 12 1 0
3 12 2 0
3 12 3 0
3 12 4 0
3 13 0 0
3 13 1 0
3 13 2 0
3 13 3 0
3 13 4 0
3 14 0 3678
3 14 1 3678
3 14 2 3678
3 14 3 0
3 14 4 0
3 15 0 3158
3 15 1 3158
3 15 2 0
3 15 3 0
3 15 4 0
3 16 0 0
3 16 1 0
3 16 2 0
3 16 3 0
3 16 4 0
3 17 0 0
3 17 1 0
3 17 2 0
3 17 3 0
3 17 4 0
3 18 0 0
3 18 1 0
3 18 2 0
3 18 3 0
3 18 4 0
3 19 0 3567
3 19 1 3567
3 19 2 3567
3 19 3 0
3 19 4 0
4 0 0 0
4 0 1 0
4 0 2 0
4 0 3 0
4 0 4 0
4 1 0 0
4 1 1 0
4 1 2 0
4 1 3 0
4 1 4 0
4 2 0 3060
4 2 1 3060
4 2 2 0
4 2 3 0
4 2 4 0
4 3 0 3189
4 3 1 3189
4 3 2 3189
4 3 3 0
4 3 4 0
4 5 0 3758
4 5 1 3758
4 5 2 3758
4 5 3 0
4 5 4 0
4 6 0 0
4 6 1 0
4 6 2 0
4 6 3 0
4 6 4 0
4 7 0 0
4 7 1 0
4 7 2 0
4 7 3 0
4 7 4 0
4 8 0 0
4 8 1 0
4 8 2 0
4 8 3 0
4 8 4 0
4 9 0 3265
4 9 1 3265
4 9 2 0
4 9 3 0
4 9 4 0
4 10 0 3937
4 10 1 3937
4 10 2 0
4 10 3 0
4 10 4 0
4 11 0 3588
4 11 1 3588
4 11 2 3588
4 11 3 0
4 11 4 0
4 12 0 3789
4 12 1 3789
4 12 2 3789
4 12 3 0
4 12 4 0
4 13 0 0
4 13 1 0
4 13 2 0
4 13 3 0
4 13 4 0
4 14 0 0
4 14 1 0
4 14 2 0
4 14 3 0
4 14 4 0
4 15 0 0
4 15 1 0
4 15 2 0
4 15 3 0
4 15 4 0
4 16 0 0
4 16 1 0
4 16 2 0
4 16 3 0
4 16 4 0
4 17 0 0
4 17 1 0
4 17 2 0
4 17 3 0
4 17 4 0
4 18 0 3794
4 18 1 3794
4 18 2 3794
4 18 3 0
4 18 4 0
4 19 0 0
4 19 1 0
4 19 2 0
4 19 3 0
4 19 4 0
5 0 0 0
5 0 1 0
5 0 2 0
5 0 3 0
5 0 4 0
5 1 0 0
5 1 1 0
5 1 2 0
5 1 3 0
5 1 4 0
5 2 0 3567
5 2 1 3567
5 2 2 3567
5 2 3 0
5 2 4 0
5 3 0 0
5 3 1 0
5 3 2 0
5 3 3 0
5 3 4 0
5 4 0 3758
5 4 1 3758
5 4 2 3758
5 4 3 0
5 4 4 0
5 6 0 0
5 6 1 0
5 6 2 0
5 6 3 0
5 6 4 0
5 7 0 0
5 7 1 0
5 7 2 0
5 7 3 0
5 7 4 0
5 8 0 0
5 8 1 0
5 8 2 0
5 8 3 0
5 8 4 0
5 9 0 0
5 9 1 0
5 9 2 0
5 9 3 0
5 9 4 0
5 10 0 0
5 10 1 0
5 10 2 0
5 10 3 0
5 10 4 0
5 11 0 0
5 11 1 0
5 11 2 0
5 11 3 0
5 11 4 0
5 12 0 0
5 12 1 0
5 12 2 0
5 12 3 0
5 12 4 0
5 13 0 0
5 13 1 0
5 13 2 0
5 13 3 0
5 13 4 0
5 14 0 0
5 14 1 0
5 14 2 0
5 14 3 0
5 14 4 0
5 15 0 0
5 15 1 0
5 15 2 0
5 15 3 0
5 15 4 0
5 16 0 0
5 16 1 0
5 16 2 0
5 16 3 0
5 16 4 0
5 17 0 0
5 17 1 0
5 17 2 0
5 17 3 0
5 17 4 0
5 18 0 0
5 18 1 0
5 18 2 0
5 18 3 0
5 18 4 0
5 19 0 3806
5 19 1 3806
5 19 2 0
5 19 3 0
5 19 4 0
6 0 0 0
6 0 1 0
6 0 2 0
6 0 3 0
6 0 4 0
6 1 0 0
6 1 1 0
6 1 2 0
6 1 3 0
6 1 4 0
6 2 0 3061
6 2 1 3061
6 2 2 0
6 2 3 0
6 2 4 0
6 3 0 0
6 3 1 0
6 3 2 0
6 3 3 0
6 3 4 0
6 4 0 0
6 4 1 0
6 4 2 0
6 4 3 0
6 4 4 0
6 5 0 0
6 5 1 0
6 5 2 0
6 5 3 0
6 5 4 0
6 7 0 0
6 7 1 0
6 7 2 0
6 7 3 0
6 7 4 0
6 8 0 0
6 8 1 0
6 8 2 0
6 8 3 0
6 8 4 0
6 9 0 0
6 9 1 0
6 9 2 0
6 9 3 0
6 9 4 0
6 10 0 0
6 10 1 0
6 10 2 0
6 10 3 0
6 10 4 0
6 11 0 0
6 11 1 0
6 11 2 0
6 11 3 0
6 11 4 0
6 12 0 0
6 12 1 0
6 12 2 0
6 12 3 0
6 12 4 0
6 13 0 0
6 13 1 0
6 13 2 0
6 13 3 0
6 13 4 0
6 14 0 0
6 14 1 0
6 14 2 0
6 14 3 0
6 14 4 0
6 15 0 0
6 15 1 0
6 15 2 0
6 15 3 0
6 15 4 0
6 16 0 0
6 16 1 0
6 16 2 0
6 16 3 0
6 16 4 0
6 17 0 0
6 17 1 0
6 17 2 0
6 17 3 0
6 17 4 0
6 18 0 0
6 18 1 0
6 18 2 0
6 18 3 0
6 18 4 0
6 19 0 0
6 19 1 0
6 19 2 0
6 19 3 0
6 19 4 0
7 0 0 0
7 0 1 0
7 0 2 0
7 0 3 0
7 0 4 0
7 1 0 0
7 1 1 0
7 1 2 0
7 1 3 0
7 1 4 0
7 2 0 0
7 2 1 0
7 2 2 0
7 2 3 0
7 2 4 0
7 3 0 0
7 3 1 0
7 3 2 0
7 3 3 0
7 3 4 0
7 4 0 0
7 4 1 0
7 4 2 0
7 4 3 0
7 4 4 0
7 5 0 0
7 5 1 0
7 5 2 0
7 5 3 0
7 5 4 0
7 6 0 0
7 6 1 0
7 6 2 0
7 6 3 0
7 6 4 0
7 8 0 0
7 8 1 0
7 8 2 0
7 8 3 0
7 8 4 0
7 9 0 0
7 9 1 0
7 9 2 0
7 9 3 0
7 9 4 0
7 10 0 0
7 10 1 0
7 10 2 0
7 10 3 0
7 10 4 0
7 11 0 0
7 11 1 0
7 11 2 0
7 11 3 0
7 11 4 0
7 12 0 3530
7 12 1 3530
7 12 2 3530
7 12 3 0
7 12 4 0
7 13 0 4866
7 13 1 4866
7 13 2 4866
7 13 3 0
7 13 4 0
7 14 0 0
7 14 1 0
7 14 2 0
7 14 3 0
7 14 4 0
7 15 0 0
7 15 1 0
7 15 2 0
7 15 3 0
7 15 4 0
7 16 0 0
7 16 1 0
7 16 2 0
7 16 3 0
7 16 4 0
7 17 0 0
7 17 1 0
7 17 2 0
7 17 3 0
7 17 4 0
7 18 0 0
7 18 1 0
7 18 2 0
7 18 3 0
7 18 4 0
7 19 0 0
7 19 1 0
7 19 2 0
7 19 3 0
7 19 4 0
8 0 0 0
8 0 1 0
8 0 2 0
8 0 3 0
8 0 4 0
8 1 0 3567
8 1 1 3567
8 1 2 0
8 1 3 0
8 1 4 0
8 2 0 0
8 2 1 0
8 2 2 0
8 2 3 0
8 2 4 0
8 3 0 0
8 3 1 0
8 3 2 0
8 3 3 0
8 3 4 0
8 4 0 0
8 4 1 0
8 4 2 0
8 4 3 0
8 4 4 0
8 5 0 0
8 5 1 0
8 5 2 0
8 5 3 0
8 5 4 0
8 6 0 0
8 6 1 0
8 6 2 0
8 6 3 0
8 6 4 0
8 7 0 0
8 7 1 0
8 7 2 0
8 7 3 0
8 7 4 0
8 9 0 0
8 9 1 0
8 9 2 0
8 9 3 0
8 9 4 0
8 10 0 0
8 10 1 0
8 10 2 0
8 10 3 0
8 10 4 0
8 11 0 0
8 11 1 0
8 11 2 0
8 11 3 0
8 11 4 0
8 12 0 0
8 12 1 0
8 12 2 0
8 12 3 0
8 12 4 0
8 13 0 0
8 13 1 0
8 13 2 0
8 13 3 0
8 13 4 0
8 14 0 0
8 14 1 0
8 14 2 0
8 14 3 0
8 14 4 0
8 15 0 0
8 15 1 0
8 15 2 0
8 15 3 0
8 15 4 0
8 16 0 3971
8 16 1 3971
8 16 2 0
8 16 3 0
8 16 4 0
8 17 0 0
8 17 1 0
8 17 2 0
8 17 3 0
8 17 4 0
8 18 0 0
8 18 1 0
8 18 2 0
8 18 3 0
8 18 4 0
8 19 0 3365
8 19 1 3365
8 19 2 0
8 19 3 0
8 19 4 0
9 0 0 3828
9 0 1 3828
9 0 2 3828
9 0 3 0
9 0 4 0
9 1 0 0
9 1 1 0
9 1 2 0
9 1 3 0
9 1 4 0
9 2 0 0
9 2 1 0
9 2 2 0
9 2 3 0
9 2 4 0
9 3 0 0
9 3 1 0
9 3 2 0
9 3 3 0
9 3 4 0
9 4 0 3265
9 4 1 3265
9 4 2 0
9 4 3 0
9 4 4 0
9 5 0 0
9 5 1 0
9 5 2 0
9 5 3 0
9 5 4 0
9 6 0 0
9 6 1 0
9 6 2 0
9 6 3 0
9 6 4 0
9 7 0 0
9 7 1 0
9 7 2 0
9 7 3 0
9 7 4 0
9 8 0 0
9 8 1 0
9 8 2 0
9 8 3 0
9 8 4 0
9 10 0 4942
9 10 1 4942
9 10 2 4942
9 10 3 0
9 10 4 0
9 11 0 0
9 11 1 0
9 11 2 0
9 11 3 0
9 11 4 0
9 12 0 3159
9 12 1 3159
9 12 2 3159
9 12 3 0
9 12 4 0
9 13 0 0
9 13 1 0
9 13 2 0
9 13 3 0
9 13 4 0
9 14 0 0
9 14 1 0
9 14 2 0
9 14 3 0
9 14 4 0
9 15 0 0
9 15 1 0
9 15 2 0
9 15 3 0
9 15 4 0
9 16 0 0
9 16 1 0
9 16 2 0
9 16 3 0
9 16 4 0
9 17 0 0
9 17 1 0
9 17 2 0
9 17 3 0
9 17 4 0
9 18 0 0
9 18 1 0
9 18 2 0
9 18 3 0
9 18 4 0
9 19 0 0
9 19 1 0
9 19 2 0
9 19 3 0
9 19 4 0
10 0 0 3285
10 0 1 3285
10 0 2 3285
10 0 3 0
10 0 4 0
10 1 0 0
10 1 1 0
10 1 2 0
10 1 3 0
10 1 4 0
10 2 0 0
10 2 1 0
10 2 2 0
10 2 3 0
10 2 4 0
10 3 0 3514
10 3 1 3514
10 3 2 0
10 3 3 0
10 3 4 0
10 4 0 3937
10 4 1 3937
10 4 2 0
10 4 3 0
10 4 4 0
10 5 0 0
10 5 1 0
10 5 2 0
10 5 3 0
10 5 4 0
10 6 0 0
10 6 1 0
10 6 2 0
10 6 3 0
10 6 4 0
10 7 0 0
10 7 1 0
10 7 2 0
10 7 3 0
10 7 4 0
10 8 0 0
10 8 1 0
10 8 2 0
10 8 3 0
10 8 4 0
10 9 0 4942
10 9 1 4942
10 9 2 4942
10 9 3 0
10 9 4 0
10 11 0 0
10 11 1 0
10 11 2 0
10 11 3 0
10 11 4 0
10 12 0 0
10 12 1 0
10 12 2 0
10 12 3 0
10 12 4 0
10 13 0 0
10 13 1 0
10 13 2 0
10 13 3 0
10 13 4 0
10 14 0 0
10 14 1 0
10 14 2 0
10 14 3 0
10 14 4 0
10 15 0 0
10 15 1 0
10 15 2 0
10 15 3 0
10 15 4 0
10 16 0 0
10 16 1 0
10 16 2 0
10 16 3 0
10 16 4 0
10 17 0 0
10 17 1 0
10 17 2 0
10 17 3 0
10 17 4 0
10 18 0 0
10 18 1 0
10 18 2 0
10 18 3 0
10 18 4 0
10 19 0 0
10 19 1 0
10 19 2 0
10 19 3 0
10 19 4 0
11 0 0 0
11 0 1 0
11 0 2 0
11 0 3 0
11 0 4 0
11 1 0 0
11 1 1 0
11 1 2 0
11 1 3 0
11 1 4 0
11 2 0 0
11 2 1 0
11 2 2 0
11 2 3 0
11 2 4 0
11 3 0 0
11 3 1 0
11 3 2 0
11 3 3 0
11 3 4 0
11 4 0 3588
11 4 1 3588
11 4 2 3588
11 4 3 0
11 4 4 0
11 5 0 0
11 5 1 0
11 5 2 0
11 5 3 0
11 5 4 0
11 6 0 0
11 6 1 0
11 6 2 0
11 6 3 0
11 6 4 0
11 7 0 0
11 7 1 0
11 7 2 0
11 7 3 0
11 7 4 0
11 8 0 0
11 8 1 0
11 8 2 0
11 8 3 0
11 8 4 0
11 9 0 0
11 9 1 0
11 9 2 0
11 9 3 0
11 9 4 0
11 10 0 0
11 10 1 0
11 10 2 0
11 10 3 0
11 10 4 0
11 12 0 0
11 12 1 0
11 12 2 0
11 12 3 0
11 12 4 0
11 13 0 0
11 13 1 0
11 13 2 0
11 13 3 0
11 13 4 0
11 14 0 0
11 14 1 0
11 14 2 0
11 14 3 0
11 14 4 0
11 15 0 0
11 15 1 0
11 15 2 0
11 15 3 0
11 15 4 0
11 16 0 0
11 16 1 0
11 16 2 0
11 16 3 0
11 16 4 0
11 17 0 0
11 17 1 0
11 17 2 0
11 17 3 0
11 17 4 0
11 18 0 0
11 18 1 0
11 18 2 0
11 18 3 0
11 18 4 0
11 19 0 0
11 19 1 0
11 19 2 0
11 19 3 0
11 19 4 0
12 0 0 0
12 0 1 0
12 0 2 0
12 0 3 0
12 0 4 0
12 1 0 0
12 1 1 0
12 1 2 0
12 1 3 0
12 1 4 0
12 2 0 0
12 2 1 0
12 2 2 0
12 2 3 0
12 2 4 0
12 3 0 0
12 3 1 0
12 3 2 0
12 3 3 0
12 3 4 0
12 4 0 3789
12 4 1 3789
12 4 2 3789
12 4 3 0
12 4 4 0
12 5 0 0
12 5 1 0
12 5 2 0
12 5 3 0
12 5 4 0
12 6 0 0
12 6 1 0
12 6 2 0
12 6 3 0
12 6 4 0
12 7 0 3530
12 7 1 3530
12 7 2 3530
12 7 3 0
12 7 4 0
12 8 0 0
12 8 1 0
12 8 2 0
12 8 3 0
12 8 4 0
12 9 0 3159
12 9 1 3159
12 9 2 3159
12 9 3 0
12 9 4 0
12 10 0 0
12 10 1 0
12 10 2 0
12 10 3 0
12 10 4 0
12 11 0 0
12 11 1 0
12 11 2 0
12 11 3 0
12 11 4 0
12 13 0 0
12 13 1 0
12 13 2 0
12 13 3 0
12 13 4 0
12 14 0 0
12 14 1 0
12 14 2 0
12 14 3 0
12 14 4 0
12 15 0 0
12 15 1 0
12 15 2 0
12 15 3 0
12 15 4 0
12 16 0 0
12 16 1 0
12 16 2 0
12 16 3 0
12 16 4 0
12 17 0 0
12 17 1 0
12 17 2 0
12 17 3 0
12 17 4 0
12 18 0 0
12 18 1 0
12 18 2 0
12 18 3 0
12 18 4 0
12 19 0 0
12 19 1 0
12 19 2 0
12 19 3 0
12 19 4 0
13 0 0 0
13 0 1 0
13 0 2 0
13 0 3 0
13 0 4 0
13 1 0 3406
13 1 1 3406
13 1 2 3406
13 1 3 0
13 1 4 0
13 2 0 0
13 2 1 0
13 2 2 0
13 2 3 0
13 2 4 0
13 3 0 0
13 3 1 0
13 3 2 0
13 3 3 0
13 3 4 0
13 4 0 0
13 4 1 0
13 4 2 0
13 4 3 0
13 4 4 0
13 5 0 0
13 5 1 0
13 5 2 0
13 5 3 0
13 5 4 0
13 6 0 0
13 6 1 0
13 6 2 0
13 6 3 0
13 6 4 0
13 7 0 4866
13 7 1 4866
13 7 2 4866
13 7 3 0
13 7 4 0
13 8 0 0
13 8 1 0
13 8 2 0
13 8 3 0
13 8 4 0
13 9 0 0
13 9 1 0
13 9 2 0
13 9 3 0
13 9 4 0
13 10 0 0
13 10 1 0
13 10 2 0
13 10 3 0
13 10 4 0
13 11 0 0
13 11 1 0
13 11 2 0
13 11 3 0
13 11 4 0
13 12 0 0
13 12 1 0
13 12 2 0
13 12 3 0
13 12 4 0
13 14 0 0
13 14 1 0
13 14 2 0
13 14 3 0
13 14 4 0
13 15 0 0
13 15 1 0
13 15 2 0
13 15 3 0
13 15 4 0
13 16 0 0
13 16 1 0
13 16 2 0
13 16 3 0
13 16 4 0
13 17 0 0
13 17 1 0
13 17 2 0
13 17 3 0
13 17 4 0
13 18 0 0
13 18 1 0
13 18 2 0
13 18 3 0
13 18 4 0
13 19 0 0
13 19 1 0
13 19 2 0
13 19 3 0
13 19 4 0
14 0 0 0
14 0 1 0
14 0 2 0
14 0 3 0
14 0 4 0
14 1 0 0
14 1 1 0
14 1 2 0
14 1 3 0
14 1 4 0
14 2 0 0
14 2 1 0
14 2 2 0
14 2 3 0
14 2 4 0
14 3 0 3678
14 3 1 3678
14 3 2 3678
14 3 3 0
14 3 4 0
14 4 0 0
14 4 1 0
14 4 2 0
14 4 3 0
14 4 4 0
14 5 0 0
14 5 1 0
14 5 2 0
14 5 3 0
14 5 4 0
14 6 0 0
14 6 1 0
14 6 2 0
14 6 3 0
14 6 4 0
14 7 0 0
14 7 1 0
14 7 2 0
14 7 3 0
14 7 4 0
14 8 0 0
14 8 1 0
14 8 2 0
14 8 3 0
14 8 4 0
14 9 0 0
14 9 1 0
14 9 2 0
14 9 3 0
14 9 4 0
14 10 0 0
14 10 1 0
14 10 2 0
14 10 3 0
14 10 4 0
14 11 0 0
14 11 1 0
14 11 2 0
14 11 3 0
14 11 4 0
14 12 0 0
14 12 1 0
14 12 2 0
14 12 3 0
14 12 4 0
14 13 0 0
14 13 1 0
14 13 2 0
14 13 3 0
14 13 4 0
14 15 0 0
14 15 1 0
14 15 2 0
14 15 3 0
14 15 4 0
14 16 0 0
14 16 1 0
14 16 2 0
14 16 3 0
14 16 4 0
14 17 0 0
14 17 1 0
14 17 2 0
14 17 3 0
14 17 4 0
14 18 0 0
14 18 1 0
14 18 2 0
14 18 3 0
14 18 4 0
14 19 0 0
14 19 1 0
14 19 2 0
14 19 3 0
14 19 4 0
15 0 0 0
15 0 1 0
15 0 2 0
15 0 3 0
15 0 4 0
15 1 0 3361
15 1 1 3361
15 1 2 0
15 1 3 0
15 1 4 0
15 2 0 0
15 2 1 0
15 2 2 0
15 2 3 0
15 2 4 0
15 3 0 3158
15 3 1 3158
15 3 2 0
15 3 3 0
15 3 4 0
15 4 0 0
15 4 1 0
15 4 2 0
15 4 3 0
15 4 4 0
15 5 0 0
15 5 1 0
15 5 2 0
15 5 3 0
15 5 4 0
15 6 0 0
15 6 1 0
15 6 2 0
15 6 3 0
15 6 4 0
15 7 0 0
15 7 1 0
15 7 2 0
15 7 3 0
15 7 4 0
15 8 0 0
15 8 1 0
15 8 2 0
15 8 3 0
15 8 4 0
15 9 0 0
15 9 1 0
15 9 2 0
15 9 3 0
15 9 4 0
15 10 0 0
15 10 1 0
15 10 2 0
15 10 3 0
15 10 4 0
15 11 0 0
15 11 1 0
15 11 2 0
15 11 3 0
15 11 4 0
15 12 0 0
15 12 1 0
15 12 2 0
15 12 3 0
15 12 4 0
15 13 0 0
15 13 1 0
15 13 2 0
15 13 3 0
15 13 4 0
15 14 0 0
15 14 1 0
15 14 2 0
15 14 3 0
15 14 4 0
15 16 0 0
15 16 1 0
15 16 2 0
15 16 3 0
15 16 4 0
15 17 0 0
15 17 1 0
15 17 2 0
15 17 3 0
15 17 4 0
15 18 0 0
15 18 1 0
15 18 2 0
15 18 3 0
15 18 4 0
15 19 0 0
15 19 1 0
15 19 2 0
15 19 3 0
15 19 4 0
16 0 0 0
16 0 1 0
16 0 2 0
16 0 3 0
16 0 4 0
16 1 0 0
16 1 1 0
16 1 2 0
16 1 3 0
16 1 4 0
16 2 0 0
16 2 1 0
16 2 2 0
16 2 3 0
16 2 4 0
16 3 0 0
16 3 1 0
16 3 2 0
16 3 3 0
16 3 4 0
16 4 0 0
16 4 1 0
16 4 2 0
16 4 3 0
16 4 4 0
16 5 0 0
16 5 1 0
16 5 2 0
16 5 3 0
16 5 4 0
16 6 0 0
16 6 1 0
16 6 2 0
16 6 3 0
16 6 4 0
16 7 0 0
16 7 1 0
16 7 2 0
16 7 3 0
16 7 4 0
16 8 0 3971
16 8 1 3971
16 8 2 0
16 8 3 0
16 8 4 0
16 9 0 0
16 9 1 0
16 9 2 0
16 9 3 0
16 9 4 0
16 10 0 0
16 10 1 0
16 10 2 0
16 10 3 0
16 10 4 0
16 11 0 0
16 11 1 0
16 11 2 0
16 11 3 0
16 11 4 0
16 12 0 0
16 12 1 0
16 12 2 0
16 12 3 0
16 12 4 0
16 13 0 0
16 13 1 0
16 13 2 0
16 13 3 0
16 13 4 0
16 14 0 0
16 14 1 0
16 14 2 0
16 14 3 0
16 14 4 0
16 15 0 0
16 15 1 0
16 15 2 0
16 15 3 0
16 15 4 0
16 17 0 0
16 17 1 0
16 17 2 0
16 17 3 0
16 17 4 0
16 18 0 0
16 18 1 0
16 18 2 0
16 18 3 0
16 18 4 0
16 19 0 0
16 19 1 0
16 19 2 0
16 19 3 0
16 19 4 0
17 0 0 0
17 0 1 0
17 0 2 0
17 0 3 0
17 0 4 0
17 1 0 0
17 1 1 0
17 1 2 0
17 1 3 0
17 1 4 0
17 2 0 0
17 2 1 0
17 2 2 0
17 2 3 0
17 2 4 0
17 3 0 0
17 3 1 0
17 3 2 0
17 3 3 0
17 3 4 0
17 4 0 0
17 4 1 0
17 4 2 0
17 4 3 0
17 4 4 0
17 5 0 0
17 5 1 0
17 5 2 0
17 5 3 0
17 5 4 0
17 6 0 0
17 6 1 0
17 6 2 0
17 6 3 0
17 6 4 0
17 7 0 0
17 7 1 0
17 7 2 0
17 7 3 0
17 7 4 0
17 8 0 0
17 8 1 0
17 8 2 0
17 8 3 0
17 8 4 0
17 9 0 0
17 9 1 0
17 9 2 0
17 9 3 0
17 9 4 0
17 10 0 0
17 10 1 0
17 10 2 0
17 10 3 0
17 10 4 0
17 11 0 0
17 11 1 0
17 11 2 0
17 11 3 0
17 11 4 0
17 12 0 0
17 12 1 0
17 12 2 0
17 12 3 0
17 12 4 0
17 13 0 0
17 13 1 0
17 13 2 0
17 13 3 0
17 13 4 0
17 14 0 0
17 14 1 0
17 14 2 0
17 14 3 0
17 14 4 0
17 15 0 0
17 15 1 0
17 15 2 0
17 15 3 0
17 15 4 0
17 16 0 0
17 16 1 0
17 16 2 0
17 16 3 0
17 16 4 0
17 18 0 0
17 18 1 0
17 18 2 0
17 18 3 0
17 18 4 0
17 19 0 0
17 19 1 0
17 19 2 0
17 19 3 0
17 19 4 0
18 0 0 0
18 0 1 0
18 0 2 0
18 0 3 0
18 0 4 0
18 1 0 0
18 1 1 0
18 1 2 0
18 1 3 0
18 1 4 0
18 2 0 0
18 2 1 0
18 2 2 0
18 2 3 0
18 2 4 0
18 3 0 0
18 3 1 0
18 3 2 0
18 3 3 0
18 3 4 0
18 4 0 3794
18 4 1 3794
18 4 2 3794
18 4 3 0
18 4 4 0
18 5 0 0
18 5 1 0
18 5 2 0
18 5 3 0
18 5 4 0
18 6 0 0
18 6 1 0
18 6 2 0
18 6 3 0
18 6 4 0
18 7 0 0
18 7 1 0
18 7 2 0
18 7 3 0
18 7 4 0
18 8 0 0
18 8 1 0
18 8 2 0
18 8 3 0
18 8 4 0
18 9 0 0
18 9 1 0
18 9 2 0
18 9 3 0
18 9 4 0
18 10 0 0
18 10 1 0
18 10 2 0
18 10 3 0
18 10 4 0
18 11 0 0
18 11 1 0
18 11 2 0
18 11 3 0
18 11 4 0
18 12 0 0
18 12 1 0
18 12 2 0
18 12 3 0
18 12 4 0
18 13 0 0
18 13 1 0
18 13 2 0
18 13 3 0
18 13 4 0
18 14 0 0
18 14 1 0
18 14 2 0
18 14 3 0
18 14 4 0
18 15 0 0
18 15 1 0
18 15 2 0
18 15 3 0
18 15 4 0
18 16 0 0
18 16 1 0
18 16 2 0
18 16 3 0
18 16 4 0
18 17 0 0
18 17 1 0
18 17 2 0
18 17 3 0
18 17 4 0
18 19 0 0
18 19 1 0
18 19 2 0
18 19 3 0
18 19 4 0
19 0 0 0
19 0 1 0
19 0 2 0
19 0 3 0
19 0 4 0
19 1 0 0
19 1 1 0
19 1 2 0
19 1 3 0
19 1 4 0
19 2 0 0
19 2 1 0
19 2 2 0
19 2 3 0
19 2 4 0
19 3 0 3567
19 3 1 3567
19 3 2 3567
19 3 3 0
19 3 4 0
19 4 0 0
19 4 1 0
19 4 2 0
19 4 3 0
19 4 4 0
19 5 0 3806
19 5 1 3806
19 5 2 0
19 5 3 0
19 5 4 0
19 6 0 0
19 6 1 0
19 6 2 0
19 6 3 0
19 6 4 0
19 7 0 0
19 7 1 0
19 7 2 0
19 7 3 0
19 7 4 0
19 8 0 3365
19 8 1 3365
19 8 2 0
19 8 3 0
19 8 4 0
19 9 0 0
19 9 1 0
19 9 2 0
19 9 3 0
19 9 4 0
19 10 0 0
19 10 1 0
19 10 2 0
19 10 3 0
19 10 4 0
19 11 0 0
19 11 1 0
19 11 2 0
19 11 3 0
19 11 4 0
19 12 0 0
19 12 1 0
19 12 2 0
19 12 3 0
19 12 4 0
19 13 0 0
19 13 1 0
19 13 2 0
19 13 3 0
19 13 4 0
19 14 0 0
19 14 1 0
19 14 2 0
19 14 3 0
19 14 4 0
19 15 0 0
19 15 1 0
19 15 2 0
19 15 3 0
19 15 4 0
19 16 0 0
19 16 1 0
19 16 2 0
19 16 3 0
19 16 4 0
19 17 0 0
19 17 1 0
19 17 2 0
19 17 3 0
19 17 4 0
19 18 0 0
19 18 1 0
19 18 2 0
19 18 3 0
19 18 4 0

