200 4 16 2646

   0 1081 1103 1319 1000 1026 1254  987 1687 1237  990 1744 1366 1311 1012 1189  906 1285 1200 1380  933 1081 1574 1508 1336 1299 1347 1581 1315 1047 1325 1154 1544 1051 1531 1107 1444 1189 1467 1351 1204 1329  971 1145 1221 1152  994 1307 1256 1748  844 1274 1393 1424  937 1384 1334 1071  873 1404 1086 1664 1322 1173 1489 1578 1498 1734 1479 1239 1545 1204  931 1379 1061 1411  945 1061 1294 1375  872 1678 1478 1546 1009 1299 1383 1230 1290 1628 1159 1002  978 1320 1473 1125 1378 1262 1145 1236 1215 1531 1383  974 1397 1241 1132 1361 1317 1297 1360 1588 1335 1167 1299 1214  997 1493  897 1338  966 1472 1111 1336  980 1644 1237 1236  838 1173  989 1730 1282  979 1181 1691  960 1242  878 1602 1328 1335 1181 1382 1385 1060 1258 1206 1340  908 1369 1671 1166 1545 1098 1017 1088 1171 1348 1229 1343 1386  929 1555 1508 1492 1433 1331  882 1091  895 1282  835 1633  945  828 1157 1446  825 1428 1060  946  893  915 1064  813 1262 1205 1440 1545 1246 1531 1443 1306 1108 1357  867  873 1554 1182 
1081    0  905 1341 1089 1018 1163  869 1337 1300  950 1666 1408 1401  887 1306 1107 1313 1293 1208 1084  944 1444 1602 1442 1112 1173 1478 1309 1114 1260  965 1687  930 1322 1237 1629 1181 1481 1286 1358 1191  891 1171 1309 1292 1109 1219 1167 1455 1078 1287 1390 1518 1113 1649 1095 1033  840 1399 1031 1389 1474 1113 1586 1543 1541 1591 1603 1162 1563 1383 1032 1115  934 1184  954 1143 1695 1371  962 1649 1454 1587  959 1268 1269 1473 1233 1647 1257 1039 1070 1336 1507 1148 1382 1109  850 1244 1122 1398 1319  873 1503 1292 1124 1298 1314 1184 1260 1443 1582 1174 1370 1223 1026 1485  924 1476 1026 1221 1076 1366 1138 1583 1290 1319  939 1090  946 1545 1200  825 1350 1745 1009 1235 1077 1558 1429 1355 1192 1518 1372 1046 1305 1414 1300  983 1273 1540 1289 1485 1112  998 1242 1421 1388 1294 1324 1293 1096 1443 1495 1758 1402 1403 1141 1040 1094 1081  830 1655 1013  906 1166 1446 1062 1161  982 1034  961  964  995  901 1319 1255 1552 1334 1139 1614 1241 1302 1018 1170 1044  956 1395 1251 
1103  905    0  910  770  772  944  594 1317 1025  809 1193 1036 1148  864  879  722 1054 1172  942  854  776 1205 1151  995 1087  958 1275  909  848 1055  795 1145  841 1248 1064 1319  862 1282 1115  868  924  588  887  943 1084  643 1092 1009 1184  709 1090  849 1218  573 1280  983  702  567 1098  740 1271 1154 1025 1224 1312 1359 1365 1182 1050 1353  859  710  918  644 1035  625  834 1192 1059  579 1244 1210 1398  784  919  952  925  961 1255  877  600  653 1108 1293  929 1201  987  642 1024  872 1218 1205  716 1107 1074  591  855 1047  874 1198 1223 1277  845  877 1000  596 1153  777 1161  704 1119  746  933  840 1205  921  928  777  861  783 1398 1129  765 1081 1378  703  922  703 1267 1295 1191 1072 1290 1036  790  878  890 1121  685 1042 1054 1143 1361  797  813 1177 1145  959  827  926 1081  859 1316 1059 1206 1350 1044  718  629  843  978  754 1453  601  701  972 1091  644  949  793  654  662  783  827  822 1130  992 1198 1329  936 1234 1034 1007  727 1086  702  760 1204  920 
1319 1341  910    0  865 1110 1295 1005 1736 1388 1066 1492 1254 1251 1022 1391 1089 1285 1411 1177 1077 1066 1426 1519 1149 1377 1212 1535 1169  980 1275 1005 1697  838 1572 1223 1516 1436 1458 1104 1295 1333 1172 1206 1302 1208 1094 1131 1369 1588 1081 1164 1175 1525  860 1317 1114  900 1120 1484 1011 1459 1342 1383 1533 1497 1566 1444 1483 1262 1442 1214  859 1326  897 1306 1000  949 1348 1209  967 1513 1606 1523  920 1141 1234 1378 1410 1614 1185 1107 1114 1440 1530 1386 1474 1173  838 1209 1290 1384 1415 1028 1616 1108  931 1310 1257 1293 1268 1269 1569 1325 1288 1207 1127 1308 1104 1612  974 1119 1092 1328 1018 1576 1427 1133 1041 1110 1056 1666 1299  943 1380 1594 1122 1348  904 1440 1589 1556 1298 1549 1336 1086 1238 1352 1308  970 1325 1359 1175 1523 1129 1057 1416 1122 1251 1117 1218 1150 1121 1499 1674 1648 1524 1354 1052 1086  957 1291  939 1425 1062 1040 1220 1364  945 1201 1019  890 1072  942  892 1053 1240 1211 1730 1650 1289 1558 1235 1241  997 1289 1055 1022 1420 1392 
1000 1089  770  865    0  668 1043  604 1376  935  853 1274 1065  865  718 1167  752 1053 1122 1098  672  820 1236 1180  983  854 1127 1414 1078  671  906  711 1149  641 1333 1034 1422 1111 1182  911  822 1060  711 1062  861 1003  604  971 1125 1349  607  844 1157 1239  730 1314  964  798  794 1267  840 1461 1210 1106 1213 1301 1274 1125 1206 1086 1209  977  759  962  701 1035  833  684 1223 1058  621 1331 1403 1336  759  941  988  874  887 1199  975  627  680 1208 1024 1055 1383  807  579 1082  890 1239 1132  813 1221 1006  738 1079 1073  946  932 1211 1240 1090  850  884  659 1212  641 1334  726 1031  714  946  613 1178  931 1067  610  889  687 1187 1070  816  996 1176  764 1042  729 1288 1410 1118 1130 1201  967  628  984 1077 1046  690  921 1209 1060 1442  862  718  962  981  925 1148  913  873  790 1047 1230 1134 1250  904  875  713  560  816  733 1042  799  547  849 1357  766  824  731  563  632  732  651  683 1084 1053 1176 1400  966 1093  898 1030  694  918  855  703 1328 1074 
1026 1018  772 1110  668    0 1099  632 1330 1083  658 1327  984  864  815  998  687  979  930 1117  836  617 1439 1332  964 1121 1017 1273 1045  635 1029  681 1149  815 1211  959 1450 1120 1131 1031 1145 1011  658 1042 1091 1147  838 1015  898 1360  627  979  939 1250  776 1235  886  688  721 1412  694 1451 1234 1137 1224 1233 1221 1421 1401  954 1476 1083  686 1130  610  968  791  655 1212  890  631 1364 1158 1135  617  982  998  854 1034 1205  795  620  717 1246 1177  931 1405 1009  563  931  902 1165 1256  698 1101  899  745  905  904  854 1152 1082 1243 1133 1012  932  771 1303  657 1269  630 1034  645 1020  671 1231  967  960  812  891  832 1339  937  830  847 1176  876 1174  839 1079 1294 1232 1080 1077 1037  620 1128  878  911  885 1083 1204 1070 1300  739  756  883  984 1001 1047 1164  988  658 1286 1162 1129 1208  981  776  592  830  951  766 1170  621  658  964 1269  665  909  789  790  854  728  834  823 1030  996 1170 1403 1067 1227 1050 1084  773  951  638  804 1169 1005 
1254 1163  944 1295 1043 1099    0 1092 1453 1250 1004 1572 1234 1201 1120 1134  932 1298 1275 1223 1000 1000 1528 1641 1385 1272 1337 1441 1333 1035 1410 1024 1438  825 1633 1229 1735 1270 1277 1396 1199 1193  917 1326 1250 1235 1145 1140 1438 1548 1135 1332 1310 1690 1175 1547 1271 1109  953 1442  945 1517 1619 1356 1453 1407 1544 1360 1430 1177 1336 1172 1118 1268  854 1396  901  919 1451 1192 1082 1428 1321 1489  949 1308 1320 1219 1299 1606 1259  915  970 1721 1500 1099 1376 1137  946 1166 1230 1543 1628  891 1492 1269 1050 1137 1278 1270 1123 1357 1401 1085 1298 1195  989 1468  998 1436  874 1299 1090 1305  850 1480 1359 1299  957 1161 1126 1663 1438 1055 1291 1605  999 1303  936 1451 1619 1535 1296 1494 1264  965 1224 1221 1275  818 1250 1376 1141 1450  998 1081 1381 1336 1173 1401 1318 1431  946 1566 1443 1620 1658 1264  926 1102  938 1164  950 1492  887  972 1232 1541 1004 1227  952 1040  975  942 1084  946 1336 1385 1465 1487 1147 1706 1302 1228 1197 1395 1013 1088 1537 1076 
 987  869  594 1005  604  632 1092    0 1252 1095  642 1170 1091 1030  671 1075  722  954  835  936  846  703 1203 1302  899 1060  999 1268  921  603 1021  709 1049  670 1265  910 1184 1128 1031  950  978  959  781  884 1078 1063  789 1117  986 1127  678  955 1056 1241  808 1344  962  669  662 1291  747 1212 1217  893 1245 1202 1154 1168 1105 1135 1306  819  849 1016  787 1052  690  701 1413  990  686 1251 1150 1245  839  928 1038 1120  921 1264 1051  811  757 1270 1388  953 1250 1156  793 1075  976 1227 1168  799 1333  877  743 1121  967  898  938 1150 1301  945  917  845  828 1282  715 1111  839  841  767  949  803 1083  900 1065  790  902  794 1333  922  758 1122 1205  746  917  612 1270 1378 1181  920 1313  794  840  824  918  930  856  925 1189 1179 1087  846  644 1117  828  983  884 1115 1083  884 1402 1159 1291  995  925  839  581  780 1087  612 1321  766  715  852 1440  649  988  761  551  693  807  836  590 1157  953 1469 1403  922 1364 1102  978  737  985  836  762 1338  993 
1687 1337 1317 1736 1376 1330 1453 1252    0 1332 1060 1698 1464 1458 1026 1434 1293 1613 1555 1445 1067 1244 1785 1832 1565 1541 1407 1994 1679 1313 1382 1309 1713 1233 1491 1385 1827 1503 1875 1777 1297 1652 1205 1643 1575 1676 1274 1653 1440 1545 1277 1457 1543 1506 1322 1768 1540 1239 1261 1668 1136 1841 1724 1543 1872 1992 1570 1766 1909 1578 1598 1554 1312 1624 1239 1452 1225 1329 1629 1527 1315 1620 1800 1654 1213 1492 1614 1357 1571 1725 1717 1071 1052 1699 1767 1396 1725 1640 1234 1533 1347 1806 1715 1176 1716 1543 1032 1489 1613 1560 1549 1756 1829 1414 1751 1490 1379 1971 1256 1669 1106 1482 1094 1414 1401 1785 1512 1495 1225 1627 1368 1748 1408 1361 1526 2017 1173 1576 1130 1784 1705 1762 1384 1547 1353 1377 1431 1468 1486 1086 1564 1661 1490 1829 1227 1081 1740 1430 1408 1351 1498 1697 1353 1701 1854 1542 1843 1428 1129 1226 1440 1418 1161 1728 1106 1120 1452 1792 1271 1643 1237 1258 1240 1147 1122 1114 1467 1559 1960 1539 1569 1782 1631 1438 1403 1430 1264 1432 1994 1603 
1237 1300 1025 1388  935 1083 1250 1095 1332    0 1077 1655 1082 1087 1091 1111  880 1213 1099 1282 1084  806 1547 1594 1229 1141 1272 1611 1160  931 1321  864 1551  891 1596 1313 1548 1269 1389 1296 1269 1374 1120 1160 1364 1376 1033 1188 1274 1544 1081 1128 1209 1518 1037 1439 1179 1067  923 1457  901 1564 1546 1151 1373 1398 1570 1502 1587 1175 1484 1321 1112 1157 1071 1356 1164  982 1547 1229  932 1434 1648 1349  858 1241 1224 1222 1168 1489 1239  885 1011 1560 1424 1073 1447 1124  921 1158 1311 1423 1448  933 1305 1100  962 1351 1328 1394 1240 1750 1450 1359 1377 1397 1002 1589  949 1434 1086 1129 1084 1336 1055 1682 1294 1311 1067 1291  880 1591 1333  996 1304 1505  974 1300  977 1412 1600 1477 1155 1462 1158  992 1206 1402 1199  948 1344 1499 1225 1489 1031 1113 1141 1261 1469 1392 1163 1412  934 1371 1388 1477 1394 1310  992  865  943 1315  912 1365 1064  936 1252 1556  884 1196 1001  842 1057 1058 1097  883 1084 1358 1617 1586 1189 1441 1440 1449  952 1181 1122  913 1616 1333 
 990  950  809 1066  853  658 1004  642 1060 1077    0 1458 1059  931  856  957  745 1086 1133  895  739  636 1094 1208 1156  919  982 1097  999  582 1012  697 1310  766 1253 1083 1190  967 1293  960 1056 1094  788 1032 1037  913  797 1076  958 1108  603  972 1168 1226  774 1229 1011  580  713 1164  639 1289 1216  949 1201 1301 1225 1111 1182  984 1286 1036  597  938  830  841  727  727 1115 1084  674 1351 1399 1191  869 1117 1019 1118 1052 1402  958  606  575 1277 1392 1013 1294 1079  698  841  919 1368 1386  652 1268 1083  648  906 1024 1041  897 1192 1241 1059 1128  996  821 1235  763 1181  637  968  691 1176  771 1291  881 1081  598 1062  779 1166 1022  746 1195 1369  725 1103  817 1308 1049 1357 1051 1348  974  629 1067 1066  887  772  987 1250  872 1060  642  744 1010  997  835 1081 1028  959  713 1194 1194 1221 1181  933  677  717  752 1045  678 1141  845  623 1028 1309  633  968  612  747  712  599  721  697  928 1026 1128 1406  942 1071  864 1123  611 1106  742  605 1324  961 
1744 1666 1193 1492 1274 1327 1572 1170 1698 1655 1458    0 1372 1406 1413 1491 1223 1451 1660 1449 1279 1397 1697 1797 1333 1489 1699 1675 1644 1173 1419 1221 1712 1284 1696 1623 1497 1391 1650 1560 1576 1670 1246 1550 1686 1551 1190 1465 1399 1940 1281 1421 1509 1691 1148 1643 1661 1314 1396 1740 1125 1991 1857 1649 1748 1724 1971 1655 1828 1467 1697 1443 1121 1515 1328 1669 1264 1159 1625 1541 1299 2015 1908 1947 1017 1542 1517 1530 1601 1536 1352 1377 1168 1751 1757 1452 1630 1706 1361 1587 1678 1827 1851 1195 1978 1546 1265 1510 1439 1569 1444 1784 1853 1499 1482 1537 1311 1626 1243 1912 1301 1486 1242 1377 1184 1609 1460 1547 1131 1400 1316 1715 1622 1133 1629 1641 1295 1542 1228 1694 1705 1641 1368 1769 1601 1307 1600 1495 1456 1174 1280 1877 1665 1869 1277 1312 1743 1594 1688 1646 1527 1444 1356 1713 1879 1637 1776 1546 1239 1269 1340 1693 1320 1831 1279 1213 1535 1617 1435 1597 1255 1168 1122 1252 1148 1330 1682 1532 1550 1821 1717 1737 1522 1592 1205 1578 1253 1224 1825 1490 
1366 1408 1036 1254 1065  984 1234 1091 1464 1082 1059 1372    0 1447  949 1334 1123 1303 1258 1412 1141  999 1518 1348 1350 1336 1334 1337 1225 1090 1177  952 1435 1054 1452 1079 1593 1227 1559 1249 1183 1285 1011 1270 1147 1218 1072 1238 1243 1554  888 1183 1273 1435  957 1397 1358 1016 1039 1367 1045 1540 1504 1283 1636 1534 1475 1620 1541 1087 1512 1225  910 1210  955 1150 1138 1026 1630 1208 1051 1591 1419 1442  943 1227 1300 1223 1386 1489 1347  965 1168 1380 1433 1278 1479 1251 1124 1191 1354 1624 1469 1020 1542 1135 1053 1164 1258 1274 1107 1511 1624 1422 1233 1230  980 1581 1008 1539  938 1288  994 1060  955 1673 1244 1242  999 1113 1084 1453 1403 1126 1298 1549 1018 1189  977 1443 1463 1538 1213 1616 1391 1072 1340 1254 1258  989 1126 1425 1229 1513  925 1018 1385 1199 1260 1396 1240 1273  911 1261 1409 1436 1531 1394 1012 1067  858 1417  901 1300  858 1115 1230 1626  907 1158  914  914  997 1012  981  972 1372 1188 1531 1280 1193 1424 1211 1343  829 1071  985 1119 1472 1263 
1311 1401 1148 1251  865  864 1201 1030 1458 1087  931 1406 1447    0 1011 1218 1074 1109 1405 1120 1130 1153 1475 1630 1296 1398 1187 1613 1219 1125 1308 1097 1492  908 1548 1338 1529 1488 1345 1392 1312 1226 1023 1163 1178 1193 1102 1239 1350 1456 1027 1330 1119 1453  935 1538 1331  972 1041 1675 1124 1408 1482 1222 1301 1623 1472 1521 1621 1239 1470 1142 1003 1273 1052 1399  961  970 1567 1164 1064 1539 1498 1608  869 1341 1367 1198 1216 1557 1257  992  988 1625 1533 1177 1313 1202  967 1311 1159 1547 1422 1060 1461 1415 1046 1444 1157 1346 1462 1636 1541 1372 1187 1265  865 1502  906 1471 1010 1184 1020 1354  984 1524 1325 1333  848 1177 1137 1663 1155  956 1228 1673  862 1267  888 1471 1398 1590 1342 1450 1356 1042 1211 1247 1269  844 1330 1672 1309 1598 1003 1089 1313 1260 1115 1256 1359 1433  857 1682 1512 1384 1513 1160 1089  875  979 1189  962 1551  975  860 1248 1416  821 1197  861  931 1127  967  927  915 1150 1298 1478 1513 1238 1543 1180 1231 1065 1441  928 1007 1545 1181 
1012  887  864 1022  718  815 1120  671 1026 1091  856 1413  949 1011    0 1068  617 1094 1100  926  653  784 1153 1354 1021 1017 1041 1264 1172  682  923  724 1120  693 1158 1039 1173  878 1242  942  962  946  880  967 1141  932  843  983 1188 1228  768 1106  850 1221  650 1280  988  611  809 1307  677 1334 1248  913 1276 1275 1247 1186 1213  841 1272 1016  648  945  679  979  687  663 1271  890  706 1344 1241 1085  779  872 1089  884  978 1076 1166  684  813 1279 1261  871 1251  999  839 1134 1053 1241 1222  627 1169  872  835 1070  908  828 1116 1218 1194  864  961 1082  576 1092  811 1177  601 1066  748  958  720 1331 1060 1084  648  931  726 1310  918  764 1157 1285  738  964  657 1115 1249 1172 1006 1271  879  683  883  991  926  803  861 1224 1022 1182  583  721 1107  998  962 1080  919  826  713 1133 1178 1336 1334  889  651  768  724  932  836 1255  829  565  835 1111  557 1035  660  777  697  632  838  596 1093 1055 1205 1026 1086 1199 1006 1031  561 1129  812  725 1144  976 
1189 1306  879 1391 1167  998 1134 1075 1434 1111  957 1491 1334 1218 1068    0  854 1268 1369 1378  979 1009 1407 1392 1301 1295 1137 1594 1366  997 1319 1032 1617  946 1532 1334 1566 1431 1397 1260 1371 1440  836 1279 1203 1129 1127 1251 1226 1462 1067 1122 1322 1363  953 1639 1330 1027  935 1588  930 1638 1578 1331 1641 1301 1559 1295 1425 1096 1448 1309  859 1294  926 1325 1002  920 1626 1399 1130 1715 1623 1436  911 1320 1331 1295 1182 1365 1219  995 1076 1495 1565 1097 1505 1208  936 1258 1294 1676 1463  899 1592 1178 1008 1256 1350 1104 1298 1334 1603 1345 1293 1266  922 1465  797 1527 1042 1105 1011 1313 1023 1508 1139 1407  986 1290  934 1600 1094  862 1313 1624 1055 1380  953 1413 1543 1475 1165 1653 1331  830 1334 1308 1313  846 1213 1329 1123 1482  912 1119 1338 1184 1261 1249 1188 1403  891 1421 1694 1450 1438 1372  910 1022 1003 1213  935 1427  905 1048 1385 1285 1172 1219  973 1062  910  914  922 1021 1120 1324 1452 1516 1217 1741 1153 1256 1071 1331  961  950 1467 1275 
 906 1107  722 1089  752  687  932  722 1293  880  745 1223 1123 1074  617  854    0  938  960  885  668  604 1333 1032 1043  901 1118 1070  996  682  997  756 1214  687 1054  973 1302  954 1340  955 1047  894  694 1085  962  957  794  961 1036 1193  810 1011 1067 1073  845 1308  980  619  689 1311  811 1119 1382  909 1317 1044 1176 1232 1237  930 1249  943  694 1028  562 1018  785  652 1263  935  648 1046 1214 1139  851  889  855 1090  900 1259  939  727  817 1419 1188 1065 1322 1016  653  861 1154 1312 1282  740 1389 1025  614 1093  958  929  948 1186 1206  875 1021  948  581 1274  613 1180  640  908  810  977  793 1296  947  929  695  856  757 1225 1087  612  863 1209  650  982  782 1310 1281 1303  970 1261  977  664 1016  977 1054  611 1141 1282 1111 1191  630  608  798  844  894 1091 1127  973  592 1238 1339 1045 1348 1021  652  609  728  990  781 1240  815  837 1067 1313  787 1080  682  870  648  683  759  830 1030 1012 1342 1279 1037 1086  915  918  645  872  664  839 1386  876 
1285 1313 1054 1285 1053  979 1298  954 1613 1213 1086 1451 1303 1109 1094 1268  938    0 1326 1180 1074  817 1483 1368 1432 1236 1235 1527 1237  909 1288  840 1535 1017 1297 1287 1586 1078 1557 1435 1260 1202  862 1140 1255 1430  929 1069 1358 1446  927 1200 1376 1766  849 1638 1278 1075 1099 1629 1087 1385 1487 1349 1343 1513 1656 1513 1397 1406 1601 1274  935 1406 1025 1398  962  856 1567 1274  961 1528 1376 1573  930 1144 1239 1261 1192 1630 1255 1109  979 1459 1533 1274 1440 1395  983 1458 1324 1424 1538 1078 1505 1218  917 1088 1436 1292 1261 1316 1533 1124 1302 1347  926 1614 1053 1481 1112 1400 1123 1237  874 1488 1335 1364  904 1409 1052 1319 1184  932 1228 1473  898 1328  992 1498 1501 1638 1093 1430 1327 1091 1331 1332 1380  845 1231 1578 1232 1453  980  945 1173 1365 1291 1220 1169 1268 1144 1532 1674 1540 1473 1162 1151  957  910 1331  972 1402 1198 1059 1194 1680  895 1309 1085 1059 1017 1073  896 1066 1492 1208 1415 1582 1133 1473 1140 1175 1124 1269 1081 1023 1373 1350 
1200 1293 1172 1411 1122  930 1275  835 1555 1099 1133 1660 1258 1405 1100 1369  960 1326    0 1248  829 1069 1644 1408 1245 1410 1314 1678 1176 1116 1342  905 1295 1000 1492 1243 1632 1328 1647 1110 1123 1173  916 1223 1420 1391  969 1468 1268 1574  966 1328 1212 1420 1070 1543 1339  884  832 1498  994 1339 1677 1097 1455 1310 1361 1366 1603 1313 1363 1175  901 1159  999 1276 1060 1100 1572 1468  833 1383 1473 1458 1098 1141 1141 1225 1369 1323 1175  920  984 1705 1454 1069 1406 1386 1014 1351 1347 1442 1444 1105 1353 1228  995 1379 1152 1184 1450 1463 1427 1335 1225 1323 1099 1454  907 1548 1037 1259 1070 1140 1028 1450 1237 1374 1123 1389 1162 1539 1199 1096 1440 1438 1045 1116  853 1377 1472 1469 1239 1341 1266  877 1160 1239 1131 1079 1348 1548 1157 1468 1113  942 1347 1181 1379 1351 1395 1120  933 1489 1454 1455 1606 1142 1158  961  892 1213  971 1696  933  916 1140 1552 1128 1286  892 1056 1116 1003  936  972 1146 1399 1742 1525 1258 1445 1230 1284  801 1380  904 1093 1406 1290 
1380 1208  942 1177 1098 1117 1223  936 1445 1282  895 1449 1412 1120  926 1378  885 1180 1248    0 1121  910 1582 1456 1217 1373 1352 1400 1416 1019 1130 1012 1615 1005 1418 1423 1614 1329 1382 1122 1110 1165  881 1258 1039 1284  946 1266 1108 1705 1022 1220 1416 1609 1087 1519 1182 1031  899 1591 1143 1367 1619 1276 1348 1737 1675 1401 1478 1275 1531 1434 1195 1130 1060 1427  968  970 1505 1161  995 1534 1391 1311  949 1339 1333 1358 1254 1510 1298 1059  914 1488 1576 1243 1495 1319  964 1108 1218 1607 1272  955 1631 1323  976 1400 1304 1287 1346 1421 1487 1322 1376 1123 1139 1657  963 1626 1041 1340  937 1265  887 1739 1281 1082 1026 1155 1096 1579 1400 1068 1267 1590 1034 1319 1110 1572 1510 1462 1132 1360 1301 1016 1213 1197 1226  970 1345 1641 1198 1553  908 1059 1368 1128 1264 1181 1158 1192 1113 1532 1370 1433 1530 1114  959  913 1122 1269 1037 1505 1194  929 1307 1387 1057 1286  976  897  922  924 1127  852 1455 1273 1696 1360 1409 1380 1286 1310  944 1337 1059 1149 1391 1354 
 933 1084  854 1077  672  836 1000  846 1067 1084  739 1279 1141 1130  653  979  668 1074  829 1121    0  780 1236 1341 1101 1166  889 1224 1019  773  901  802 1417  734 1234  930 1156  888 1223 1020 1115 1074  675  937  986 1023  734 1106 1034 1422  632  867  932 1120  596 1404  988  677  608 1336  807 1138 1330  999 1235 1309 1303 1305 1223  995 1289 1016  618  939  641 1039  795  598 1241 1114  835 1280 1125 1195  827 1055  995  872 1136 1150 1053  749  719 1334 1181  844 1104 1098  825 1014  917 1423 1338  695 1309  883  640  968 1067 1055  911 1280 1269  955 1057  938  681 1197  741 1079  633 1009  759  921  610 1211  987 1016  611 1139  742 1216  985  769 1182 1376  581  893  726 1199 1172 1393 1002 1207  916  639 1053  866  925  613 1013 1204 1027 1424  824  743  864  856 1112  917 1070  888  714 1232 1349 1364 1409 1102  677  867  800  984  776 1234  625  763  891 1185  718 1130  832  786  842  578  799  863 1053 1054 1290 1225  961 1206  850 1026  719  910  837  592 1167  927 
1081  944  776 1066  820  617 1000  703 1244  806  636 1397  999 1153  784 1009  604  817 1069  910  780    0 1178 1131  985  920  939 1353  978  817 1044  552 1121  702 1366  959 1228  847 1327  863  977  922  840 1027 1052 1098  586  887  838 1317  684  894 1003 1270  592 1199  917  597  615 1344  702 1370 1335  901 1204 1340 1270 1200 1108  968 1305  883  823  853  793 1002  827  815 1433 1183  611 1414 1211 1136  821  959 1097 1000  921 1176  933  705  760 1330 1247 1080 1331 1132  679  996 1070 1249 1259  841 1217 1091  634 1001  907 1099 1112 1286 1175 1031 1022  931  795 1478  812 1172  727 1031  762 1048  725 1391  976  900  683 1161  655 1186  940  579 1052 1079  710  978  649 1121 1178 1190 1093 1146 1068  724  905  923 1077  716 1058 1328  876 1190  785  795 1016 1029 1002  960 1141 1002  671 1250 1196 1389 1097  906  804  665  826  940  835 1098  807  657  880 1372  690  922  650  725  699  713  643  671  939  973 1205 1015 1064 1210 1155 1061  871 1095  653  624 1243  871 
1574 1444 1205 1426 1236 1439 1528 1203 1785 1547 1094 1697 1518 1475 1153 1407 1333 1483 1644 1582 1236 1178    0 1979 1504 1461 1309 1813 1516 1230 1410 1261 1652 1080 1707 1290 1472 1496 1874 1605 1457 1591 1160 1383 1572 1469 1183 1311 1532 1817 1317 1405 1482 1577 1093 1882 1677 1419 1299 1895 1151 1816 1846 1437 1784 1635 1785 1988 1784 1433 1582 1521 1270 1351 1386 1572 1178 1362 1672 1479 1200 1756 1503 1788 1405 1390 1285 1659 1512 1557 1615 1215 1239 1592 1853 1541 1661 1497 1191 1547 1606 1603 2001 1243 1860 1514 1105 1662 1593 1376 1495 1863 1708 1617 1606 1298 1195 1523 1119 1737 1084 1586 1319 1674 1264 1773 1702 1458 1185 1636 1253 1959 1498 1195 1440 1774 1429 1596 1388 1946 1677 1704 1448 1633 1635 1333 1536 1554 1410 1158 1400 1753 1526 1862 1286 1341 1355 1369 1588 1743 1414 1717 1340 1670 1597 1837 1517 1495 1226 1286 1348 1528 1331 1734 1469 1157 1350 1714 1229 1515 1179 1192 1348 1365 1045 1158 1511 1521 1657 1676 1537 1766 1582 1643 1034 1626 1430 1311 1923 1372 
1508 1602 1151 1519 1180 1332 1641 1302 1832 1594 1208 1797 1348 1630 1354 1392 1032 1368 1408 1456 1341 1131 1979    0 1522 1643 1617 1848 1649 1112 1475 1458 1828 1300 1777 1593 1868 1540 1745 1668 1418 1621 1447 1704 1503 1423 1110 1576 1666 1883 1346 1515 1496 1851 1121 1816 1557 1193 1288 1972 1390 1837 1659 1325 1835 1814 1774 1667 1589 1529 1805 1299 1209 1475 1189 1523 1305 1202 1792 1375 1212 1702 1814 1645 1139 1508 1547 1626 1705 1800 1669 1232 1405 1981 1525 1363 1879 1396 1294 1355 1622 1986 1976 1235 1695 1650 1470 1545 1386 1496 1376 1731 1598 1701 1397 1581 1382 1693 1124 1856 1193 1685 1257 1447 1315 1775 1520 1568 1180 1379 1327 1712 1323 1157 1579 1774 1259 1518 1215 1836 1841 1940 1580 1776 1361 1046 1556 1540 1531 1435 1606 1661 1443 1774 1134 1343 1408 1659 1615 1508 1458 1357 1351 1879 1650 1751 1765 1450 1318 1238 1220 1611 1268 1674 1368 1263 1550 1702 1215 1403 1084 1098 1376 1064 1199 1255 1443 1529 1904 1722 1651 1662 1634 1518 1157 1559 1360 1052 1534 1415 
1336 1442  995 1149  983  964 1385  899 1565 1229 1156 1333 1350 1296 1021 1301 1043 1432 1245 1217 1101  985 1504 1522    0 1112 1392 1617 1215  980 1384  887 1432  876 1648 1378 1638 1272 1286 1111 1327 1332 1071 1226 1380 1228  880 1344 1173 1608  954 1340 1280 1352  911 1525 1143  921 1007 1563 1132 1559 1446 1371 1386 1410 1567 1404 1368 1136 1526 1264  891 1241 1049 1369  859  852 1567 1407 1019 1544 1523 1655  825 1212 1325 1232 1292 1587 1221  954 1051 1439 1502 1254 1595 1186  941 1481 1435 1322 1527 1021 1620 1218  916 1294 1246 1180 1254 1524 1655 1346 1216 1162  876 1716 1089 1437 1092 1430 1086 1327  959 1680 1287 1285 1013 1158 1059 1349 1155  907 1277 1511  819 1145  932 1604 1647 1374 1201 1466 1110 1118 1281 1098 1190  835 1274 1531 1468 1486 1119  847 1188 1345 1321 1289 1264 1282 1126 1704 1343 1299 1566 1400 1089  945 1001 1209 1138 1616 1116  998 1419 1468  991 1245  907  997 1013 1071  922  926 1147 1264 1416 1583 1333 1562 1317 1149 1073 1157  989 1078 1606 1314 
1299 1112 1087 1377  854 1121 1272 1060 1541 1141  919 1489 1336 1398 1017 1295  901 1236 1410 1373 1166  920 1461 1643 1112    0 1252 1546 1288 1185 1138  877 1531  956 1427 1325 1357 1231 1574 1154 1329 1092  949 1345 1152 1200  975 1352 1198 1698 1032 1197 1159 1674  899 1485 1262  920  889 1404  995 1405 1632 1407 1432 1436 1318 1493 1447 1336 1608 1283  969 1175 1001 1404  953 1165 1668 1238  883 1524 1512 1532 1100 1229 1150 1342 1377 1389 1129 1056  963 1624 1560 1393 1395 1382 1075 1295 1330 1532 1419 1048 1706 1070 1088 1340 1259 1137 1149 1581 1513 1157 1321 1375  936 1425  799 1446 1071 1254  970 1184 1157 1533 1168 1348 1052 1391  883 1619 1376 1067 1373 1481  861 1345  970 1482 1508 1497 1306 1515 1361 1008 1294 1379 1301 1119 1156 1419 1380 1423 1105 1073 1418 1371 1150 1249 1115 1233 1171 1479 1456 1598 1639 1197  957 1143 1161 1251 1022 1635 1017 1121 1239 1730  890 1272 1082  921  945  967 1010 1127 1387 1177 1533 1537 1363 1395 1126 1234  885 1231  971 1132 1704 1228 
1347 1173  958 1212 1127 1017 1337  999 1407 1272  982 1699 1334 1187 1041 1137 1118 1235 1314 1352  889  939 1309 1617 1392 1252    0 1594 1450 1031 1315  932 1343  814 1580 1455 1591 1308 1453 1292 1292 1182  848 1176 1304 1351  884 1166 1292 1637 1022 1226 1389 1426 1038 1553 1271 1076 1000 1401  907 1594 1625 1176 1613 1526 1618 1469 1486 1227 1564 1362 1072 1344  933 1214 1058  971 1703 1245 1097 1417 1642 1480  879 1200 1217 1103 1416 1505 1280 1045  937 1530 1368 1224 1488 1143 1122 1166 1318 1445 1474 1023 1467 1355  954 1285 1168 1322 1180 1571 1589 1236 1198 1160 1065 1713  950 1451 1051 1373  856 1339 1045 1511 1306 1330 1065 1250 1034 1715 1274 1038 1240 1401 1011 1195 1084 1430 1701 1366 1343 1607 1135 1010 1176 1101 1229  901 1140 1351 1375 1453  934 1013 1149 1177 1199 1382 1246 1151  909 1628 1437 1436 1440 1124 1072  995  812 1181 1136 1484 1088 1028 1308 1536 1083 1400 1054 1024 1133  961 1090  868 1243 1127 1415 1346 1187 1618 1108 1366 1140 1200  988  954 1653 1106 
1581 1478 1275 1535 1414 1273 1441 1268 1994 1611 1097 1675 1337 1613 1264 1594 1070 1527 1678 1400 1224 1353 1813 1848 1617 1546 1594    0 1627 1320 1422 1139 1671 1156 1910 1585 1764 1451 1507 1530 1553 1522 1170 1590 1448 1632 1292 1387 1603 1846 1210 1394 1400 1950 1234 1853 1589 1216 1179 1663 1081 1743 1738 1703 1859 1761 1721 1488 1804 1471 1917 1285 1164 1330 1325 1425 1197 1339 1700 1687 1328 1690 1698 1776 1314 1494 1564 1495 1493 1579 1735 1296 1204 1692 1673 1509 1591 1573 1236 1472 1439 1680 1935 1343 1669 1684 1086 1555 1560 1585 1507 1707 1535 1594 1520 1499 1131 1687 1199 1732 1235 1606 1422 1551 1239 1799 1664 1424 1334 1448 1149 1706 1551 1351 1557 1953 1448 1512 1385 1684 1760 1895 1380 1754 1307 1407 1580 1543 1410 1222 1645 1712 1343 1851 1102 1349 1658 1580 1581 1626 1289 1353 1197 1716 1813 1779 1869 1340 1387 1314 1297 1531 1323 1763 1310 1476 1598 1746 1177 1484 1244 1208 1241 1296 1217 1218 1598 1393 1976 1726 1561 1670 1522 1457 1235 1683 1047 1220 1800 1551 
1315 1309  909 1169 1078 1045 1333  921 1679 1160  999 1644 1225 1219 1172 1366  996 1237 1176 1416 1019  978 1516 1649 1215 1288 1450 1627    0  967 1176  860 1473  919 1663 1362 1689 1204 1633 1215 1362 1212 1012 1171 1395 1188  868 1377 1173 1690 1081 1139 1355 1371 1032 1475 1139  859  965 1441 1104 1362 1400 1123 1663 1413 1473 1583 1382 1239 1473 1163  887 1317  815 1190 1086  983 1448 1319 1046 1622 1661 1579 1047 1256 1192 1191 1281 1505 1358  932 1011 1425 1543 1319 1444 1211 1004 1318 1173 1443 1616  869 1681 1293  912 1154 1419 1183 1146 1706 1662 1359 1114 1228  834 1576  953 1701  976 1282 1002 1160  893 1668 1232 1290 1079 1379  886 1642 1315  939 1192 1459  971 1276  968 1659 1744 1378 1283 1350 1165 1058 1191 1156 1236 1024 1225 1561 1346 1639  999 1115 1237 1235 1150 1174 1137 1263 1134 1577 1406 1686 1594 1118 1014 1086 1008 1209  927 1651 1024 1049 1109 1502 1113 1173 1086  897 1006 1049  925  883 1269 1371 1420 1473 1385 1498 1252 1309 1057 1295  964  942 1508 1257 
1047 1114  848  980  671  635 1035  603 1313  931  582 1173 1090 1125  682  997  682  909 1116 1019  773  817 1230 1112  980 1185 1031 1320  967    0  912  692 1181  772 1295 1018 1358  854 1322 1023  916 1088  828 1060  892  993  662  899  981 1232  741 1063  894 1259  856 1318 1021  546  761 1150  758 1254 1198  971 1431 1363 1180 1384 1113  870 1253 1057  839  860  600  884  793  837 1314 1069  686 1072 1211 1349  676  999 1157  902  971 1189 1122  576  744 1186 1294  918 1320  930  685  989  862 1194 1320  660 1276 1061  704 1153 1011 1089  994 1182 1369 1009 1009  943  696 1385  856 1314  801 1029  705  850  691 1261 1058  903  612 1135  804 1415  909  785 1142 1247  576 1019  755 1413 1313 1270 1013 1229 1021  849 1088  959 1035  814  902 1281 1152 1174  665  659 1017  977  932  908  919  973  638 1357 1423 1232 1205  868  680  828  758  884  724 1149  804  635  955 1252  612  907  584  688  758  687  578  820  998 1004 1036 1170  940 1307  884  904  650 1003  817  621 1294 1022 
1325 1260 1055 1275  906 1029 1410 1021 1382 1321 1012 1419 1177 1308  923 1319  997 1288 1342 1130  901 1044 1410 1475 1384 1138 1315 1422 1176  912    0 1064 1409 1073 1640 1156 1547 1097 1544 1154 1354 1288  900 1392 1129 1320 1050 1281 1346 1669 1055 1251 1360 1360  905 1528 1304  885  930 1580  957 1404 1498 1204 1669 1386 1669 1438 1420 1218 1422 1205 1025 1304  824 1384  863  946 1465 1175  942 1483 1557 1662 1045 1129 1246 1192 1165 1460 1161 1118 1002 1577 1435 1300 1556 1282 1090 1322 1087 1495 1427 1087 1394 1157 1041 1185 1219 1145 1342 1332 1561 1254 1296 1165 1134 1462  928 1321 1101 1146 1058 1297 1009 1602 1355 1285  876 1232  916 1430 1212  894 1345 1586 1109 1236 1000 1472 1555 1466 1309 1371 1211 1030 1334 1312 1318 1141 1071 1504 1269 1504  936  878 1270 1254 1135 1458 1198 1339 1069 1559 1328 1569 1434 1313  852 1062 1036 1260  943 1376 1136 1120 1279 1530  987 1166  965  968  898  969 1096 1099 1281 1343 1426 1516 1278 1420 1156 1324  975 1225  866  905 1569 1362 
1154  965  795 1005  711  681 1024  709 1309  864  697 1221  952 1097  724 1032  756  840  905 1012  802  552 1261 1458  887  877  932 1139  860  692 1064    0 1112  605 1373 1139 1288  891 1344  982  834 1043  761  976 1066  844  783  973  956 1380  581 1052 1036 1255  770 1103 1051  855  733 1167  867 1291 1163 1080 1053 1242 1146 1214 1161  846 1139  928  721 1181  678  905  777  642 1389  852  812 1215 1107 1075  659  944 1050 1044 1001 1265 1019  874  819 1251 1342 1083 1130  959  785  960  861 1181 1346  822 1306  884  737 1005 1051  892 1023 1232 1290  963 1014  988  634 1218  685 1130  775 1052  801  899  737 1350 1098  962  841  993  636 1338  869  734  946 1169  820 1144  879 1282 1346 1326  940 1243 1097  734  807  963  993  662 1026 1266  950 1264  593  761  892  893 1160  822 1092  798  689 1036 1391 1381 1283  884  770  628  846 1042  611 1211  749  705 1008 1369  816  905  755  635  745  667  783  717  916  968 1361 1328  869 1264  898 1183  791  886  639  881 1260 1068 
1544 1687 1145 1697 1149 1149 1438 1049 1713 1551 1310 1712 1435 1492 1120 1617 1214 1535 1295 1615 1417 1121 1652 1828 1432 1531 1343 1671 1473 1181 1409 1112    0 1254 1692 1428 1750 1567 1839 1485 1517 1509 1225 1514 1604 1723 1176 1539 1613 1800 1143 1389 1416 1612 1305 1807 1546 1267 1275 1752 1156 1668 1711 1665 1893 1540 1805 1840 1772 1348 1576 1594 1021 1467 1229 1260 1135 1238 1744 1357 1316 1629 1546 1604 1135 1580 1458 1535 1605 1738 1745 1218 1340 2064 1551 1722 1879 1332 1273 1686 1578 2024 1836 1228 1743 1543 1302 1557 1538 1302 1584 1845 1745 1620 1573 1589 1122 1627 1363 2027 1293 1426 1347 1551 1217 1513 1470 1324 1206 1357 1253 1858 1608 1206 1391 1821 1259 1595 1247 1908 1757 1642 1429 1898 1379 1156 1601 1707 1536 1170 1574 1807 1542 1858 1162 1303 1558 1504 1674 1421 1396 1585 1363 1988 1866 1902 1706 1620 1103 1283 1297 1439 1380 1875 1186 1244 1493 2006 1239 1595 1219 1385 1105 1152 1096 1158 1480 1472 1875 1911 1506 1712 1511 1515 1380 1415 1082 1167 1834 1554 
1051  930  841  838  641  815  825  670 1233  891  766 1284 1054  908  693  946  687 1017 1000 1005  734  702 1080 1300  876  956  814 1156  919  772 1073  605 1254    0 1274  953 1243  874 1285  857  882  846  585  938  896  819  821 1067 1084 1000  621  952  792 1078  790 1187 1086  616  695 1298  829 1315 1360 1072 1147 1239 1183 1382 1041  919 1220  876  633  942  776 1131  809  698 1107 1093  695 1371 1400 1366  663  946 1050 1080  944 1329  913  827  748 1168 1231  873 1258 1115  816  982 1045 1153 1400  695 1413  922  789 1094  931  873  834 1302 1435 1039 1105 1055  829 1312  774 1352  616 1065  812 1100  576 1409  991 1056  609  951  550 1305  951  623 1066 1354  734 1089  729 1222 1265 1266  982 1451 1032  585  984  889  933  665  937 1280 1066 1218  655  580  874 1096  953  937 1140  994  618 1141 1325 1165 1325  882  806  608  659 1021  674 1267  645  631 1103 1114  622 1117  649  591  795  796  704  771  950 1114 1261 1419 1044 1194  983  869  828 1078  655  820 1135 1055 
1531 1322 1248 1572 1333 1211 1633 1265 1491 1596 1253 1696 1452 1548 1158 1532 1054 1297 1492 1418 1234 1366 1707 1777 1648 1427 1580 1910 1663 1295 1640 1373 1692 1274    0 1640 1694 1636 1902 1476 1653 1279 1138 1487 1334 1482 1316 1491 1571 1910 1168 1621 1419 1853 1177 1700 1412 1289 1264 1769 1363 1644 1836 1404 1779 1903 1722 1972 1669 1531 1694 1502 1318 1552 1088 1666 1140 1321 1889 1598 1282 1494 1567 1781 1342 1573 1672 1641 1530 1698 1420 1157 1285 1830 1741 1451 1746 1348 1385 1560 1678 1853 1861 1242 1646 1503 1183 1570 1527 1561 1373 1843 1914 1617 1425 1440 1149 1690 1344 1971 1028 1670 1252 1686 1315 1925 1678 1357 1195 1442 1221 1601 1326 1373 1676 1525 1199 1370 1226 1809 1818 1713 1387 1826 1467 1282 1523 1416 1581 1165 1591 1715 1294 1743 1151 1183 1403 1635 1567 1414 1514 1415 1136 1857 1681 1750 1672 1544 1384 1106 1386 1458 1214 1925 1370 1031 1560 1732 1334 1428 1330 1449 1126 1269 1438 1322 1385 1352 1913 1886 1477 1761 1367 1524 1463 1641 1198 1263 1685 1356 
1107 1237 1064 1223 1034  959 1229  910 1385 1313 1083 1623 1079 1338 1039 1334  973 1287 1243 1423  930  959 1290 1593 1378 1325 1455 1585 1362 1018 1156 1139 1428  953 1640    0 1508 1404 1363 1182 1361 1296  991 1183 1317 1379  957 1186 1160 1461  931 1248 1415 1518  919 1440 1282  888 1105 1391  943 1619 1399 1229 1457 1395 1624 1741 1369 1192 1551 1216 1048 1115 1108 1288  831  799 1704 1194 1023 1395 1464 1413 1044 1440 1301 1208 1269 1511 1311  958 1013 1643 1426 1176 1344 1105 1051 1221 1089 1427 1655  867 1422 1275 1040 1243 1331 1208 1168 1353 1624 1166 1186 1199  928 1577  863 1619 1113 1324 1052 1356 1069 1573 1194 1241 1055 1169  928 1503 1211  959 1312 1571 1035 1330  912 1491 1435 1353 1196 1690 1207  963 1252 1230 1276  963 1247 1633 1163 1572 1009  880 1448 1248 1257 1266 1182 1373 1018 1402 1394 1515 1498 1345  867 1130  900 1223  937 1522  800 1087 1148 1437 1035 1138  871  887  895 1064 1046  925 1268 1354 1412 1686 1429 1470 1227 1307 1058 1222  997 1008 1574 1310 
1444 1629 1319 1516 1422 1450 1735 1184 1827 1548 1190 1497 1593 1529 1173 1566 1302 1586 1632 1614 1156 1228 1472 1868 1638 1357 1591 1764 1689 1358 1547 1288 1750 1243 1694 1508    0 1629 1794 1579 1705 1619 1233 1449 1498 1467 1268 1535 1420 1832 1097 1644 1618 1599 1232 1812 1632 1329 1290 1910 1272 1648 1630 1564 1793 1710 1694 1651 1732 1583 1698 1247 1468 1501 1363 1471 1199 1311 1977 1382 1273 1807 1751 1909 1326 1570 1500 1646 1620 1901 1560 1229 1252 1728 1615 1521 1831 1669 1223 1533 1459 1598 1777 1196 1948 1595 1226 1415 1632 1367 1566 1881 1775 1662 1585 1344 1254 1874 1164 2077 1247 1542 1255 1627 1359 1624 1692 1428 1342 1570 1426 1829 1594 1289 1628 1818 1220 1591 1143 1870 1858 1808 1707 1811 1305 1070 1568 1475 1583 1132 1547 1873 1519 1740 1124 1124 1554 1474 1645 1433 1667 1534 1173 1886 1747 1756 1709 1334 1203 1258 1119 1516 1277 1860 1201 1362 1511 1704 1098 1611 1434 1198 1210 1172 1135 1350 1461 1477 1688 1644 1479 1741 1597 1608 1288 1567 1255 1347 1569 1581 
1189 1181  862 1436 1111 1120 1270 1128 1503 1269  967 1391 1227 1488  878 1431  954 1078 1328 1329  888  847 1496 1540 1272 1231 1308 1451 1204  854 1097  891 1567  874 1636 1404 1629    0 1433 1255 1202 1176  922 1213 1164 1253  953 1293 1154 1646 1017 1218 1351 1331 1059 1519 1146  907  984 1411  849 1546 1695 1242 1579 1346 1353 1694 1562 1260 1582 1295 1090 1147  963 1280  950  909 1466 1248  898 1460 1426 1585  822 1188 1318 1304 1355 1455 1255 1059  937 1565 1522 1133 1484 1443 1006 1353 1398 1718 1382  969 1576 1213 1033 1323 1421 1170 1162 1454 1385 1324 1186 1320 1003 1475 1030 1393  929 1336 1003 1423  912 1373 1107 1346  913 1303 1094 1432 1119 1060 1237 1371 1020 1391 1102 1458 1401 1583 1221 1479 1382 1004 1292 1046 1415 1057 1270 1599 1381 1393  986  984 1332 1212 1231 1152 1226 1302  900 1613 1518 1456 1453 1095  945  977 1135 1360 1112 1410 1079 1024 1248 1576 1034 1433  913  872 1012  893  916 1036 1092 1318 1620 1602 1122 1600 1305 1181  831 1322  971  910 1601 1273 
1467 1481 1282 1458 1182 1131 1277 1031 1875 1389 1293 1650 1559 1345 1242 1397 1340 1557 1647 1382 1223 1327 1874 1745 1286 1574 1453 1507 1633 1322 1544 1344 1839 1285 1902 1363 1794 1433    0 1420 1432 1528 1289 1591 1386 1651 1343 1538 1777 1550 1424 1502 1565 1663 1282 1744 1689 1323 1111 1683 1248 1822 1753 1573 1851 1772 1668 1962 1899 1420 1635 1295 1194 1491 1331 1612 1419 1225 1637 1495 1343 1719 1835 1783 1176 1314 1473 1440 1406 1936 1515 1142 1132 1703 1774 1510 1938 1378 1171 1476 1396 1849 1636 1050 1876 1486 1260 1524 1366 1521 1484 1618 1824 1667 1347 1498 1165 1823 1402 1715 1264 1600 1380 1505 1376 1633 1482 1316 1326 1389 1263 2038 1727 1285 1620 1706 1274 1524 1430 1837 1857 1741 1366 1723 1601 1126 1509 1322 1666 1167 1390 1835 1527 1883 1265 1185 1320 1598 1644 1512 1393 1275 1200 1781 1768 1788 1746 1651 1311 1162 1264 1408 1208 1927 1321 1272 1490 1854 1323 1493 1222 1371 1287 1236 1260 1400 1445 1510 1512 1786 1454 1759 1471 1625 1328 1699 1264 1402 1898 1504 
