30 4 16 398

   0 1285 1343 1117 1730 1527 1641 1574 1122 1350 1789 1181 1663 1653 1392 1542 1666 1809 1783 1696 1236 1817 1547 1775 1052 1667 1797 1614 1349 1677 
1285    0  991  717 1256  943 1012  927  809  610 1210  831 1044 1118  996  881 1230 1181 1196 1023  734 1159 1070 1290  887  917 1235 1237  782 1103 
1343  991    0  972 1399 1359 1212 1300 1003 1037 1348  876 1327 1299 1310 1131 1564 1498 1333 1402 1012 1613 1344 1584 1062 1203 1474 1507  870 1185 
1117  717  972    0 1200 1022  991 1153  639  811 1132  623 1099 1131  994  836 1270 1171 1188  927  753 1358  985 1321  774 1062 1351 1003  835 1038 
1730 1256 1399 1200    0 1553 1558 1329 1161 1446 1658 1174 1451 1783 1351 1441 1950 1801 1758 1497 1306 1741 1497 1825 1382 1425 1802 1949 1258 1434 
1527  943 1359 1022 1553    0 1343 1275  965 1123 1399 1139 1296 1449 1058 1296 1396 1669 1378 1406 1018 1580 1269 1541 1133 1289 1697 1374  909 1308 
1641 1012 1212  991 1558 1343    0 1321  913 1150 1402 1090 1385 1630 1211 1150 1639 1271 1373 1321  891 1680 1154 1699  974 1182 1605 1524  999 1267 
1574  927 1300 1153 1329 1275 1321    0 1018 1114 1486 1113 1384 1381 1231 1218 1593 1415 1593 1220 1122 1508 1344 1324 1002 1113 1388 1362  873 1108 
1122  809 1003  639 1161  965  913 1018    0  604 1160  837 1042 1223  913 1059 1452 1104 1113  910  778 1244 1142 1017  726  937 1211 1260  769  990 
1350  610 1037  811 1446 1123 1150 1114  604    0 1244  720  930 1160  867  965 1179 1331 1227  958  663 1433 1084 1184  645  815 1295 1218  690  933 
1789 1210 1348 1132 1658 1399 1402 1486 1160 1244    0 1079 1495 1856 1443 1592 1822 1866 1687 1488 1348 1755 1535 1806 1245 1468 1847 1714 1342 1449 
1181  831  876  623 1174 1139 1090 1113  837  720 1079    0 1056 1311  956 1136 1291 1377 1137 1100  641 1192  949 1281  640 1017 1115 1456  824  980 
1663 1044 1327 1099 1451 1296 1385 1384 1042  930 1495 1056    0 1485 1221 1258 1370 1497 1613 1333  922 1628 1207 1490  898 1207 1703 1556  930 1369 
1653 1118 1299 1131 1783 1449 1630 1381 1223 1160 1856 1311 1485    0 1551 1627 1770 1783 1827 1550 1119 1946 1660 1704 1366 1582 1864 1838 1284 1508 
1392  996 1310  994 1351 1058 1211 1231  913  867 1443  956 1221 1551    0 1152 1661 1582 1456 1285 1103 1607 1377 1598  940 1122 1555 1583 1110 1145 
1542  881 1131  836 1441 1296 1150 1218 1059  965 1592 1136 1258 1627 1152    0 1639 1529 1635 1210 1017 1593 1379 1555 1035 1361 1499 1587 1048 1226 
1666 1230 1564 1270 1950 1396 1639 1593 1452 1179 1822 1291 1370 1770 1661 1639    0 1669 1734 1438 1282 1655 1780 1820 1355 1517 1731 1710 1432 1437 
1809 1181 1498 1171 1801 1669 1271 1415 1104 1331 1866 1377 1497 1783 1582 1529 1669    0 1537 1371 1089 1617 1452 1709 1293 1424 1636 1863 1218 1559 
1783 1196 1333 1188 1758 1378 1373 1593 1113 1227 1687 1137 1613 1827 1456 1635 1734 1537    0 1503 1431 1752 1535 1759 1197 1523 1847 1715 1222 1604 
1696 1023 1402  927 1497 1406 1321 1220  910  958 1488 1100 1333 1550 1285 1210 1438 1371 1503    0 1037 1448 1323 1521  965 1351 1585 1621 1073 1199 
1236  734 1012  753 1306 1018  891 1122  778  663 1348  641  922 1119 1103 1017 1282 1089 1431 1037    0 1364  990 1227  744  948 1242 1124  813 1066 
1817 1159 1613 1358 1741 1580 1680 1508 1244 1433 1755 1192 1628 1946 1607 1593 1655 1617 1752 1448 1364    0 1577 1923 1425 1509 1933 1759 1323 1522 
1547 1070 1344  985 1497 1269 1154 1344 1142 1084 1535  949 1207 1660 1377 1379 1780 1452 1535 1323  990 1577    0 1618  846 1235 1618 1298  905 1064 
1775 1290 1584 1321 1825 1541 1699 1324 1017 1184 1806 1281 1490 1704 1598 1555 1820 1709 1759 1521 1227 1923 1618    0 1225 1395 1742 1715 1216 1347 
1052  887 1062  774 1382 1133  974 1002  726  645 1245  640  898 1366  940 1035 1355 1293 1197  965  744 1425  846 1225    0  954 1282 1157  681  915 
1667  917 1203 1062 1425 1289 1182 1113  937  815 1468 1017 1207 1582 1122 1361 1517 1424 1523 1351  948 1509 1235 1395  954    0 1557 1498  960 1106 
1797 1235 1474 1351 1802 1697 1605 1388 1211 1295 1847 1115 1703 1864 1555 1499 1731 1636 1847 1585 1242 1933 1618 1742 1282 1557    0 1527 1163 1561 
1614 1237 1507 1003 1949 1374 1524 1362 1260 1218 1714 1456 1556 1838 1583 1587 1710 1863 1715 1621 1124 1759 1298 1715 1157 1498 1527    0 1177 1456 
1349  782  870  835 1258  909  999  873  769  690 1342  824  930 1284 1110 1048 1432 1218 1222 1073  813 1323  905 1216  681  960 1163 1177    0 1069 
1677 1103 1185 1038 1434 1308 1267 1108  990  933 1449  980 1369 1508 1145 1226 1437 1559 1604 1199 1066 1522 1064 1347  915 1106 1561 1456 1069    0 

   0  717  749  910  964  627  632  685  932  908 1083 1046  783  854  817  930 1121 1048  902 1165  905  748 1080  936  680  723  632  605 1122 1083 
 717    0  814  631  904 1064  665 1190 1049  935 1135  860  947  610 1135  796 1121  707  762 1156  808  844  757 1014  806  629 1070  636  996 1056 
 749  814    0  795  829 1163  846  990  932 1146  911  758  778  683  611 1029 1026  947  733  885  871 1024 1098 1010  961  629  951  939  969  756 
 910  631  795    0  828 1043  691 1013  881  669  815  862  604 1188  789  852  640  784  813 1010 1145  712  741 1155  675  766  978  602  911 1165 
 964  904  829  828    0 1026 1016  684 1134 1123 1117  948  816  878 1178  750 1059  842  616  772  875  659 1152  932  961  655 1010  829 1197  916 
 627 1064 1163 1043 1026    0  726  944  785 1084  826  867  848  695  762 1122  942  705  716  970 1139  841 1158  838  911  643 1089  630  768 1153 
 632  665  846  691 1016  726    0 1163  832  844  864 1159  734  854 1103  729  803  887  920 1163  890  980  929  831 1134  739  718 1048  651  689 
 685 1190  990 1013  684  944 1163    0  956 1018  991 1121  809  806  748 1050  660  745  888 1053 1137  996 1104 1098  751  879  627  881  789  713 
 932 1049  932  881 1134  785  832  956    0  707  696  810 1174  776 1099  700  611  727  619  602  697  618  721  754  988  869  723  701  777  613 
 908  935 1146  669 1123 1084  844 1018  707    0  920  854  639  788  988  923  972 1035  774 1046  675  710  664  749 1197  613  710 1104  859  847 
1083 1135  911  815 1117  826  864  991  696  920    0  607  778 1106  949 1034  831 1007 1144  947 1178 1047 1021 1177  912  761 1100 1140  774  654 
1046  860  758  862  948  867 1159 1121  810  854  607    0 1092  801  787 1023  778 1050  998 1072 1140 1152  865 1080 1012  692  860  886  687  842 
 783  947  778  604  816  848  734  809 1174  639  778 1092    0 1080  814  896 1123  632  879  629  643  713 1124  751  699 1105 1197  969  746  992 
 854  610  683 1188  878  695  854  806  776  788 1106  801 1080    0 1083 1169  805  815 1076  672  884  770 1197 1023  642  696  933  870  982  647 
 817 1135  611  789 1178  762 1103  748 1099  988  949  787  814 1083    0  939 1029  726 1075  620  866  742  888 1157  609  997 1095  976  798  932 
 930  796 1029  852  750 1122  729 1050  700  923 1034 1023  896 1169  939    0  809  763  739 1071 1078 1023 1115  974  664 1060  748  611  859 1022 
1121 1121 1026  640 1059  942  803  660  611  972  831  778 1123  805 1029  809    0  724  949 1083  663  732  734  783 1012 1029  980  839  867 1082 
1048  707  947  784  842  705  887  745  727 1035 1007 1050  632  815  726  763  724    0  955  939 1193  645  655  896  860  815  630  726  810  646 
 902  762  733  813  616  716  920  888  619  774 1144  998  879 1076 1075  739  949  955    0 1198  733  807 1085  740  618 1090  840 1043  671  763 
1165 1156  885 1010  772  970 1163 1053  602 1046  947 1072  629  672  620 1071 1083  939 1198    0  774  708 1194  872  636  777  905 1103  813 1078 
 905  808  871 1145  875 1139  890 1137  697  675 1178 1140  643  884  866 1078  663 1193  733  774    0 1040 1094  794  614 1027  613 1036  682  686 
 748  844 1024  712  659  841  980  996  618  710 1047 1152  713  770  742 1023  732  645  807  708 1040    0  809  698  909 1184 1135 1163  671  885 
1080  757 1098  741 1152 1158  929 1104  721  664 1021  865 1124 1197  888 1115  734  655 1085 1194 1094  809    0 1157 1197 1161  669 1079 1127  854 
 936 1014 1010 1155  932  838  831 1098  754  749 1177 1080  751 1023 1157  974  783  896  740  872  794  698 1157    0  892 1187  655  645  849  943 
 680  806  961  675  961  911 1134  751  988 1197  912 1012  699  642  609  664 1012  860  618  636  614  909 1197  892    0  649  714 1043  613  862 
 723  629  629  766  655  643  739  879  869  613  761  692 1105  696  997 1060 1029  815 1090  777 1027 1184 1161 1187  649    0  821  997 1038 1075 
 632 1070  951  978 1010 1089  718  627  723  710 1100  860 1197  933 1095  748  980  630  840  905  613 1135  669  655  714  821    0  726 1124 1163 
 605  636  939  602  829  630 1048  881  701 1104 1140  886  969  870  976  611  839  726 1043 1103 1036 1163 1079  645 1043  997  726    0 1172 1174 
1122  996  969  911 1197  768  651  789  777  859  774  687  746  982  798  859  867  810  671  813  682  671 1127  849  613 1038 1124 1172    0  683 
1083 1056  756 1165  916 1153  689  713  613  847  654  842  992  647  932 1022 1082  646  763 1078  686  885  854  943  862 1075 1163 1174  683    0 

0 643 716
1 211 1057
2 371 992
3 313 925
4 697 717
5 374 971
6 493 1026
7 393 856
8 209 1021
9 221 735
10 690 715
11 203 792
12 472 837
13 651 986
14 390 715
15 500 802
16 562 848
17 614 1034
18 658 803
19 421 765
20 313 915
21 617 735
22 547 976
23 678 769
24 347 809
25 519 723
26 642 974
27 563 868
28 284 1024
29 446 1096

0 23 608 4164 5325 
0 28 2718 7138 2698 
0 17 17348 20827 3618 
0 13 10972 13448 6612 
0 19 3883 7541 3392 
0 17 6205 9935 7236 
0 4 2920 6110 6920 
0 4 17912 19907 5190 
0 11 1137 3323 2362 
0 16 20062 22561 4998 
0 15 11075 13911 3084 
0 6 20387 21720 6564 
0 12 13963 16280 6652 
1 2 2879 5516 2973 
1 23 4351 6744 5160 
1 28 2301 5717 3128 
1 2 10129 11846 1982 
1 27 12134 14016 2474 
1 0 627 2218 5140 
1 3 3228 5303 2151 
1 19 310 2922 3069 
1 16 230 3637 2460 
1 28 6372 9788 1564 
1 27 2467 4394 2474 
1 10 1200 3753 3630 
2 25 4049 6420 4812 
2 21 16672 19692 4839 
2 3 8635 11632 2916 
2 15 19605 22846 3393 
2 9 18018 20745 3111 
2 24 9171 12217 2124 
2 3 1731 4275 1944 
2 0 2548 4442 2686 
2 8 14657 17462 2006 
2 5 9694 12810 4077 
2 27 21811 23961 6028 
2 7 4600 7886 5200 
2 21 19293 22948 6452 
2 26 21674 24450 5896 
2 11 18580 20565 3504 
3 14 14221 16146 3976 
3 17 5995 8519 4684 
3 24 12205 14162 1548 
3 21 4647 6184 5432 
3 5 14285 17028 2044 
3 22 9820 11531 1970 
3 12 16376 17843 3297 
3 4 3733 5819 2400 
3 5 19959 22848 2044 
3 14 5524 7748 3976 
3 13 8383 11495 4524 
3 16 1916 3272 2540 
3 1 18649 20472 2868 
4 1 3906 6337 3768 
4 9 12199 14950 2892 
4 29 14682 16568 5736 
4 7 4429 6522 3987 
4 7 1324 3081 2658 
4 29 19606 22234 5736 
4 24 12864 15612 5528 
4 0 13234 16126 3460 
4 27 9368 11556 7796 
4 0 19031 21354 6920 
4 21 1177 3127 5223 
4 13 16137 19157 3566 
4 12 1963 3954 4353 
5 29 8166 11209 3924 
5 26 13014 15235 6788 
5 24 3520 6098 2266 
5 27 4916 6352 5496 
5 26 22023 24658 5091 
5 2 8077 11193 2718 
5 9 2213 4576 3369 
5 23 19789 21884 6164 
5 0 9430 11398 3054 
5 2 11166 14701 2718 
5 17 12637 15231 3338 
5 0 2098 3772 6108 
5 14 20505 22554 3174 
5 12 11031 13006 5184 
5 24 21706 24593 2266 
6 17 17698 19560 2542 
6 28 4352 6734 1998 
6 14 17031 20262 2422 
6 10 11062 14051 4206 
6 4 4325 6357 4674 
6 26 570 2393 4815 
6 25 19679 22287 4728 
6 28 1166 3210 3996 
6 1 18883 20651 3036 
6 3 638 2980 1982 
6 0 1299 2980 3282 
6 25 6567 8118 4728 
6 29 20331 22218 2534 
7 8 1052 4072 3054 
7 21 22238 24548 4524 
7 23 19528 23173 3972 
7 26 2648 4322 5552 
7 16 10424 12034 3186 
7 16 222 2829 4779 
7 15 19280 23112 2436 
7 3 4488 7314 3459 
7 22 17801 21952 4032 
7 8 20350 22845 4072 
7 20 5237 7840 4488 
7 16 773 2871 4779 
7 5 2365 4772 3825 
7 3 19254 21340 4612 
8 6 3578 5366 3652 
8 19 9322 11230 3640 
8 22 19672 22512 4568 
8 9 4007 6000 1208 
8 13 5734 8418 3669 
8 19 17836 19359 2730 
8 2 17902 20903 4012 
8 25 19972 21996 2811 
8 20 13281 14835 2334 
9 17 12646 15088 2662 
9 5 796 4178 4492 
9 25 2539 4868 3260 
9 16 19508 23065 2358 
9 13 16342 18587 4640 
9 23 15970 17767 3552 
9 19 1232 4830 2874 
9 11 12876 15907 1440 
9 11 2522 5767 1440 
9 13 18942 21967 3480 
9 1 11116 13014 1220 
10 12 21086 22797 4485 
10 22 4818 8238 4605 
10 0 21744 24256 5367 
10 21 1512 3930 5265 
10 17 17339 21296 3732 
10 12 468 3058 2990 
10 22 1473 4158 4605 
10 17 7971 11535 3732 
10 8 17036 19103 2320 
10 11 11810 13989 3237 
10 9 647 3784 2488 
10 2 13092 16417 4044 
10 17 3099 5576 7464 
10 26 3671 6124 7388 
11 3 21916 24605 1246 
11 22 11040 13808 1898 
11 22 1865 4615 3796 
11 6 17928 21752 2180 
11 23 514 4164 5124 
11 18 8536 11510 4548 
11 10 2266 4609 4316 
11 22 6489 9386 3796 
11 2 6383 8596 3504 
11 17 11881 15682 5508 
11 22 298 2434 3796 
11 13 20521 22851 5244 
12 8 4180 8547 3126 
12 11 5264 7994 2112 
12 4 11929 14621 2902 
12 28 11967 13593 2790 
12 5 20558 23059 2592 
12 9 9506 11122 1860 
12 29 18421 20524 5476 
12 26 19385 23023 3406 
12 15 384 2256 5032 
12 25 5455 9554 4828 
12 15 9183 10975 2516 
12 19 12404 14341 5332 
12 27 1903 4306 6224 
12 1 457 2530 4176 
12 0 11138 13972 4989 
13 5 17973 19363 2898 
13 7 16870 19336 2762 
13 20 7955 10536 2238 
13 28 5779 9373 3852 
13 2 10571 13207 2598 
13 20 13531 15794 2238 
13 4 21056 23075 7132 
13 29 19915 21907 4524 
13 17 5620 8464 5349 
13 24 6338 7949 2732 
13 26 11255 13242 3728 
13 7 21986 24307 5524 
13 2 21941 23723 2598 
13 6 5768 8645 4890 
13 18 18561 21778 7308 
14 9 21887 24169 2601 
14 22 4576 7861 2754 
14 24 3715 4957 2820 
14 29 6765 9150 4580 
14 24 9659 11455 2820 
14 15 20183 22680 3456 
14 29 5404 9020 3435 
14 25 2061 4443 2244 
14 27 14126 17141 3166 
14 29 4366 6686 2290 
14 6 999 3447 3633 
14 7 1364 3989 4924 
14 11 12364 14441 1912 
15 17 17838 20561 3058 
15 29 10618 13847 2452 
15 19 10307 13734 3630 
15 1 10276 13117 1762 
15 5 17720 20356 5184 
15 28 21 2280 4192 
15 7 21993 25310 3654 
15 25 16209 19495 2722 
15 10 11316 14045 3184 
15 11 21190 23358 2272 
15 29 21863 25910 4904 
15 18 13731 16679 6540 
15 18 20256 23145 4905 
15 17 16237 19227 6116 
15 28 17327 19964 4192 
15 25 16071 19335 5444 
16 21 18136 19643 6620 
16 21 14292 16019 3310 
16 15 17180 18846 6556 
16 8 12839 14928 5808 
16 10 22262 25428 5466 
16 4 1307 4801 3900 
16 11 17634 20006 5164 
16 10 2519 4571 7288 
16 19 8515 10821 2876 
16 8 16295 18604 4356 
16 12 462 3213 4110 
16 15 8698 10979 4917 
17 16 16333 18671 5007 
17 16 9939 12494 6676 
17 20 6395 9401 4356 
17 28 13625 16678 4872 
17 13 5546 7363 3566 
17 23 10405 12680 6836 
17 16 16640 19369 6676 
17 19 17828 20166 5484 
17 5 4877 7330 5007 
17 14 5437 7803 6328 
17 16 12610 15144 6676 
17 25 12036 14358 4272 
17 0 19021 22238 7236 
17 18 16132 18299 3074 
17 12 14060 15734 2994 
18 7 1112 3660 6372 
18 10 13923 16474 6748 
18 10 19006 21728 6748 
18 3 4801 7581 2376 
18 12 18784 20726 3226 
18 6 597 2713 4119 
18 13 19221 22309 5481 
18 16 9958 12653 3468 
18 20 5995 7893 5724 
18 29 13430 15390 3208 
18 16 16094 18865 3468 
18 5 19130 21943 2756 
18 24 3796 6218 3591 
18 12 9385 11494 4839 
18 1 11984 14170 3588 
19 18 11668 15022 6012 
19 27 5118 9342 4863 
19 28 11033 13504 4292 
19 16 18885 22967 5752 
19 0 3767 8345 6784 
19 2 34 2042 2804 
19 2 548 3530 4206 
19 22 2774 7132 2646 
19 16 3658 7351 2876 
19 5 10325 13574 5624 
19 14 20182 21595 5140 
19 16 12773 16498 2876 
20 14 19859 22058 4412 
20 0 18540 22033 2472 
20 22 5555 7852 1980 
20 0 8026 11166 4944 
20 17 20720 25432 2178 
20 29 18946 20880 3198 
20 3 5178 8899 3012 
20 9 4678 7357 1326 
20 19 14631 17425 3111 
20 0 14276 17461 2472 
20 18 16255 19128 4293 
20 7 13102 16683 4488 
20 2 6713 9177 4048 
20 3 868 4909 1506 
20 13 20289 23206 3357 
20 6 16665 19673 1782 
21 9 3889 5401 2866 
21 26 5829 8462 7732 
21 0 12918 15610 5451 
21 17 14280 16189 6468 
21 5 3418 6723 6320 
21 25 9419 13811 3018 
21 25 13128 15874 6036 
21 18 18478 21141 3504 
21 14 515 2280 4821 
21 19 844 2493 4344 
21 2 14079 17540 3226 
21 6 17881 21095 3360 
21 23 1667 3663 5769 
21 6 10337 13757 5040 
21 25 2055 5760 4527 
22 0 11695 15539 3094 
22 8 9753 11923 4568 
22 21 18909 21279 6308 
22 5 4922 8268 3807 
22 20 17345 21589 1980 
22 9 13201 15671 2168 
22 28 13032 15691 2715 
22 26 6129 8176 3236 
22 5 16689 20718 3807 
22 28 16073 19927 1810 
22 10 16690 20181 3070 
22 8 529 1992 3426 
23 6 11510 14410 5097 
23 18 566 2053 7036 
23 2 4407 7931 3168 
23 2 3133 5546 6336 
23 0 4569 6731 5325 
23 1 20244 23742 5160 
23 0 13426 16449 5325 
23 5 6704 8639 6164 
23 22 21406 24865 6472 
23 10 2161 4797 5418 
23 9 19913 22489 3552 
23 1 4798 8245 3870 
23 12 13770 16210 4470 
23 16 20144 22406 5460 
24 29 10655 13197 3660 
24 12 11993 13460 2694 
24 22 1197 4333 3384 
24 23 6152 8587 3675 
24 0 18012 20514 3156 
24 22 13120 16244 3384 
24 3 103 2283 2322 
24 11 12726 15458 2560 
24 2 11470 14151 3186 
24 27 18780 21335 3471 
24 20 14679 17098 2976 
24 14 13058 14623 1880 
24 2 22000 25603 4248 
24 1 20232 22416 3548 
25 13 11617 14220 6328 
25 19 11340 14323 5404 
25 7 18085 20642 4452 
25 0 19246 21986 5001 
25 15 8342 12179 5444 
25 19 1269 4159 4053 
25 13 10215 12191 3164 
25 4 22107 24196 4275 
25 23 20285 23881 4185 
25 12 6429 8661 3621 
25 6 18172 19901 2364 
25 16 20958 24569 4551 
26 4 13573 16128 5406 
26 17 8281 10070 6544 
26 7 1265 3446 2776 
26 9 12823 14818 5180 
26 12 4551 7076 6812 
26 1 853 5036 4940 
26 3 3169 6318 2702 
26 15 5693 8011 2998 
26 14 4543 7521 6220 
26 22 18269 19720 3236 
26 14 21078 25326 3110 
26 7 13191 15097 2776 
27 2 6335 8767 6028 
27 4 22628 24866 7796 
27 15 4447 6616 6348 
27 8 6457 8812 3780 
27 26 17694 19189 6108 
27 0 8863 10369 6456 
27 15 9833 11232 6348 
27 22 19601 22395 2596 
27 26 17685 19739 3054 
27 12 9984 12193 6224 
27 13 2534 5257 5514 
27 5 17270 19115 4122 
28 5 13035 16037 2727 
28 3 13032 15637 2505 
28 18 1691 4140 4888 
28 7 19429 22166 2619 
28 21 10810 13453 2646 
28 10 13160 14901 4026 
28 1 8395 12169 3128 
28 18 1678 4200 2444 
28 19 2080 4258 4292 
28 9 19905 22086 1380 
28 27 1825 5985 4708 
28 27 4792 7370 4708 
29 6 2160 4178 5068 
29 0 1747 5190 3354 
29 22 14398 17660 2128 
29 20 6597 9279 3198 
29 1 19887 22273 3309 
29 7 22363 23888 2216 
29 16 17382 20281 5748 
29 20 8532 11227 4264 
29 6 12561 14345 2534 
29 7 22278 23753 4432 
29 3 485 3595 4152 
29 7 5722 7946 3324 

0 1 0 3104
0 1 1 3104
0 1 2 0
0 1 3 0
0 1 4 0
0 2 0 3737
0 2 1 3737
0 2 2 3737
0 2 3 0
0 2 4 0
0 3 0 0
0 3 1 0
0 3 2 0
0 3 3 0
0 3 4 0
0 4 0 0
0 4 1 0
0 4 2 0
0 4 3 0
0 4 4 0
0 5 0 0
0 5 1 0
0 5 2 0
0 5 3 0
0 5 4 0
0 6 0 0
0 6 1 0
0 6 2 0
0 6 3 0
0 6 4 0
0 7 0 0
0 7 1 0
0 7 2 0
0 7 3 0
0 7 4 0
0 8 0 0
0 8 1 0
0 8 2 0
0 8 3 0
0 8 4 0
0 9 0 0
0 9 1 0
0 9 2 0
0 9 3 0
0 9 4 0
0 10 0 0
0 10 1 0
0 10 2 0
0 10 3 0
0 10 4 0
0 11 0 0
0 11 1 0
0 11 2 0
0 11 3 0
0 11 4 0
0 12 0 0
0 12 1 0
0 12 2 0
0 12 3 0
0 12 4 0
0 13 0 0
0 13 1 0
0 13 2 0
0 13 3 0
0 13 4 0
0 14 0 0
0 14 1 0
0 14 2 0
0 14 3 0
0 14 4 0
0 15 0 0
0 15 1 0
0 15 2 0
0 15 3 0
0 15 4 0
0 16 0 0
0 16 1 0
0 16 2 0
0 16 3 0
0 16 4 0
0 17 0 0
0 17 1 0
0 17 2 0
0 17 3 0
0 17 4 0
0 18 0 0
0 18 1 0
0 18 2 0
0 18 3 0
0 18 4 0
0 19 0 0
0 19 1 0
0 19 2 0
0 19 3 0
0 19 4 0
0 20 0 0
0 20 1 0
0 20 2 0
0 20 3 0
0 20 4 0
0 21 0 0
0 21 1 0
0 21 2 0
0 21 3 0
0 21 4 0
0 22 0 0
0 22 1 0
0 22 2 0
0 22 3 0
0 22 4 0
0 23 0 0
0 23 1 0
0 23 2 0
0 23 3 0
0 23 4 0
0 24 0 3080
0 24 1 3080
0 24 2 0
0 24 3 0
0 24 4 0
0 25 0 0
0 25 1 0
0 25 2 0
0 25 3 0
0 25 4 0
0 26 0 0
0 26 1 0
0 26 2 0
0 26 3 0
0 26 4 0
0 27 0 0
0 27 1 0
0 27 2 0
0 27 3 0
0 27 4 0
0 28 0 3386
0 28 1 3386
0 28 2 0
0 28 3 0
0 28 4 0
0 29 0 0
0 29 1 0
0 29 2 0
0 29 3 0
0 29 4 0
1 0 0 3104
1 0 1 3104
1 0 2 0
1 0 3 0
1 0 4 0
1 2 0 0
1 2 1 0
1 2 2 0
1 2 3 0
1 2 4 0
1 3 0 0
1 3 1 0
1 3 2 0
1 3 3 0
1 3 4 0
1 4 0 0
1 4 1 0
1 4 2 0
1 4 3 0
1 4 4 0
1 5 0 0
1 5 1 0
1 5 2 0
1 5 3 0
1 5 4 0
1 6 0 0
1 6 1 0
1 6 2 0
1 6 3 0
1 6 4 0
1 7 0 0
1 7 1 0
1 7 2 0
1 7 3 0
1 7 4 0
1 8 0 4072
1 8 1 4072
1 8 2 0
1 8 3 0
1 8 4 0
1 9 0 0
1 9 1 0
1 9 2 0
1 9 3 0
1 9 4 0
1 10 0 0
1 10 1 0
1 10 2 0
1 10 3 0
1 10 4 0
1 11 0 0
1 11 1 0
1 11 2 0
1 11 3 0
1 11 4 0
1 12 0 0
1 12 1 0
1 12 2 0
1 12 3 0
1 12 4 0
1 13 0 0
1 13 1 0
1 13 2 0
1 13 3 0
1 13 4 0
1 14 0 0
1 14 1 0
1 14 2 0
1 14 3 0
1 14 4 0
1 15 0 0
1 15 1 0
1 15 2 0
1 15 3 0
1 15 4 0
1 16 0 0
1 16 1 0
1 16 2 0
1 16 3 0
1 16 4 0
1 17 0 0
1 17 1 0
1 17 2 0
1 17 3 0
1 17 4 0
1 18 0 3565
1 18 1 3565
1 18 2 3565
1 18 3 0
1 18 4 0
1 19 0 0
1 19 1 0
1 19 2 0
1 19 3 0
1 19 4 0
1 20 0 4505
1 20 1 4505
1 20 2 4505
1 20 3 0
1 20 4 0
1 21 0 3367
1 21 1 3367
1 21 2 0
1 21 3 0
1 21 4 0
1 22 0 0
1 22 1 0
1 22 2 0
1 22 3 0
1 22 4 0
1 23 0 0
1 23 1 0
1 23 2 0
1 23 3 0
1 23 4 0
1 24 0 0
1 24 1 0
1 24 2 0
1 24 3 0
1 24 4 0
1 25 0 0
1 25 1 0
1 25 2 0
1 25 3 0
1 25 4 0
1 26 0 0
1 26 1 0
1 26 2 0
1 26 3 0
1 26 4 0
1 27 0 0
1 27 1 0
1 27 2 0
1 27 3 0
1 27 4 0
1 28 0 0
1 28 1 0
1 28 2 0
1 28 3 0
1 28 4 0
1 29 0 3144
1 29 1 3144
1 29 2 0
1 29 3 0
1 29 4 0
2 0 0 3737
2 0 1 3737
2 0 2 3737
2 0 3 0
2 0 4 0
2 1 0 0
2 1 1 0
2 1 2 0
2 1 3 0
2 1 4 0
2 3 0 0
2 3 1 0
2 3 2 0
2 3 3 0
2 3 4 0
2 4 0 0
2 4 1 0
2 4 2 0
2 4 3 0
2 4 4 0
2 5 0 0
2 5 1 0
2 5 2 0
2 5 3 0
2 5 4 0
2 6 0 0
2 6 1 0
2 6 2 0
2 6 3 0
2 6 4 0
2 7 0 0
2 7 1 0
2 7 2 0
2 7 3 0
2 7 4 0
2 8 0 0
2 8 1 0
2 8 2 0
2 8 3 0
2 8 4 0
2 9 0 0
2 9 1 0
2 9 2 0
2 9 3 0
2 9 4 0
2 10 0 3432
2 10 1 3432
2 10 2 0
2 10 3 0
2 10 4 0
2 11 0 0
2 11 1 0
2 11 2 0
2 11 3 0
2 11 4 0
2 12 0 0
2 12 1 0
2 12 2 0
2 12 3 0
2 12 4 0
2 13 0 3661
2 13 1 3661
2 13 2 3661
2 13 3 0
2 13 4 0
2 14 0 0
2 14 1 0
2 14 2 0
2 14 3 0
2 14 4 0
2 15 0 3789
2 15 1 3789
2 15 2 3789
2 15 3 0
2 15 4 0
2 16 0 0
2 16 1 0
2 16 2 0
2 16 3 0
2 16 4 0
2 17 0 0
2 17 1 0
2 17 2 0
2 17 3 0
2 17 4 0
2 18 0 0
2 18 1 0
2 18 2 0
2 18 3 0
2 18 4 0
2 19 0 3646
2 19 1 3646
2 19 2 0
2 19 3 0
2 19 4 0
2 20 0 0
2 20 1 0
2 20 2 0
2 20 3 0
2 20 4 0
2 21 0 3729
2 21 1 3729
2 21 2 0
2 21 3 0
2 21 4 0
2 22 0 3480
2 22 1 3480
2 22 2 3480
2 22 3 0
2 22 4 0
2 23 0 0
2 23 1 0
2 23 2 0
2 23 3 0
2 23 4 0
2 24 0 0
2 24 1 0
2 24 2 0
2 24 3 0
2 24 4 0
2 25 0 3550
2 25 1 3550
2 25 2 3550
2 25 3 0
2 25 4 0
2 26 0 0
2 26 1 0
2 26 2 0
2 26 3 0
2 26 4 0
2 27 0 3771
2 27 1 3771
2 27 2 0
2 27 3 0
2 27 4 0
2 28 0 4822
2 28 1 4822
2 28 2 4822
2 28 3 0
2 28 4 0
2 29 0 0
2 29 1 0
2 29 2 0
2 29 3 0
2 29 4 0
3 0 0 0
3 0 1 0
3 0 2 0
3 0 3 0
3 0 4 0
3 1 0 0
3 1 1 0
3 1 2 0
3 1 3 0
3 1 4 0
3 2 0 0
3 2 1 0
3 2 2 0
3 2 3 0
3 2 4 0
3 4 0 3523
3 4 1 3523
3 4 2 0
3 4 3 0
3 4 4 0
3 5 0 0
3 5 1 0
3 5 2 0
3 5 3 0
3 5 4 0
3 6 0 3201
3 6 1 3201
3 6 2 3201
3 6 3 0
3 6 4 0
3 7 0 0
3 7 1 0
3 7 2 0
3 7 3 0
3 7 4 0
3 8 0 0
3 8 1 0
3 8 2 0
3 8 3 0
3 8 4 0
3 9 0 4901
3 9 1 4901
3 9 2 4901
3 9 3 0
3 9 4 0
3 10 0 0
3 10 1 0
3 10 2 0
3 10 3 0
3 10 4 0
3 11 0 0
3 11 1 0
3 11 2 0
3 11 3 0
3 11 4 0
3 12 0 0
3 12 1 0
3 12 2 0
3 12 3 0
3 12 4 0
3 13 0 0
3 13 1 0
3 13 2 0
3 13 3 0
3 13 4 0
3 14 0 0
3 14 1 0
3 14 2 0
3 14 3 0
3 14 4 0
3 15 0 4681
3 15 1 4681
3 15 2 4681
3 15 3 0
3 15 4 0
3 16 0 0
3 16 1 0
3 16 2 0
3 16 3 0
3 16 4 0
3 17 0 3745
3 17 1 3745
3 17 2 3745
3 17 3 0
3 17 4 0
3 18 0 0
3 18 1 0
3 18 2 0
3 18 3 0
3 18 4 0
3 19 0 3197
3 19 1 3197
3 19 2 3197
3 19 3 0
3 19 4 0
3 20 0 4165
3 20 1 4165
3 20 2 0
3 20 3 0
3 20 4 0
3 21 0 0
3 21 1 0
3 21 2 0
3 21 3 0
3 21 4 0
3 22 0 0
3 22 1 0
3 22 2 0
3 22 3 0
3 22 4 0
3 23 0 3669
3 23 1 3669
3 23 2 0
3 23 3 0
3 23 4 0
3 24 0 0
3 24 1 0
3 24 2 0
3 24 3 0
3 24 4 0
3 25 0 0
3 25 1 0
3 25 2 0
3 25 3 0
3 25 4 0
3 26 0 0
3 26 1 0
3 26 2 0
3 26 3 0
3 26 4 0
3 27 0 0
3 27 1 0
3 27 2 0
3 27 3 0
3 27 4 0
3 28 0 0
3 28 1 0
3 28 2 0
3 28 3 0
3 28 4 0
3 29 0 3312
3 29 1 3312
3 29 2 0
3 29 3 0
3 29 4 0
4 0 0 0
4 0 1 0
4 0 2 0
4 0 3 0
4 0 4 0
4 1 0 0
4 1 1 0
4 1 2 0
4 1 3 0
4 1 4 0
4 2 0 0
4 2 1 0
4 2 2 0
4 2 3 0
4 2 4 0
4 3 0 3523
4 3 1 3523
4 3 2 0
4 3 3 0
4 3 4 0
4 5 0 0
4 5 1 0
4 5 2 0
4 5 3 0
4 5 4 0
4 6 0 0
4 6 1 0
4 6 2 0
4 6 3 0
4 6 4 0
4 7 0 0
4 7 1 0
4 7 2 0
4 7 3 0
4 7 4 0
4 8 0 3521
4 8 1 3521
4 8 2 0
4 8 3 0
4 8 4 0
4 9 0 0
4 9 1 0
4 9 2 0
4 9 3 0
4 9 4 0
4 10 0 0
4 10 1 0
4 10 2 0
4 10 3 0
4 10 4 0
4 11 0 3310
4 11 1 3310
4 11 2 3310
4 11 3 0
4 11 4 0
4 12 0 0
4 12 1 0
4 12 2 0
4 12 3 0
4 12 4 0
4 13 0 3457
4 13 1 3457
4 13 2 0
4 13 3 0
4 13 4 0
4 14 0 3339
4 14 1 3339
4 14 2 0
4 14 3 0
4 14 4 0
4 15 0 0
4 15 1 0
4 15 2 0
4 15 3 0
4 15 4 0
4 16 0 0
4 16 1 0
4 16 2 0
4 16 3 0
4 16 4 0
4 17 0 3650
4 17 1 3650
4 17 2 0
4 17 3 0
4 17 4 0
4 18 0 0
4 18 1 0
4 18 2 0
4 18 3 0
4 18 4 0
4 19 0 0
4 19 1 0
4 19 2 0
4 19 3 0
4 19 4 0
4 20 0 0
4 20 1 0
4 20 2 0
4 20 3 0
4 20 4 0
4 21 0 0
4 21 1 0
4 21 2 0
4 21 3 0
4 21 4 0
4 22 0 0
4 22 1 0
4 22 2 0
4 22 3 0
4 22 4 0
4 23 0 3728
4 23 1 3728
4 23 2 0
4 23 3 0
4 23 4 0
4 24 0 0
4 24 1 0
4 24 2 0
4 24 3 0
4 24 4 0
4 25 0 0
4 25 1 0
4 25 2 0
4 25 3 0
4 25 4 0
4 26 0 0
4 26 1 0
4 26 2 0
4 26 3 0
4 26 4 0
4 27 0 3828
4 27 1 3828
4 27 2 3828
4 27 3 0
4 27 4 0
4 28 0 0
4 28 1 0
4 28 2 0
4 28 3 0
4 28 4 0
4 29 0 0
4 29 1 0
4 29 2 0
4 29 3 0
4 29 4 0
5 0 0 0
5 0 1 0
5 0 2 0
5 0 3 0
5 0 4 0
5 1 0 0
5 1 1 0
5 1 2 0
5 1 3 0
5 1 4 0
5 2 0 0
5 2 1 0
5 2 2 0
5 2 3 0
5 2 4 0
5 3 0 0
5 3 1 0
5 3 2 0
5 3 3 0
5 3 4 0
5 4 0 0
5 4 1 0
5 4 2 0
5 4 3 0
5 4 4 0
5 6 0 0
5 6 1 0
5 6 2 0
5 6 3 0
5 6 4 0
5 7 0 0
5 7 1 0
5 7 2 0
5 7 3 0
5 7 4 0
5 8 0 0
5 8 1 0
5 8 2 0
5 8 3 0
5 8 4 0
5 9 0 0
5 9 1 0
5 9 2 0
5 9 3 0
5 9 4 0
5 10 0 0
5 10 1 0
5 10 2 0
5 10 3 0
5 10 4 0
5 11 0 0
5 11 1 0
5 11 2 0
5 11 3 0
5 11 4 0
5 12 0 0
5 12 1 0
5 12 2 0
5 12 3 0
5 12 4 0
5 13 0 0
5 13 1 0
5 13 2 0
5 13 3 0
5 13 4 0
5 14 0 0
5 14 1 0
5 14 2 0
5 14 3 0
5 14 4 0
5 15 0 0
5 15 1 0
5 15 2 0
5 15 3 0
5 15 4 0
5 16 0 0
5 16 1 0
5 16 2 0
5 16 3 0
5 16 4 0
5 17 0 0
5 17 1 0
5 17 2 0
5 17 3 0
5 17 4 0
5 18 0 0
5 18 1 0
5 18 2 0
5 18 3 0
5 18 4 0
5 19 0 0
5 19 1 0
5 19 2 0
5 19 3 0
5 19 4 0
5 20 0 0
5 20 1 0
5 20 2 0
5 20 3 0
5 20 4 0
5 21 0 3335
5 21 1 3335
5 21 2 3335
5 21 3 0
5 21 4 0
5 22 0 0
5 22 1 0
5 22 2 0
5 22 3 0
5 22 4 0
5 23 0 3826
5 23 1 3826
5 23 2 0
5 23 3 0
5 23 4 0
5 24 0 0
5 24 1 0
5 24 2 0
5 24 3 0
5 24 4 0
5 25 0 3742
5 25 1 3742
5 25 2 3742
5 25 3 0
5 25 4 0
5 26 0 0
5 26 1 0
5 26 2 0
5 26 3 0
5 26 4 0
5 27 0 3117
5 27 1 3117
5 27 2 0
5 27 3 0
5 27 4 0
5 28 0 0
5 28 1 0
5 28 2 0
5 28 3 0
5 28 4 0
5 29 0 0
5 29 1 0
5 29 2 0
5 29 3 0
5 29 4 0
6 0 0 0
6 0 1 0
6 0 2 0
6 0 3 0
6 0 4 0
6 1 0 0
6 1 1 0
6 1 2 0
6 1 3 0
6 1 4 0
6 2 0 0
6 2 1 0
6 2 2 0
6 2 3 0
6 2 4 0
6 3 0 3201
6 3 1 3201
6 3 2 3201
6 3 3 0
6 3 4 0
6 4 0 0
6 4 1 0
6 4 2 0
6 4 3 0
6 4 4 0
6 5 0 0
6 5 1 0
6 5 2 0
6 5 3 0
6 5 4 0
6 7 0 0
6 7 1 0
6 7 2 0
6 7 3 0
6 7 4 0
6 8 0 0
6 8 1 0
6 8 2 0
6 8 3 0
6 8 4 0
6 9 0 0
6 9 1 0
6 9 2 0
6 9 3 0
6 9 4 0
6 10 0 0
6 10 1 0
6 10 2 0
6 10 3 0
6 10 4 0
6 11 0 3496
6 11 1 3496
6 11 2 3496
6 11 3 0
6 11 4 0
6 12 0 0
6 12 1 0
6 12 2 0
6 12 3 0
6 12 4 0
6 13 0 0
6 13 1 0
6 13 2 0
6 13 3 0
6 13 4 0
6 14 0 3426
6 14 1 3426
6 14 2 0
6 14 3 0
6 14 4 0
6 15 0 0
6 15 1 0
6 15 2 0
6 15 3 0
6 15 4 0
6 16 0 0
6 16 1 0
6 16 2 0
6 16 3 0
6 16 4 0
6 17 0 0
6 17 1 0
6 17 2 0
6 17 3 0
6 17 4 0
6 18 0 0
6 18 1 0
6 18 2 0
6 18 3 0
6 18 4 0
6 19 0 0
6 19 1 0
6 19 2 0
6 19 3 0
6 19 4 0
6 20 0 0
6 20 1 0
6 20 2 0
6 20 3 0
6 20 4 0
6 21 0 0
6 21 1 0
6 21 2 0
6 21 3 0
6 21 4 0
6 22 0 0
6 22 1 0
6 22 2 0
6 22 3 0
6 22 4 0
6 23 0 0
6 23 1 0
6 23 2 0
6 23 3 0
6 23 4 0
6 24 0 0
6 24 1 0
6 24 2 0
6 24 3 0
6 24 4 0
6 25 0 0
6 25 1 0
6 25 2 0
6 25 3 0
6 25 4 0
6 26 0 0
6 26 1 0
6 26 2 0
6 26 3 0
6 26 4 0
6 27 0 0
6 27 1 0
6 27 2 0
6 27 3 0
6 27 4 0
6 28 0 0
6 28 1 0
6 28 2 0
6 28 3 0
6 28 4 0
6 29 0 3045
6 29 1 3045
6 29 2 0
6 29 3 0
6 29 4 0
7 0 0 0
7 0 1 0
7 0 2 0
7 0 3 0
7 0 4 0
7 1 0 0
7 1 1 0
7 1 2 0
7 1 3 0
7 1 4 0
7 2 0 0
7 2 1 0
7 2 2 0
7 2 3 0
7 2 4 0
7 3 0 0
7 3 1 0
7 3 2 0
7 3 3 0
7 3 4 0
7 4 0 0
7 4 1 0
7 4 2 0
7 4 3 0
7 4 4 0
7 5 0 0
7 5 1 0
7 5 2 0
7 5 3 0
7 5 4 0
7 6 0 0
7 6 1 0
7 6 2 0
7 6 3 0
7 6 4 0
7 8 0 0
7 8 1 0
7 8 2 0
7 8 3 0
7 8 4 0
7 9 0 0
7 9 1 0
7 9 2 0
7 9 3 0
7 9 4 0
7 10 0 0
7 10 1 0
7 10 2 0
7 10 3 0
7 10 4 0
7 11 0 0
7 11 1 0
7 11 2 0
7 11 3 0
7 11 4 0
7 12 0 0
7 12 1 0
7 12 2 0
7 12 3 0
7 12 4 0
7 13 0 0
7 13 1 0
7 13 2 0
7 13 3 0
7 13 4 0
7 14 0 0
7 14 1 0
7 14 2 0
7 14 3 0
7 14 4 0
7 15 0 0
7 15 1 0
7 15 2 0
7 15 3 0
7 15 4 0
7 16 0 0
7 16 1 0
7 16 2 0
7 16 3 0
7 16 4 0
7 17 0 3760
7 17 1 3760
7 17 2 0
7 17 3 0
7 17 4 0
7 18 0 0
7 18 1 0
7 18 2 0
7 18 3 0
7 18 4 0
7 19 0 3261
7 19 1 3261
7 19 2 0
7 19 3 0
7 19 4 0
7 20 0 3327
7 20 1 3327
7 20 2 0
7 20 3 0
7 20 4 0
7 21 0 0
7 21 1 0
7 21 2 0
7 21 3 0
7 21 4 0
7 22 0 0
7 22 1 0
7 22 2 0
7 22 3 0
7 22 4 0
7 23 0 0
7 23 1 0
7 23 2 0
7 23 3 0
7 23 4 0
7 24 0 0
7 24 1 0
7 24 2 0
7 24 3 0
7 24 4 0
7 25 0 0
7 25 1 0
7 25 2 0
7 25 3 0
7 25 4 0
7 26 0 0
7 26 1 0
7 26 2 0
7 26 3 0
7 26 4 0
7 27 0 3479
7 27 1 3479
7 27 2 3479
7 27 3 0
7 27 4 0
7 28 0 0
7 28 1 0
7 28 2 0
7 28 3 0
7 28 4 0
7 29 0 0
7 29 1 0
7 29 2 0
7 29 3 0
7 29 4 0
8 0 0 0
8 0 1 0
8 0 2 0
8 0 3 0
8 0 4 0
8 1 0 4072
8 1 1 4072
8 1 2 0
8 1 3 0
8 1 4 0
8 2 0 0
8 2 1 0
8 2 2 0
8 2 3 0
8 2 4 0
8 3 0 0
8 3 1 0
8 3 2 0
8 3 3 0
8 3 4 0
8 4 0 3521
8 4 1 3521
8 4 2 0
8 4 3 0
8 4 4 0
8 5 0 0
8 5 1 0
8 5 2 0
8 5 3 0
8 5 4 0
8 6 0 0
8 6 1 0
8 6 2 0
8 6 3 0
8 6 4 0
8 7 0 0
8 7 1 0
8 7 2 0
8 7 3 0
8 7 4 0
8 9 0 4154
8 9 1 4154
8 9 2 0
8 9 3 0
8 9 4 0
8 10 0 0
8 10 1 0
8 10 2 0
8 10 3 0
8 10 4 0
8 11 0 0
8 11 1 0
8 11 2 0
8 11 3 0
8 11 4 0
8 12 0 0
8 12 1 0
8 12 2 0
8 12 3 0
8 12 4 0
8 13 0 0
8 13 1 0
8 13 2 0
8 13 3 0
8 13 4 0
8 14 0 3723
8 14 1 3723
8 14 2 0
8 14 3 0
8 14 4 0
8 15 0 0
8 15 1 0
8 15 2 0
8 15 3 0
8 15 4 0
8 16 0 0
8 16 1 0
8 16 2 0
8 16 3 0
8 16 4 0
8 17 0 0
8 17 1 0
8 17 2 0
8 17 3 0
8 17 4 0
8 18 0 0
8 18 1 0
8 18 2 0
8 18 3 0
8 18 4 0
8 19 0 0
8 19 1 0
8 19 2 0
8 19 3 0
8 19 4 0
8 20 0 0
8 20 1 0
8 20 2 0
8 20 3 0
8 20 4 0
8 21 0 0
8 21 1 0
8 21 2 0
8 21 3 0
8 21 4 0
8 22 0 3288
8 22 1 3288
8 22 2 0
8 22 3 0
8 22 4 0
8 23 0 0
8 23 1 0
8 23 2 0
8 23 3 0
8 23 4 0
8 24 0 0
8 24 1 0
8 24 2 0
8 24 3 0
8 24 4 0
8 25 0 0
8 25 1 0
8 25 2 0
8 25 3 0
8 25 4 0
8 26 0 0
8 26 1 0
8 26 2 0
8 26 3 0
8 26 4 0
8 27 0 3288
8 27 1 3288
8 27 2 3288
8 27 3 0
8 27 4 0
8 28 0 0
8 28 1 0
8 28 2 0
8 28 3 0
8 28 4 0
8 29 0 3581
8 29 1 3581
8 29 2 3581
8 29 3 0
8 29 4 0
9 0 0 0
9 0 1 0
9 0 2 0
9 0 3 0
9 0 4 0
9 1 0 0
9 1 1 0
9 1 2 0
9 1 3 0
9 1 4 0
9 2 0 0
9 2 1 0
9 2 2 0
9 2 3 0
9 2 4 0
9 3 0 4901
9 3 1 4901
9 3 2 4901
9 3 3 0
9 3 4 0
9 4 0 0
9 4 1 0
9 4 2 0
9 4 3 0
9 4 4 0
9 5 0 0
9 5 1 0
9 5 2 0
9 5 3 0
9 5 4 0
9 6 0 0
9 6 1 0
9 6 2 0
9 6 3 0
9 6 4 0
9 7 0 0
9 7 1 0
9 7 2 0
9 7 3 0
9 7 4 0
9 8 0 4154
9 8 1 4154
9 8 2 0
9 8 3 0
9 8 4 0
9 10 0 0
9 10 1 0
9 10 2 0
9 10 3 0
9 10 4 0
9 11 0 0
9 11 1 0
9 11 2 0
9 11 3 0
9 11 4 0
9 12 0 3539
9 12 1 3539
9 12 2 3539
9 12 3 0
9 12 4 0
9 13 0 3967
9 13 1 3967
9 13 2 0
9 13 3 0
9 13 4 0
9 14 0 0
9 14 1 0
9 14 2 0
9 14 3 0
9 14 4 0
9 15 0 0
9 15 1 0
9 15 2 0
9 15 3 0
9 15 4 0
9 16 0 0
9 16 1 0
9 16 2 0
9 16 3 0
9 16 4 0
9 17 0 0
9 17 1 0
9 17 2 0
9 17 3 0
9 17 4 0
9 18 0 3455
9 18 1 3455
9 18 2 0
9 18 3 0
9 18 4 0
9 19 0 0
9 19 1 0
9 19 2 0
9 19 3 0
9 19 4 0
9 20 0 0
9 20 1 0
9 20 2 0
9 20 3 0
9 20 4 0
9 21 0 0
9 21 1 0
9 21 2 0
9 21 3 0
9 21 4 0
9 22 0 0
9 22 1 0
9 22 2 0
9 22 3 0
9 22 4 0
9 23 0 0
9 23 1 0
9 23 2 0
9 23 3 0
9 23 4 0
9 24 0 4171
9 24 1 4171
9 24 2 4171
9 24 3 0
9 24 4 0
9 25 0 0
9 25 1 0
9 25 2 0
9 25 3 0
9 25 4 0
9 26 0 0
9 26 1 0
9 26 2 0
9 26 3 0
9 26 4 0
9 27 0 0
9 27 1 0
9 27 2 0
9 27 3 0
9 27 4 0
9 28 0 0
9 28 1 0
9 28 2 0
9 28 3 0
9 28 4 0
9 29 0 0
9 29 1 0
9 29 2 0
9 29 3 0
9 29 4 0
10 0 0 0
10 0 1 0
10 0 2 0
10 0 3 0
10 0 4 0
10 1 0 0
10 1 1 0
10 1 2 0
10 1 3 0
10 1 4 0
10 2 0 3432
10 2 1 3432
10 2 2 0
10 2 3 0
10 2 4 0
10 3 0 0
10 3 1 0
10 3 2 0
10 3 3 0
10 3 4 0
10 4 0 0
10 4 1 0
10 4 2 0
10 4 3 0
10 4 4 0
10 5 0 0
10 5 1 0
10 5 2 0
10 5 3 0
10 5 4 0
10 6 0 0
10 6 1 0
10 6 2 0
10 6 3 0
10 6 4 0
10 7 0 0
10 7 1 0
10 7 2 0
10 7 3 0
10 7 4 0
10 8 0 0
10 8 1 0
10 8 2 0
10 8 3 0
10 8 4 0
10 9 0 0
10 9 1 0
10 9 2 0
10 9 3 0
10 9 4 0
10 11 0 0
10 11 1 0
10 11 2 0
10 11 3 0
10 11 4 0
10 12 0 0
10 12 1 0
10 12 2 0
10 12 3 0
10 12 4 0
10 13 0 0
10 13 1 0
10 13 2 0
10 13 3 0
10 13 4 0
10 14 0 0
10 14 1 0
10 14 2 0
10 14 3 0
10 14 4 0
10 15 0 0
10 15 1 0
10 15 2 0
10 15 3 0
10 15 4 0
10 16 0 0
10 16 1 0
10 16 2 0
10 16 3 0
10 16 4 0
10 17 0 0
10 17 1 0
10 17 2 0
10 17 3 0
10 17 4 0
10 18 0 3032
10 18 1 3032
10 18 2 0
10 18 3 0
10 18 4 0
10 19 0 0
10 19 1 0
10 19 2 0
10 19 3 0
10 19 4 0
10 20 0 3575
10 20 1 3575
10 20 2 0
10 20 3 0
10 20 4 0
10 21 0 0
10 21 1 0
10 21 2 0
10 21 3 0
10 21 4 0
10 22 0 0
10 22 1 0
10 22 2 0
10 22 3 0
10 22 4 0
10 23 0 0
10 23 1 0
10 23 2 0
10 23 3 0
10 23 4 0
10 24 0 3116
10 24 1 3116
10 24 2 0
10 24 3 0
10 24 4 0
10 25 0 0
10 25 1 0
10 25 2 0
10 25 3 0
10 25 4 0
10 26 0 0
10 26 1 0
10 26 2 0
10 26 3 0
10 26 4 0
10 27 0 0
10 27 1 0
10 27 2 0
10 27 3 0
10 27 4 0
10 28 0 0
10 28 1 0
10 28 2 0
10 28 3 0
10 28 4 0
10 29 0 0
10 29 1 0
10 29 2 0
10 29 3 0
10 29 4 0
11 0 0 0
11 0 1 0
11 0 2 0
11 0 3 0
11 0 4 0
11 1 0 0
11 1 1 0
11 1 2 0
11 1 3 0
11 1 4 0
11 2 0 0
11 2 1 0
11 2 2 0
11 2 3 0
11 2 4 0
11 3 0 0
11 3 1 0
11 3 2 0
11 3 3 0
11 3 4 0
11 4 0 3310
11 4 1 3310
11 4 2 3310
11 4 3 0
11 4 4 0
11 5 0 0
11 5 1 0
11 5 2 0
11 5 3 0
11 5 4 0
11 6 0 3496
11 6 1 3496
11 6 2 3496
11 6 3 0
11 6 4 0
11 7 0 0
11 7 1 0
11 7 2 0
11 7 3 0
11 7 4 0
11 8 0 0
11 8 1 0
11 8 2 0
11 8 3 0
11 8 4 0
11 9 0 0
11 9 1 0
11 9 2 0
11 9 3 0
11 9 4 0
11 10 0 0
11 10 1 0
11 10 2 0
11 10 3 0
11 10 4 0
11 12 0 3520
11 12 1 3520
11 12 2 0
11 12 3 0
11 12 4 0
11 13 0 3692
11 13 1 3692
11 13 2 0
11 13 3 0
11 13 4 0
11 14 0 0
11 14 1 0
11 14 2 0
11 14 3 0
11 14 4 0
11 15 0 0
11 15 1 0
11 15 2 0
11 15 3 0
11 15 4 0
11 16 0 0
11 16 1 0
11 16 2 0
11 16 3 0
11 16 4 0
11 17 0 0
11 17 1 0
11 17 2 0
11 17 3 0
11 17 4 0
11 18 0 0
11 18 1 0
11 18 2 0
11 18 3 0
11 18 4 0
11 19 0 0
11 19 1 0
11 19 2 0
11 19 3 0
11 19 4 0
11 20 0 4800
11 20 1 4800
11 20 2 4800
11 20 3 0
11 20 4 0
11 21 0 0
11 21 1 0
11 21 2 0
11 21 3 0
11 21 4 0
11 22 0 0
11 22 1 0
11 22 2 0
11 22 3 0
11 22 4 0
11 23 0 0
11 23 1 0
11 23 2 0
11 23 3 0
11 23 4 0
11 24 0 0
11 24 1 0
11 24 2 0
11 24 3 0
11 24 4 0
11 25 0 0
11 25 1 0
11 25 2 0
11 25 3 0
11 25 4 0
11 26 0 0
11 26 1 0
11 26 2 0
11 26 3 0
11 26 4 0
11 27 0 3525
11 27 1 3525
11 27 2 0
11 27 3 0
11 27 4 0
11 28 0 0
11 28 1 0
11 28 2 0
11 28 3 0
11 28 4 0
11 29 0 3033
11 29 1 3033
11 29 2 3033
11 29 3 0
11 29 4 0
12 0 0 0
12 0 1 0
12 0 2 0
12 0 3 0
12 0 4 0
12 1 0 0
12 1 1 0
12 1 2 0
12 1 3 0
12 1 4 0
12 2 0 0
12 2 1 0
12 2 2 0
12 2 3 0
12 2 4 0
12 3 0 0
12 3 1 0
12 3 2 0
12 3 3 0
12 3 4 0
12 4 0 0
12 4 1 0
12 4 2 0
12 4 3 0
12 4 4 0
12 5 0 0
12 5 1 0
12 5 2 0
12 5 3 0
12 5 4 0
12 6 0 0
12 6 1 0
12 6 2 0
12 6 3 0
12 6 4 0
12 7 0 0
12 7 1 0
12 7 2 0
12 7 3 0
12 7 4 0
12 8 0 0
12 8 1 0
12 8 2 0
12 8 3 0
12 8 4 0
12 9 0 3539
12 9 1 3539
12 9 2 3539
12 9 3 0
12 9 4 0
12 10 0 0
12 10 1 0
12 10 2 0
12 10 3 0
12 10 4 0
12 11 0 3520
12 11 1 3520
12 11 2 0
12 11 3 0
12 11 4 0
12 13 0 0
12 13 1 0
12 13 2 0
12 13 3 0
12 13 4 0
12 14 0 3319
12 14 1 3319
12 14 2 0
12 14 3 0
12 14 4 0
12 15 0 0
12 15 1 0
12 15 2 0
12 15 3 0
12 15 4 0
12 16 0 3524
12 16 1 3524
12 16 2 0
12 16 3 0
12 16 4 0
12 17 0 3137
12 17 1 3137
12 17 2 3137
12 17 3 0
12 17 4 0
12 18 0 0
12 18 1 0
12 18 2 0
12 18 3 0
12 18 4 0
12 19 0 0
12 19 1 0
12 19 2 0
12 19 3 0
12 19 4 0
12 20 0 0
12 20 1 0
12 20 2 0
12 20 3 0
12 20 4 0
12 21 0 0
12 21 1 0
12 21 2 0
12 21 3 0
12 21 4 0
12 22 0 0
12 22 1 0
12 22 2 0
12 22 3 0
12 22 4 0
12 23 0 0
12 23 1 0
12 23 2 0
12 23 3 0
12 23 4 0
12 24 0 0
12 24 1 0
12 24 2 0
12 24 3 0
12 24 4 0
12 25 0 3576
12 25 1 3576
12 25 2 3576
12 25 3 0
12 25 4 0
12 26 0 0
12 26 1 0
12 26 2 0
12 26 3 0
12 26 4 0
12 27 0 0
12 27 1 0
12 27 2 0
12 27 3 0
12 27 4 0
12 28 0 0
12 28 1 0
12 28 2 0
12 28 3 0
12 28 4 0
12 29 0 0
12 29 1 0
12 29 2 0
12 29 3 0
12 29 4 0
13 0 0 0
13 0 1 0
13 0 2 0
13 0 3 0
13 0 4 0
13 1 0 0
13 1 1 0
13 1 2 0
13 1 3 0
13 1 4 0
13 2 0 3661
13 2 1 3661
13 2 2 3661
13 2 3 0
13 2 4 0
13 3 0 0
13 3 1 0
13 3 2 0
13 3 3 0
13 3 4 0
13 4 0 3457
13 4 1 3457
13 4 2 0
13 4 3 0
13 4 4 0
13 5 0 0
13 5 1 0
13 5 2 0
13 5 3 0
13 5 4 0
13 6 0 0
13 6 1 0
13 6 2 0
13 6 3 0
13 6 4 0
13 7 0 0
13 7 1 0
13 7 2 0
13 7 3 0
13 7 4 0
13 8 0 0
13 8 1 0
13 8 2 0
13 8 3 0
13 8 4 0
13 9 0 3967
13 9 1 3967
13 9 2 0
13 9 3 0
13 9 4 0
13 10 0 0
13 10 1 0
13 10 2 0
13 10 3 0
13 10 4 0
13 11 0 3692
13 11 1 3692
13 11 2 0
13 11 3 0
13 11 4 0
13 12 0 0
13 12 1 0
13 12 2 0
13 12 3 0
13 12 4 0
13 14 0 0
13 14 1 0
13 14 2 0
13 14 3 0
13 14 4 0
13 15 0 3543
13 15 1 3543
13 15 2 3543
13 15 3 0
13 15 4 0
13 16 0 0
13 16 1 0
13 16 2 0
13 16 3 0
13 16 4 0
13 17 0 3314
13 17 1 3314
13 17 2 3314
13 17 3 0
13 17 4 0
13 18 0 3276
13 18 1 3276
13 18 2 0
13 18 3 0
13 18 4 0
13 19 0 0
13 19 1 0
13 19 2 0
13 19 3 0
13 19 4 0
13 20 0 0
13 20 1 0
13 20 2 0
13 20 3 0
13 20 4 0
13 21 0 3908
13 21 1 3908
13 21 2 0
13 21 3 0
13 21 4 0
13 22 0 0
13 22 1 0
13 22 2 0
13 22 3 0
13 22 4 0
13 23 0 0
13 23 1 0
13 23 2 0
13 23 3 0
13 23 4 0
13 24 0 0
13 24 1 0
13 24 2 0
13 24 3 0
13 24 4 0
13 25 0 0
13 25 1 0
13 25 2 0
13 25 3 0
13 25 4 0
13 26 0 0
13 26 1 0
13 26 2 0
13 26 3 0
13 26 4 0
13 27 0 0
13 27 1 0
13 27 2 0
13 27 3 0
13 27 4 0
13 28 0 0
13 28 1 0
13 28 2 0
13 28 3 0
13 28 4 0
13 29 0 0
13 29 1 0
13 29 2 0
13 29 3 0
13 29 4 0
14 0 0 0
14 0 1 0
14 0 2 0
14 0 3 0
14 0 4 0
14 1 0 0
14 1 1 0
14 1 2 0
14 1 3 0
14 1 4 0
14 2 0 0
14 2 1 0
14 2 2 0
14 2 3 0
14 2 4 0
14 3 0 0
14 3 1 0
14 3 2 0
14 3 3 0
14 3 4 0
14 4 0 3339
14 4 1 3339
14 4 2 0
14 4 3 0
14 4 4 0
14 5 0 0
14 5 1 0
14 5 2 0
14 5 3 0
14 5 4 0
14 6 0 3426
14 6 1 3426
14 6 2 0
14 6 3 0
14 6 4 0
14 7 0 0
14 7 1 0
14 7 2 0
14 7 3 0
14 7 4 0
14 8 0 3723
14 8 1 3723
14 8 2 0
14 8 3 0
14 8 4 0
14 9 0 0
14 9 1 0
14 9 2 0
14 9 3 0
14 9 4 0
14 10 0 0
14 10 1 0
14 10 2 0
14 10 3 0
14 10 4 0
14 11 0 0
14 11 1 0
14 11 2 0
14 11 3 0
14 11 4 0
14 12 0 3319
14 12 1 3319
14 12 2 0
14 12 3 0
14 12 4 0
14 13 0 0
14 13 1 0
14 13 2 0
14 13 3 0
14 13 4 0
14 15 0 3246
14 15 1 3246
14 15 2 0
14 15 3 0
14 15 4 0
14 16 0 0
14 16 1 0
14 16 2 0
14 16 3 0
14 16 4 0
14 17 0 0
14 17 1 0
14 17 2 0
14 17 3 0
14 17 4 0
14 18 0 0
14 18 1 0
14 18 2 0
14 18 3 0
14 18 4 0
14 19 0 0
14 19 1 0
14 19 2 0
14 19 3 0
14 19 4 0
14 20 0 0
14 20 1 0
14 20 2 0
14 20 3 0
14 20 4 0
14 21 0 0
14 21 1 0
14 21 2 0
14 21 3 0
14 21 4 0
14 22 0 3103
14 22 1 3103
14 22 2 0
14 22 3 0
14 22 4 0
14 23 0 0
14 23 1 0
14 23 2 0
14 23 3 0
14 23 4 0
14 24 0 3945
14 24 1 3945
14 24 2 0
14 24 3 0
14 24 4 0
14 25 0 0
14 25 1 0
14 25 2 0
14 25 3 0
14 25 4 0
14 26 0 0
14 26 1 0
14 26 2 0
14 26 3 0
14 26 4 0
14 27 0 0
14 27 1 0
14 27 2 0
14 27 3 0
14 27 4 0
14 28 0 0
14 28 1 0
14 28 2 0
14 28 3 0
14 28 4 0
14 29 0 0
14 29 1 0
14 29 2 0
14 29 3 0
14 29 4 0
15 0 0 0
15 0 1 0
15 0 2 0
15 0 3 0
15 0 4 0
15 1 0 0
15 1 1 0
15 1 2 0
15 1 3 0
15 1 4 0
15 2 0 3789
15 2 1 3789
15 2 2 3789
15 2 3 0
15 2 4 0
15 3 0 4681
15 3 1 4681
15 3 2 4681
15 3 3 0
15 3 4 0
15 4 0 0
15 4 1 0
15 4 2 0
15 4 3 0
15 4 4 0
15 5 0 0
15 5 1 0
15 5 2 0
15 5 3 0
15 5 4 0
15 6 0 0
15 6 1 0
15 6 2 0
15 6 3 0
15 6 4 0
15 7 0 0
15 7 1 0
15 7 2 0
15 7 3 0
15 7 4 0
15 8 0 0
15 8 1 0
15 8 2 0
15 8 3 0
15 8 4 0
15 9 0 0
15 9 1 0
15 9 2 0
15 9 3 0
15 9 4 0
15 10 0 0
15 10 1 0
15 10 2 0
15 10 3 0
15 10 4 0
15 11 0 0
15 11 1 0
15 11 2 0
15 11 3 0
15 11 4 0
15 12 0 0
15 12 1 0
15 12 2 0
15 12 3 0
15 12 4 0
15 13 0 3543
15 13 1 3543
15 13 2 3543
15 13 3 0
15 13 4 0
15 14 0 3246
15 14 1 3246
15 14 2 0
15 14 3 0
15 14 4 0
15 16 0 0
15 16 1 0
15 16 2 0
15 16 3 0
15 16 4 0
15 17 0 0
15 17 1 0
15 17 2 0
15 17 3 0
15 17 4 0
15 18 0 0
15 18 1 0
15 18 2 0
15 18 3 0
15 18 4 0
15 19 0 0
15 19 1 0
15 19 2 0
15 19 3 0
15 19 4 0
15 20 0 0
15 20 1 0
15 20 2 0
15 20 3 0
15 20 4 0
15 21 0 0
15 21 1 0
15 21 2 0
15 21 3 0
15 21 4 0
15 22 0 0
15 22 1 0
15 22 2 0
15 22 3 0
15 22 4 0
15 23 0 0
15 23 1 0
15 23 2 0
15 23 3 0
15 23 4 0
15 24 0 0
15 24 1 0
15 24 2 0
15 24 3 0
15 24 4 0
15 25 0 0
15 25 1 0
15 25 2 0
15 25 3 0
15 25 4 0
15 26 0 3797
15 26 1 3797
15 26 2 3797
15 26 3 0
15 26 4 0
15 27 0 0
15 27 1 0
15 27 2 0
15 27 3 0
15 27 4 0
15 28 0 0
15 28 1 0
15 28 2 0
15 28 3 0
15 28 4 0
15 29 0 3974
