40 4 16 514

   0 1205 1284 1702 1264 1058 1609 1000 1538  855 1215 1392 1574 1334  979  908 1349  887 1627 1391  865 1717 1060 1312 1620 1235 1560  927 1018 1227 1525 1675 1343 1592 1052 1041 1031 1359 1376 1351 
1205    0 1342 1568 1311  981 1445  854 1638 1122 1118 1224 1479 1357  938 1129 1188 1041 1664 1373 1008 1630 1146 1316 1554 1252 1379 1185  862 1235 1672 1592 1129 1605 1048 1024 1087 1134 1563 1374 
1284 1342    0 1329 1309  972 1279  866 1487  933 1143 1190 1490 1419  929 1005 1220 1037 1368 1245  914 1573 1008 1213 1430 1357 1611 1072 1151 1190 1513 1565 1276 1456  895 1014 1076 1149 1620 1260 
1702 1568 1329    0 1658 1173 1709 1299 1768 1419 1611 1460 1892 1485 1054 1350 1463 1451 1803 1481 1251 1631 1156 1575 1761 1681 1728 1316 1265 1396 1740 1739 1583 1805 1076 1229 1243 1535 1840 1500 
1264 1311 1309 1658    0 1059 1527 1008 1652 1125 1071 1147 1639 1315 1038  942 1290 1048 1580 1343 1083 1585  867 1330 1376 1284 1569  909 1076 1378 1443 1459 1258 1667 1114  919  997 1236 1678 1158 
1058  981  972 1173 1059    0 1197  618 1192  641 1114 1106 1120 1092  836  748 1139  762 1390 1048  585 1195  609  998 1284  926 1363  820  649 1119 1137 1098  968 1243  668  678  710 1000 1328 1181 
1609 1445 1279 1709 1527 1197    0 1378 1742 1324 1561 1531 1943 1517 1053 1300 1528 1174 1967 1611 1080 1963 1451 1607 1744 1388 1520 1163 1101 1458 1842 1818 1357 1674 1217 1160 1356 1391 1702 1339 
1000  854  866 1299 1008  618 1378    0 1112  828 1052 1167 1340  969  744  867 1085  744 1346  972  787 1179  786  932 1118  947 1096  758  658  871 1286 1173  930 1238  685  883  588  944 1222 1011 
1538 1638 1487 1768 1652 1192 1742 1112    0 1108 1573 1446 1789 1492 1058 1133 1501 1184 1706 1535 1289 1793 1247 1441 1776 1440 1849 1194 1405 1408 1913 2016 1637 1899 1313 1411 1274 1638 2010 1647 
 855 1122  933 1419 1125  641 1324  828 1108    0  900 1066 1407  857  575  828  983  572 1134 1043  716 1438  815  921 1333 1099 1087  634  820 1074 1197 1297 1086 1073  654  639  802  996 1144 1074 
1215 1118 1143 1611 1071 1114 1561 1052 1573  900    0 1123 1630 1104  917 1073 1190  959 1609 1319  867 1513 1112 1145 1591 1411 1623 1057 1081 1292 1686 1458 1130 1343 1032 1067  839 1362 1340 1201 
1392 1224 1190 1460 1147 1106 1531 1167 1446 1066 1123    0 1496 1277 1069  865 1208 1074 1407 1340 1063 1404  962 1395 1686 1263 1474 1112 1142 1376 1644 1442 1162 1526  985 1079 1133 1295 1613 1120 
1574 1479 1490 1892 1639 1120 1943 1340 1789 1407 1630 1496    0 1631 1080 1121 1438 1327 1697 1348 1415 1603 1189 1682 1760 1513 1651 1291 1373 1500 1917 1684 1573 1816 1120 1360 1290 1635 1757 1663 
1334 1357 1419 1485 1315 1092 1517  969 1492  857 1104 1277 1631    0  885  911 1222  967 1513 1200 1066 1511 1007 1403 1588 1259 1610  984  897 1257 1552 1553 1265 1451  880  921 1040 1231 1544 1276 
 979  938  929 1054 1038  836 1053  744 1058  575  917 1069 1080  885    0  750 1145  690 1325  870  740 1201  687 1129 1366  957 1290  775  670  932 1199 1195  913 1175  713  727  630 1007 1382 1152 
 908 1129 1005 1350  942  748 1300  867 1133  828 1073  865 1121  911  750    0  826  595 1121  932  814 1415  754  967 1101 1007 1331  883  824 1036 1064 1089 1058 1341  716  577  761 1022 1262 1072 
1349 1188 1220 1463 1290 1139 1528 1085 1501  983 1190 1208 1438 1222 1145  826    0  856 1659 1269  883 1460  866 1380 1686 1363 1578 1045 1118 1163 1470 1581 1225 1600 1060  930  898 1183 1576 1310 
 887 1041 1037 1451 1048  762 1174  744 1184  572  959 1074 1327  967  690  595  856    0 1347 1132  817 1446  853 1142 1045 1033 1213  738  718  937 1143 1426 1076 1428  833  687  744 1075 1297  999 
1627 1664 1368 1803 1580 1390 1967 1346 1706 1134 1609 1407 1697 1513 1325 1121 1659 1347    0 1447 1404 1978 1155 1552 1564 1350 1906 1078 1293 1394 1643 1847 1502 1841 1360 1171 1235 1516 1676 1398 
1391 1373 1245 1481 1343 1048 1611  972 1535 1043 1319 1340 1348 1200  870  932 1269 1132 1447    0 1095 1672 1082 1245 1715 1150 1481  940  984 1373 1655 1446 1186 1374 1044  869 1028 1175 1495 1399 
 865 1008  914 1251 1083  585 1080  787 1289  716  867 1063 1415 1066  740  814  883  817 1404 1095    0 1277  610 1105 1274 1034 1253  758  613  999 1268 1308  958 1300  639  613  825 1030 1242 1105 
1717 1630 1573 1631 1585 1195 1963 1179 1793 1438 1513 1404 1603 1511 1201 1415 1460 1446 1978 1672 1277    0 1437 1466 1607 1585 1864 1166 1142 1645 1842 1902 1573 1835 1353 1164 1255 1420 1728 1536 
1060 1146 1008 1156  867  609 1451  786 1247  815 1112  962 1189 1007  687  754  866  853 1155 1082  610 1437    0  933 1240 1179 1127  826  859  930 1044 1253 1000 1279  767  813  629  916 1274 1110 
1312 1316 1213 1575 1330  998 1607  932 1441  921 1145 1395 1682 1403 1129  967 1380 1142 1552 1245 1105 1466  933    0 1604 1149 1573  834  964 1169 1316 1682 1215 1572 1108 1025 1062 1268 1451 1232 
1620 1554 1430 1761 1376 1284 1744 1118 1776 1333 1591 1686 1760 1588 1366 1101 1686 1045 1564 1715 1274 1607 1240 1604    0 1660 1840 1205 1432 1357 1778 1926 1475 1657 1236 1293 1111 1522 1916 1592 
1235 1252 1357 1681 1284  926 1388  947 1440 1099 1411 1263 1513 1259  957 1007 1363 1033 1350 1150 1034 1585 1179 1149 1660    0 1430  889  928 1213 1514 1414 1404 1603  956  983 1132 1104 1530 1168 
1560 1379 1611 1728 1569 1363 1520 1096 1849 1087 1623 1474 1651 1610 1290 1331 1578 1213 1906 1481 1253 1864 1127 1573 1840 1430    0 1281 1233 1593 1831 1613 1610 1855 1295 1296 1174 1670 1792 1475 
 927 1185 1072 1316  909  820 1163  758 1194  634 1057 1112 1291  984  775  883 1045  738 1078  940  758 1166  826  834 1205  889 1281    0  678 1030 1316 1171  992 1099  807  801  726  930 1031 1056 
1018  862 1151 1265 1076  649 1101  658 1405  820 1081 1142 1373  897  670  824 1118  718 1293  984  613 1142  859  964 1432  928 1233  678    0  950 1082 1409 1008 1342  721  633  855 1103 1283 1095 
1227 1235 1190 1396 1378 1119 1458  871 1408 1074 1292 1376 1500 1257  932 1036 1163  937 1394 1373  999 1645  930 1169 1357 1213 1593 1030  950    0 1555 1679 1384 1552  913 1053  996 1348 1723 1214 
1525 1672 1513 1740 1443 1137 1842 1286 1913 1197 1686 1644 1917 1552 1199 1064 1470 1143 1643 1655 1268 1842 1044 1316 1778 1514 1831 1316 1082 1555    0 1690 1463 1768 1132 1246 1259 1335 1690 1498 
1675 1592 1565 1739 1459 1098 1818 1173 2016 1297 1458 1442 1684 1553 1195 1089 1581 1426 1847 1446 1308 1902 1253 1682 1926 1414 1613 1171 1409 1679 1690    0 1608 1864 1253 1113 1156 1563 1959 1419 
1343 1129 1276 1583 1258  968 1357  930 1637 1086 1130 1162 1573 1265  913 1058 1225 1076 1502 1186  958 1573 1000 1215 1475 1404 1610  992 1008 1384 1463 1608    0 1486  941  917  956 1202 1353 1188 
1592 1605 1456 1805 1667 1243 1674 1238 1899 1073 1343 1526 1816 1451 1175 1341 1600 1428 1841 1374 1300 1835 1279 1572 1657 1603 1855 1099 1342 1552 1768 1864 1486    0 1311 1224 1192 1349 1865 1353 
1052 1048  895 1076 1114  668 1217  685 1313  654 1032  985 1120  880  713  716 1060  833 1360 1044  639 1353  767 1108 1236  956 1295  807  721  913 1132 1253  941 1311    0  828  749  959 1275  887 
1041 1024 1014 1229  919  678 1160  883 1411  639 1067 1079 1360  921  727  577  930  687 1171  869  613 1164  813 1025 1293  983 1296  801  633 1053 1246 1113  917 1224  828    0  700  963 1457 1010 
1031 1087 1076 1243  997  710 1356  588 1274  802  839 1133 1290 1040  630  761  898  744 1235 1028  825 1255  629 1062 1111 1132 1174  726  855  996 1259 1156  956 1192  749  700    0 1035 1271  910 
1359 1134 1149 1535 1236 1000 1391  944 1638  996 1362 1295 1635 1231 1007 1022 1183 1075 1516 1175 1030 1420  916 1268 1522 1104 1670  930 1103 1348 1335 1563 1202 1349  959  963 1035    0 1527 1167 
1376 1563 1620 1840 1678 1328 1702 1222 2010 1144 1340 1613 1757 1544 1382 1262 1576 1297 1676 1495 1242 1728 1274 1451 1916 1530 1792 1031 1283 1723 1690 1959 1353 1865 1275 1457 1271 1527    0 1480 
1351 1374 1260 1500 1158 1181 1339 1011 1647 1074 1201 1120 1663 1276 1152 1072 1310  999 1398 1399 1105 1536 1110 1232 1592 1168 1475 1056 1095 1214 1498 1419 1188 1353  887 1010  910 1167 1480    0 

   0 1163 1165  735  923  967  606 1028  602 1044 1074 1136  612 1086  807 1162 1127  952  961  971  855 1151 1054 1133  848  826  969 1187  902  916  656  875 1010 1083  925  853  748  634  711 1188 
1163    0  876 1104  936  742  885 1082  978  686 1143  661  681 1138  708  723  616  625  664  668  882  731  786  769  863  998  947 1017  615 1039 1021  604  743  600 1058 1125  686  622  973 1029 
1165  876    0  652 1050 1042 1133  662 1059  699  976  610 1194  809 1058  848  982  879  928  963  889  869  849  930  847 1085 1137  876  928  799 1070  757  691  804  866 1013  902 1134  985  881 
 735 1104  652    0 1125 1144  994  610  944 1086  874  770  762  778 1177 1046  887 1109  935 1157  650 1058 1002  974  605  943  773 1116 1163  848  846 1140  756  828  822 1163  804  787 1060  745 
 923  936 1050 1125    0 1044 1027  900  682  711 1171 1007  922  791 1099  897 1005  755  973 1082 1142 1134  653 1134  952  904  834  619  920 1190  810  772 1130  956  950 1144  807  665  866  642 
 967  742 1042 1144 1044    0 1016  718 1168 1139  955 1095  944  825  634 1143 1061  772  889 1127  889 1121 1081  909 1006 1032  876 1121  604  861 1140 1200  749  950 1197 1129 1138  933 1139  661 
 606  885 1133  994 1027 1016    0  630 1062  859 1178 1080  940  601  757 1156  690 1164 1066 1162 1031  620 1111  894 1156 1170  678  984  928  771  802 1020 1098  751 1185  620  644  867  949 1161 
1028 1082  662  610  900  718  630    0  918  955  798 1126 1040  683  645  952  827  807  920  744 1056  945  856 1145  977  740 1050  647  734 1200 1049  683 1003  687 1134 1166  660  698  699  933 
 602  978 1059  944  682 1168 1062  918    0  819  913  715  691 1081 1106  847  683  937  725 1033 1064  600 1105  886  774 1077 1193  769 1083  741  763 1045  660  993  714  767 1065  764  666 1076 
1044  686  699 1086  711 1139  859  955  819    0  724  645  674 1129  685 1200  978 1047 1071  721  891  955 1168  795  915  672  804 1148  825  835 1078  994 1196  743  845  792 1068 1165  743  634 
1074 1143  976  874 1171  955 1178  798  913  724    0  943 1086  909 1104 1068 1176  830 1034 1058 1177  611 1130  968  610 1058  753 1188  848  966  909  600 1163  691 1118  764  942 1049 1066  815 
1136  661  610  770 1007 1095 1080 1126  715  645  943    0 1097  696  730  604 1161  866  896  790  948  608 1056 1038  789 1028 1027  860  902 1095  713  755  753  882  964 1122 1158  943 1153  848 
 612  681 1194  762  922  944  940 1040  691  674 1086 1097    0  859  994  648  748  621  837  701  952  776  744 1068  602  938  747  928  980 1169  903  758  790  706  796  726 1013 1173  658 1053 
1086 1138  809  778  791  825  601  683 1081 1129  909  696  859    0  910 1175  779 1034  846 1160  864 1114 1067  750 1147 1029  709  826  924  601  645  788 1128 1118  823  846 1161  696 1192 1132 
 807  708 1058 1177 1099  634  757  645 1106  685 1104  730  994  910    0 1184  741 1012  738  605  890 1125 1083  678 1138  895  929  784  746  694 1123 1054  811 1108  941 1070  881  700 1173  765 
1162  723  848 1046  897 1143 1156  952  847 1200 1068  604  648 1175 1184    0 1023  901  659  787  613  732  608  976 1145 1165  990  658 1125  818 1132  616 1108  952  697 1026  828  960 1126  914 
1127  616  982  887 1005 1061  690  827  683  978 1176 1161  748  779  741 1023    0  814  830 1023  733  624 1178  712 1116 1135 1082  834 1081  616 1004  685  996  968 1108  738  612  920  796  744 
 952  625  879 1109  755  772 1164  807  937 1047  830  866  621 1034 1012  901  814    0 1160 1058  771  616  601 1129 1086 1154  844 1071  777  851  870  924  928 1147  709 1189 1031 1187 1142  787 
 961  664  928  935  973  889 1066  920  725 1071 1034  896  837  846  738  659  830 1160    0  892 1199  937  934  898  788  753  636  956  921 1146  628 1156 1083 1098 1179  820  774  715 1172  736 
 971  668  963 1157 1082 1127 1162  744 1033  721 1058  790  701 1160  605  787 1023 1058  892    0  769 1147 1096 1156  651  804 1044  861  868  841  942 1060  876 1137 1009  703  704  704  632  859 
 855  882  889  650 1142  889 1031 1056 1064  891 1177  948  952  864  890  613  733  771 1199  769    0  666  680  842  929  626  988  769  803 1134 1043  858  655  764 1091 1080  955 1144  902  772 
1151  731  869 1058 1134 1121  620  945  600  955  611  608  776 1114 1125  732  624  616  937 1147  666    0 1110 1075  881 1185  924  879 1090  715  799 1186  864  718  621  873  776 1103 1113 1025 
1054  786  849 1002  653 1081 1111  856 1105 1168 1130 1056  744 1067 1083  608 1178  601  934 1096  680 1110    0  773  629  739 1093 1162  943  877  731 1058 1104  916  981 1179  883  908  850  649 
1133  769  930  974 1134  909  894 1145  886  795  968 1038 1068  750  678  976  712 1129  898 1156  842 1075  773    0  755 1079  717  909  955 1023  748  604  647  963  985  715  914 1062  648  843 
 848  863  847  605  952 1006 1156  977  774  915  610  789  602 1147 1138 1145 1116 1086  788  651  929  881  629  755    0 1199  941 1063  788 1193  995  836  690 1103  662 1032  910  842  722  657 
 826  998 1085  943  904 1032 1170  740 1077  672 1058 1028  938 1029  895 1165 1135 1154  753  804  626 1185  739 1079 1199    0  909  982  900  844 1089  643 1009 1158  752 1141 1044  873  738 1191 
 969  947 1137  773  834  876  678 1050 1193  804  753 1027  747  709  929  990 1082  844  636 1044  988  924 1093  717  941  909    0 1183 1167 1158  803  730  946  857  928  997 1129 1032 1040  715 
1187 1017  876 1116  619 1121  984  647  769 1148 1188  860  928  826  784  658  834 1071  956  861  769  879 1162  909 1063  982 1183    0  719  958  872  869  894  847  813  938  921  630 1021  812 
 902  615  928 1163  920  604  928  734 1083  825  848  902  980  924  746 1125 1081  777  921  868  803 1090  943  955  788  900 1167  719    0  796 1054  802  629  762 1100  600  761 1102  994 1105 
 916 1039  799  848 1190  861  771 1200  741  835  966 1095 1169  601  694  818  616  851 1146  841 1134  715  877 1023 1193  844 1158  958  796    0  664 1046  887  824 1006 1040  613 1189  632  780 
 656 1021 1070  846  810 1140  802 1049  763 1078  909  713  903  645 1123 1132 1004  870  628  942 1043  799  731  748  995 1089  803  872 1054  664    0  714 1061  834  975 1028  999  786  669  716 
 875  604  757 1140  772 1200 1020  683 1045  994  600  755  758  788 1054  616  685  924 1156 1060  858 1186 1058  604  836  643  730  869  802 1046  714    0 1027  625  721  938  661  923  965  929 
1010  743  691  756 1130  749 1098 1003  660 1196 1163  753  790 1128  811 1108  996  928 1083  876  655  864 1104  647  690 1009  946  894  629  887 1061 1027    0  940 1022  791 1030  738  910  843 
1083  600  804  828  956  950  751  687  993  743  691  882  706 1118 1108  952  968 1147 1098 1137  764  718  916  963 1103 1158  857  847  762  824  834  625  940    0 1014 1140  654 1112  878  620 
 925 1058  866  822  950 1197 1185 1134  714  845 1118  964  796  823  941  697 1108  709 1179 1009 1091  621  981  985  662  752  928  813 1100 1006  975  721 1022 1014    0  604  843 1129 1051 1179 
 853 1125 1013 1163 1144 1129  620 1166  767  792  764 1122  726  846 1070 1026  738 1189  820  703 1080  873 1179  715 1032 1141  997  938  600 1040 1028  938  791 1140  604    0  903 1043  799  642 
 748  686  902  804  807 1138  644  660 1065 1068  942 1158 1013 1161  881  828  612 1031  774  704  955  776  883  914  910 1044 1129  921  761  613  999  661 1030  654  843  903    0 1129 1063  983 
 634  622 1134  787  665  933  867  698  764 1165 1049  943 1173  696  700  960  920 1187  715  704 1144 1103  908 1062  842  873 1032  630 1102 1189  786  923  738 1112 1129 1043 1129    0 1035  983 
 711  973  985 1060  866 1139  949  699  666  743 1066 1153  658 1192 1173 1126  796 1142 1172  632  902 1113  850  648  722  738 1040 1021  994  632  669  965  910  878 1051  799 1063 1035    0 1151 
1188 1029  881  745  642  661 1161  933 1076  634  815  848 1053 1132  765  914  744  787  736  859  772 1025  649  843  657 1191  715  812 1105  780  716  929  843  620 1179  642  983  983 1151    0 

0 524 813
1 520 1081
2 387 839
3 676 755
4 495 800
5 205 1057
6 647 843
7 320 1075
8 597 847
9 264 1098
10 375 968
11 527 940
12 672 780
13 531 876
14 226 744
15 342 738
16 494 1078
17 328 1072
18 663 827
19 385 772
20 260 993
21 640 735
22 246 919
23 427 952
24 583 1007
25 455 781
26 572 998
27 323 793
28 284 901
29 369 979
30 661 984
31 686 961
32 548 831
33 687 995
34 224 1017
35 275 759
36 204 1041
37 497 705
38 653 892
39 356 1092

0 4 16068 19206 3792 
0 30 17529 19870 6100 
0 18 24845 27487 6508 
0 19 34111 36169 2782 
0 21 3814 7727 6868 
0 3 32422 33892 5106 
0 34 2462 5422 2104 
0 38 34266 36335 5504 
0 10 36392 39238 4860 
0 13 35546 38022 4002 
0 18 1023 3406 4881 
0 24 34384 36792 3240 
0 35 20696 23971 4164 
0 2 16011 18818 3852 
1 32 34292 37093 2258 
1 28 9887 12014 3448 
1 8 2654 4658 4914 
1 38 19180 21777 3126 
1 35 5176 8022 3072 
1 30 18283 21764 3344 
1 20 18311 20119 2016 
1 12 33613 35438 5916 
1 15 19400 21879 2258 
1 18 32606 34179 6656 
1 23 35185 37192 3948 
1 25 36106 39179 5008 
1 15 37457 39669 4516 
2 4 8866 12940 3927 
2 3 5742 7306 5316 
2 17 21756 23645 4148 
2 9 6671 8593 3732 
2 15 847 3755 3015 
2 25 11913 14148 5428 
2 32 15500 17607 5104 
2 30 28078 30453 6052 
2 33 38443 40814 5824 
2 0 11394 14190 5136 
2 21 37649 40890 4719 
2 3 36647 39059 2658 
3 30 32826 35423 6960 
3 9 24762 27086 5676 
3 4 35849 38369 4974 
3 6 18762 21197 3418 
3 4 34902 38085 3316 
3 22 3575 6110 3468 
3 22 17948 21875 4624 
3 0 20350 21915 6808 
3 22 186 2570 2312 
3 13 36434 38355 5940 
3 6 38053 40905 6836 
3 23 1143 3246 6300 
4 28 31393 34392 3228 
4 7 31080 32978 2016 
4 8 38595 40716 6608 
4 1 36352 39880 2622 
4 11 15043 17681 3441 
4 29 2290 5038 5512 
4 18 37063 40935 3160 
4 12 28474 31461 4917 
4 29 35163 38387 4134 
4 8 30414 32507 4956 
4 5 18088 20677 2118 
4 22 16232 18746 1734 
4 6 9305 11759 4581 
4 29 36527 39502 5512 
5 37 803 2986 2000 
5 6 4583 8240 3591 
5 25 21648 24186 1852 
5 29 22850 25587 4476 
5 30 17761 20725 3411 
5 23 39921 43538 2994 
5 9 24386 28019 2564 
5 37 21448 24032 4000 
5 8 22486 24903 4768 
5 0 35020 37379 2116 
5 2 6676 10343 1944 
5 15 6756 10322 2244 
6 35 28616 30370 4640 
6 30 2955 5906 7368 
6 19 9394 12415 4833 
6 21 34395 36193 7852 
6 10 24097 27996 6244 
6 21 1309 2592 5889 
6 16 36362 39004 6112 
6 26 25139 26976 4560 
6 7 22288 24524 2756 
6 3 39205 42067 5127 
6 31 38162 40987 5454 
6 23 15542 18840 3214 
7 10 7541 9272 4208 
7 39 34124 37660 4044 
7 39 1147 4767 4044 
7 36 16810 18816 1176 
7 11 32084 36238 3501 
7 27 32019 33494 3032 
7 23 4893 8957 2796 
7 33 18479 20272 4952 
7 1 37262 39739 1708 
7 14 29704 32232 1488 
7 3 28115 29444 3897 
7 5 25552 27059 1854 
7 28 16979 18946 1974 
8 28 934 4746 4215 
8 29 31274 33823 2816 
8 12 37205 39423 5367 
8 30 16866 19826 5739 
8 30 35721 38536 7652 
8 12 37648 40177 5367 
8 14 30405 33446 3174 
8 29 843 2591 2816 
8 35 32434 35057 5644 
8 36 28616 32343 3822 
8 27 7133 9832 3582 
8 7 11509 14244 4448 
9 27 30907 35303 1902 
9 22 25082 29018 3260 
9 25 21668 23038 2198 
9 8 17724 20959 3324 
9 35 36723 38362 2556 
9 24 39710 42949 2666 
9 7 5780 8291 1656 
9 36 4879 8189 1604 
9 17 20431 23509 1716 
9 20 20884 23975 1432 
9 38 19961 21937 3432 
10 9 34080 35556 2700 
10 25 20126 23903 2822 
10 15 31295 33815 3219 
10 21 34043 36224 3026 
10 4 19701 22253 3213 
10 5 17392 19836 2228 
10 30 6660 9877 6744 
10 32 2394 6511 3390 
10 7 28651 30925 4208 
10 1 24701 28975 3354 
10 11 28181 30349 3369 
10 24 3280 5543 4773 
10 28 24396 26151 3243 
10 1 33742 36610 3354 
10 15 34787 37125 4292 
10 9 269 2267 3600 
11 32 14207 16127 2324 
11 32 4961 7671 4648 
11 19 7334 9474 5360 
11 38 32558 36616 6452 
11 12 23937 27228 2992 
11 33 36348 38420 3052 
11 21 4190 6190 4212 
11 10 29828 32232 2246 
11 34 5158 7539 3940 
11 32 17501 20400 3486 
11 1 31283 33120 3672 
11 28 8780 12198 2284 
11 16 35220 37739 2416 
11 6 7372 10687 4593 
12 1 29552 31397 2958 
12 15 35808 37440 4484 
12 18 393 3138 3394 
12 21 19017 21934 6412 
12 16 33493 35669 4314 
12 30 29960 32271 7668 
12 31 16638 19525 5052 
12 31 4553 6281 5052 
12 21 24020 26743 6412 
12 32 23758 25582 3146 
12 30 21577 24186 3834 
12 22 24656 26277 4756 
12 16 30167 31805 2876 
13 14 24382 26920 1770 
13 12 19205 21464 6524 
13 26 31028 33204 4830 
13 29 30252 31904 2514 
13 6 2008 3300 4551 
13 32 37124 39831 5060 
13 3 22887 24645 4455 
13 1 3845 7042 4071 
13 39 24661 28939 2552 
13 31 32294 34721 3106 
13 36 39397 43367 3120 
13 5 28421 30747 3276 
13 38 22368 25169 3088 
14 36 38527 40879 1260 
14 7 893 3376 1488 
14 2 35299 39456 1858 
14 2 38401 42125 1858 
14 12 3881 7389 4320 
14 1 15381 18050 3752 
14 25 18755 21941 1914 
14 18 11 1951 3975 
14 1 29367 32184 2814 
14 18 30825 33489 5300 
14 36 5028 6878 1260 
15 36 5975 8483 1522 
15 37 31060 33930 4088 
15 20 2836 4613 1628 
15 39 20814 24058 3216 
15 1 15699 18128 3387 
15 33 4488 8267 5364 
15 31 16191 17540 3267 
15 11 19207 20505 1730 
15 31 39281 40987 2178 
15 7 28436 30578 1734 
15 30 4182 8517 2128 
15 19 6821 9787 2796 
16 30 6969 10021 5880 
16 32 7969 11723 3675 
16 6 23215 25471 3056 
16 15 8870 11969 1652 
16 0 14983 19412 4047 
16 1 23558 25664 4752 
16 39 34930 37697 3930 
16 2 5444 8026 2440 
16 33 9502 13306 3200 
16 35 20243 23165 1860 
16 9 21603 25348 3932 
16 9 32809 36476 1966 
16 38 6299 8328 6304 
16 14 15586 17445 2290 
16 19 23444 26226 3807 
17 31 31263 33545 5704 
17 30 21770 24066 4572 
17 27 18942 21469 1476 
17 9 32586 35632 2288 
17 9 29884 32417 1144 
17 26 9869 12882 2426 
17 1 8825 11287 3123 
17 7 33519 35956 2232 
17 37 10681 14147 3225 
17 33 37605 40873 4284 
17 36 5449 8212 1488 
17 16 14601 17808 2568 
17 33 36852 39719 2856 
17 13 19555 22636 1934 
17 24 22509 25614 4180 
18 33 11103 14660 5523 
18 15 35777 37134 2242 
18 7 30932 33508 4038 
18 6 33835 37203 5901 
18 9 80 3025 2268 
18 3 24705 27715 3606 
18 7 16545 19903 5384 
18 16 10349 12299 6636 
18 24 3826 5551 6256 
18 23 11481 13618 3104 
18 4 22908 25681 4740 
18 33 20900 24896 5523 
19 9 35925 37994 3129 
19 29 4873 7631 4119 
19 16 10696 13110 2538 
19 34 8160 10359 4176 
19 12 22080 23587 4044 
19 25 28939 32090 3450 
19 16 22733 26456 3807 
19 24 10730 13242 6860 
19 36 19251 21792 2056 
19 33 37931 40546 4122 
19 21 7027 9986 3344 
19 17 14423 18020 2264 
19 33 34230 37641 4122 
19 3 34617 38909 2962 
19 37 7497 9320 2350 
20 29 22569 25313 1998 
20 19 29485 31930 4380 
20 34 30786 34724 2556 
20 22 15312 17753 1220 
20 14 16219 18889 1480 
20 0 23062 24917 2595 
20 26 29127 31883 5012 
20 28 9019 10769 2452 
20 36 2514 5808 3300 
20 26 33931 37290 3759 
20 28 31540 34222 2452 
20 12 1779 4482 4245 
21 20 7494 9252 5108 
21 12 32873 35317 6412 
21 29 34179 35701 6580 
21 4 20319 23335 3170 
21 24 36670 39436 3214 
21 19 10482 14290 3344 
21 18 15848 18949 7912 
21 22 10230 12538 5748 
21 12 5914 8342 4809 
21 26 5154 7223 7456 
21 27 234 2897 3498 
21 29 5351 7660 4935 
21 2 39217 41711 6292 
21 20 20573 21978 2554 
21 36 4361 7371 3765 
21 36 29463 32326 2510 
22 36 18260 20414 2516 
22 26 5954 9713 3381 
22 24 39309 40919 2480 
22 33 19674 23118 3837 
22 19 35240 38626 2164 
22 14 14173 17486 1374 
22 31 17523 20252 2506 
22 11 34023 37645 1924 
23 15 36228 39907 2901 
23 24 8520 10392 6416 
23 35 35542 38380 3075 
23 27 39874 43364 1668 
23 5 28158 30875 2994 
23 13 30324 32296 4209 
23 14 17526 19987 4516 
23 29 5057 8484 2338 
23 16 7330 9423 4140 
23 34 253 2794 2216 
23 33 23717 27212 4716 
23 3 11255 14858 4725 
23 29 6526 9646 2338 
23 5 7372 10198 2994 
23 35 21375 22940 2050 
23 27 32099 35716 3336 
24 14 3847 7966 5464 
24 20 32608 35088 5096 
24 10 6779 9139 3182 
24 37 20687 22749 6088 
24 1 3797 6058 4662 
24 18 39816 42810 3128 
24 36 37583 40631 2222 
24 17 29927 34238 3135 
24 20 39077 41176 2548 
24 28 16716 18788 5728 
24 27 19835 22747 3615 
24 0 36098 38743 6480 
24 17 29805 32487 4180 
24 29 29468 32510 2714 
24 26 7676 11232 5520 
24 11 21167 23762 6744 
25 32 17655 21418 4212 
25 17 23065 27450 3099 
25 27 32620 34927 3556 
25 6 31237 34513 4164 
25 36 340 2981 2264 
25 16 37713 41980 5452 
25 1 5544 8947 3756 
25 15 11806 15627 3021 
25 37 24320 26537 3312 
25 39 4409 7993 3504 
25 21 16947 20182 4755 
25 23 7568 11473 3447 
25 26 38468 40695 4290 
25 35 20707 23068 2949 
25 27 1394 4457 3556 
25 12 7547 11064 3026 
26 36 37915 41663 4696 
26 11 28900 31272 5896 
26 32 34423 38169 3220 
26 6 21697 24198 3040 
26 32 6752 9703 3220 
26 2 22322 26392 6444 
26 10 14370 16629 4869 
26 22 31861 35238 4508 
26 24 17350 20069 5520 
26 32 28756 31944 4830 
26 25 704 2712 2860 
26 39 38092 40058 4425 
27 4 32810 34382 1818 
27 39 30047 31744 4224 
27 12 32007 35459 5164 
27 36 7237 10709 2178 
27 5 28546 32592 1640 
27 17 18860 21805 2952 
27 14 3245 6239 2325 
27 5 40003 42895 2460 
27 6 39714 42518 4652 
27 19 38229 40812 3760 
27 4 20187 22508 1818 
27 18 17153 19151 3234 
28 2 36780 39907 3453 
28 26 18378 21493 2466 
28 39 23273 26742 4380 
28 11 21111 23492 4568 
28 26 4032 7591 3699 
28 23 33074 35346 1928 
28 38 24065 26470 2566 
28 36 34569 37399 2565 
28 21 33006 37289 3426 
28 27 5046 7152 2034 
29 7 1753 5544 1742 
29 26 19097 21968 3186 
29 26 11446 14433 4779 
29 39 17929 20737 2428 
29 37 33503 36630 4044 
29 11 34775 38738 4128 
29 38 20281 22177 5169 
29 14 31626 34304 2796 
29 17 9476 11577 2811 
29 14 35123 36517 2796 
29 27 36653 38578 2060 
29 35 28623 30807 2106 
29 17 24902 27769 1874 
30 27 31378 34037 2632 
30 7 28424 32137 3858 
30 28 30695 33814 4328 
30 25 10204 13950 3028 
30 25 4892 8485 3028 
30 11 7161 8679 6576 
30 25 15248 19201 4542 
30 6 22701 24994 5526 
30 27 19900 22856 2632 
30 36 30455 32602 3777 
30 6 5118 7042 5526 
30 36 17300 20786 3777 
30 19 20338 23352 6620 
30 27 3816 5795 2632 
31 25 36225 37800 5656 
31 23 9867 11111 6728 
31 25 16140 18486 2828 
31 1 9312 11480 3184 
31 11 21540 23714 2884 
31 22 4391 6930 3759 
31 2 30540 33439 4695 
31 36 6883 8515 2312 
31 23 7555 9554 6728 
31 29 946 3832 6716 
31 38 30229 33664 3918 
31 7 10105 12495 4692 
31 37 23501 27156 6252 
32 16 28641 32376 4900 
32 17 34717 38169 4304 
32 5 25216 27972 3872 
32 25 5316 9331 5616 
32 39 21285 23341 4752 
32 12 24105 26032 4719 
32 27 28523 30829 3968 
32 7 1904 5003 3720 
32 21 23179 25053 6292 
32 17 23712 27321 4304 
32 3 33161 34862 3166 
32 34 22764 26473 1882 
32 8 554 2837 4911 
33 31 29086 31254 3728 
33 23 22212 24985 3144 
33 1 20336 22544 6420 
33 16 38965 42304 3200 
33 1 33481 34807 3210 
33 30 5027 8079 5304 
33 29 3774 6171 3104 
33 17 34267 37513 5712 
33 8 15943 19766 7596 
33 21 15436 18078 5505 
33 24 18539 22068 4971 
33 28 15761 18633 2684 
33 9 34452 35982 2146 
33 19 18813 21143 2748 
33 26 14920 16813 5565 
34 6 33341 36042 2434 
34 3 38060 40082 3228 
34 35 29613 31267 3312 
34 35 30371 31983 2484 
34 25 20294 23204 3824 
34 17 34371 36356 3332 
34 28 16955 21058 1442 
34 28 6141 9507 2163 
34 20 29074 32816 1917 
34 12 32224 35129 3360 
35 6 25785 27093 3480 
35 2 25463 29423 4056 
35 14 25844 28604 2908 
35 25 4802 8099 1966 
35 16 39884 42614 1860 
35 4 7733 10204 3676 
35 5 1207 3476 1356 
35 38 37403 40391 4371 
35 16 2043 4780 1860 
36 34 8193 11126 2247 
36 21 7377 9068 2510 
36 22 7558 9491 1887 
36 39 22561 25736 1820 
36 7 19703 21788 1176 
36 25 17312 20736 4528 
36 22 11226 14086 1258 
36 31 20844 22218 4624 
36 7 22859 25466 1176 
37 36 38826 41603 2070 
37 16 23168 26020 4732 
37 30 18160 20054 4005 
37 28 31068 35123 2206 
37 10 37640 41301 4086 
37 3 11209 14215 3070 
37 19 3400 5617 2350 
37 35 20185 23647 1926 
37 21 33153 35800 4260 
37 19 4680 6960 2350 
37 34 15253 17838 2877 
37 23 24748 28571 5072 
38 14 18296 21556 2764 
38 12 7615 9470 5271 
38 5 6072 8509 3984 
38 10 21604 25484 4020 
38 8 1999 4110 6030 
38 17 39607 42873 2594 
38 24 11181 13354 7664 
38 10 14609 17391 2680 
38 11 20777 23083 6452 
38 2 15850 18273 4860 
38 32 29812 33115 4059 
38 17 22467 26555 5188 
38 18 14274 18751 6704 
38 25 30899 33408 6120 
38 23 23767 26099 5804 
39 37 35595 38494 3501 
39 29 36615 39095 4856 
39 36 4927 8239 3640 
39 6 18141 20915 5356 
39 7 15131 17426 4044 
39 30 21477 24047 2996 
39 28 3023 6382 2190 
39 11 28773 31367 3360 
39 12 33579 35800 6652 
39 3 11577 13581 3000 
39 37 17532 20834 2334 
39 4 37929 39546 4632 

0 1 0 3407
0 1 1 3407
0 1 2 3407
0 1 3 0
0 1 4 0
0 2 0 3561
0 2 1 3561
0 2 2 0
0 2 3 0
0 2 4 0
0 3 0 0
0 3 1 0
0 3 2 0
0 3 3 0
0 3 4 0
0 4 0 3430
0 4 1 3430
0 4 2 0
0 4 3 0
0 4 4 0
0 5 0 0
0 5 1 0
0 5 2 0
0 5 3 0
0 5 4 0
0 6 0 0
0 6 1 0
0 6 2 0
0 6 3 0
0 6 4 0
0 7 0 3774
0 7 1 3774
0 7 2 0
0 7 3 0
0 7 4 0
0 8 0 0
0 8 1 0
0 8 2 0
0 8 3 0
0 8 4 0
0 9 0 4714
0 9 1 4714
0 9 2 0
0 9 3 0
0 9 4 0
0 10 0 0
0 10 1 0
0 10 2 0
0 10 3 0
0 10 4 0
0 11 0 3602
0 11 1 3602
0 11 2 0
0 11 3 0
0 11 4 0
0 12 0 0
0 12 1 0
0 12 2 0
0 12 3 0
0 12 4 0
0 13 0 0
0 13 1 0
0 13 2 0
0 13 3 0
0 13 4 0
0 14 0 0
0 14 1 0
0 14 2 0
0 14 3 0
0 14 4 0
0 15 0 0
0 15 1 0
0 15 2 0
0 15 3 0
0 15 4 0
0 16 0 3996
0 16 1 3996
0 16 2 0
0 16 3 0
0 16 4 0
0 17 0 0
0 17 1 0
0 17 2 0
0 17 3 0
0 17 4 0
0 18 0 3627
0 18 1 3627
0 18 2 0
0 18 3 0
0 18 4 0
0 19 0 0
0 19 1 0
0 19 2 0
0 19 3 0
0 19 4 0
0 20 0 4398
0 20 1 4398
0 20 2 4398
0 20 3 0
0 20 4 0
0 21 0 0
0 21 1 0
0 21 2 0
0 21 3 0
0 21 4 0
0 22 0 0
0 22 1 0
0 22 2 0
0 22 3 0
0 22 4 0
0 23 0 0
0 23 1 0
0 23 2 0
0 23 3 0
0 23 4 0
0 24 0 0
0 24 1 0
0 24 2 0
0 24 3 0
0 24 4 0
0 25 0 0
0 25 1 0
0 25 2 0
0 25 3 0
0 25 4 0
0 26 0 0
0 26 1 0
0 26 2 0
0 26 3 0
0 26 4 0
0 27 0 0
0 27 1 0
0 27 2 0
0 27 3 0
0 27 4 0
0 28 0 0
0 28 1 0
0 28 2 0
0 28 3 0
0 28 4 0
0 29 0 0
0 29 1 0
0 29 2 0
0 29 3 0
0 29 4 0
0 30 0 0
0 30 1 0
0 30 2 0
0 30 3 0
0 30 4 0
0 31 0 0
0 31 1 0
0 31 2 0
0 31 3 0
0 31 4 0
0 32 0 3977
0 32 1 3977
0 32 2 3977
0 32 3 0
0 32 4 0
0 33 0 0
0 33 1 0
0 33 2 0
0 33 3 0
0 33 4 0
0 34 0 0
0 34 1 0
0 34 2 0
0 34 3 0
0 34 4 0
0 35 0 3085
0 35 1 3085
0 35 2 3085
0 35 3 0
0 35 4 0
0 36 0 0
0 36 1 0
0 36 2 0
0 36 3 0
0 36 4 0
0 37 0 3663
0 37 1 3663
0 37 2 3663
0 37 3 0
0 37 4 0
0 38 0 3897
0 38 1 3897
0 38 2 3897
0 38 3 0
0 38 4 0
0 39 0 0
0 39 1 0
0 39 2 0
0 39 3 0
0 39 4 0
1 0 0 3407
1 0 1 3407
1 0 2 3407
1 0 3 0
1 0 4 0
1 2 0 0
1 2 1 0
1 2 2 0
1 2 3 0
1 2 4 0
1 3 0 0
1 3 1 0
1 3 2 0
1 3 3 0
1 3 4 0
1 4 0 0
1 4 1 0
1 4 2 0
1 4 3 0
1 4 4 0
1 5 0 3543
1 5 1 3543
1 5 2 0
1 5 3 0
1 5 4 0
1 6 0 3592
1 6 1 3592
1 6 2 3592
1 6 3 0
1 6 4 0
1 7 0 4882
1 7 1 4882
1 7 2 0
1 7 3 0
1 7 4 0
1 8 0 3911
1 8 1 3911
1 8 2 3911
1 8 3 0
1 8 4 0
1 9 0 3793
1 9 1 3793
1 9 2 0
1 9 3 0
1 9 4 0
1 10 0 0
1 10 1 0
1 10 2 0
1 10 3 0
1 10 4 0
1 11 0 0
1 11 1 0
1 11 2 0
1 11 3 0
1 11 4 0
1 12 0 0
1 12 1 0
1 12 2 0
1 12 3 0
1 12 4 0
1 13 0 0
1 13 1 0
1 13 2 0
1 13 3 0
1 13 4 0
1 14 0 0
1 14 1 0
1 14 2 0
1 14 3 0
1 14 4 0
1 15 0 0
1 15 1 0
1 15 2 0
1 15 3 0
1 15 4 0
1 16 0 3325
1 16 1 3325
1 16 2 3325
1 16 3 0
1 16 4 0
1 17 0 0
1 17 1 0
1 17 2 0
1 17 3 0
1 17 4 0
1 18 0 0
1 18 1 0
1 18 2 0
1 18 3 0
1 18 4 0
1 19 0 0
1 19 1 0
1 19 2 0
1 19 3 0
1 19 4 0
1 20 0 0
1 20 1 0
1 20 2 0
1 20 3 0
1 20 4 0
1 21 0 0
1 21 1 0
1 21 2 0
1 21 3 0
1 21 4 0
1 22 0 0
1 22 1 0
1 22 2 0
1 22 3 0
1 22 4 0
1 23 0 3999
1 23 1 3999
1 23 2 0
1 23 3 0
1 23 4 0
1 24 0 3199
1 24 1 3199
1 24 2 3199
1 24 3 0
1 24 4 0
1 25 0 0
1 25 1 0
1 25 2 0
1 25 3 0
1 25 4 0
1 26 0 0
1 26 1 0
1 26 2 0
1 26 3 0
1 26 4 0
1 27 0 0
1 27 1 0
1 27 2 0
1 27 3 0
1 27 4 0
1 28 0 0
1 28 1 0
1 28 2 0
1 28 3 0
1 28 4 0
1 29 0 3583
1 29 1 3583
1 29 2 3583
1 29 3 0
1 29 4 0
1 30 0 0
1 30 1 0
1 30 2 0
1 30 3 0
1 30 4 0
1 31 0 0
1 31 1 0
1 31 2 0
1 31 3 0
1 31 4 0
1 32 0 3159
1 32 1 3159
1 32 2 0
1 32 3 0
1 32 4 0
1 33 0 3209
1 33 1 3209
1 33 2 0
1 33 3 0
1 33 4 0
1 34 0 0
1 34 1 0
1 34 2 0
1 34 3 0
1 34 4 0
1 35 0 3982
1 35 1 3982
1 35 2 3982
1 35 3 0
1 35 4 0
1 36 0 0
1 36 1 0
1 36 2 0
1 36 3 0
1 36 4 0
1 37 0 0
1 37 1 0
1 37 2 0
1 37 3 0
1 37 4 0
1 38 0 3635
1 38 1 3635
1 38 2 3635
1 38 3 0
1 38 4 0
1 39 0 0
1 39 1 0
1 39 2 0
1 39 3 0
1 39 4 0
2 0 0 3561
2 0 1 3561
2 0 2 0
2 0 3 0
2 0 4 0
2 1 0 0
2 1 1 0
2 1 2 0
2 1 3 0
2 1 4 0
2 3 0 0
2 3 1 0
2 3 2 0
2 3 3 0
2 3 4 0
2 4 0 0
2 4 1 0
2 4 2 0
2 4 3 0
2 4 4 0
2 5 0 0
2 5 1 0
2 5 2 0
2 5 3 0
2 5 4 0
2 6 0 3846
2 6 1 3846
2 6 2 3846
2 6 3 0
2 6 4 0
2 7 0 4473
2 7 1 4473
2 7 2 0
2 7 3 0
2 7 4 0
2 8 0 0
2 8 1 0
2 8 2 0
2 8 3 0
2 8 4 0
2 9 0 0
2 9 1 0
2 9 2 0
2 9 3 0
2 9 4 0
2 10 0 0
2 10 1 0
2 10 2 0
2 10 3 0
2 10 4 0
2 11 0 0
2 11 1 0
2 11 2 0
2 11 3 0
2 11 4 0
2 12 0 0
2 12 1 0
2 12 2 0
2 12 3 0
2 12 4 0
2 13 0 0
2 13 1 0
2 13 2 0
2 13 3 0
2 13 4 0
2 14 0 0
2 14 1 0
2 14 2 0
2 14 3 0
2 14 4 0
2 15 0 0
2 15 1 0
2 15 2 0
2 15 3 0
2 15 4 0
2 16 0 0
2 16 1 0
2 16 2 0
2 16 3 0
2 16 4 0
2 17 0 0
2 17 1 0
2 17 2 0
2 17 3 0
2 17 4 0
2 18 0 0
2 18 1 0
2 18 2 0
2 18 3 0
2 18 4 0
2 19 0 0
2 19 1 0
2 19 2 0
2 19 3 0
2 19 4 0
2 20 0 0
2 20 1 0
2 20 2 0
2 20 3 0
2 20 4 0
2 21 0 0
2 21 1 0
2 21 2 0
2 21 3 0
2 21 4 0
2 22 0 0
2 22 1 0
2 22 2 0
2 22 3 0
2 22 4 0
2 23 0 0
2 23 1 0
2 23 2 0
2 23 3 0
2 23 4 0
2 24 0 3441
2 24 1 3441
2 24 2 3441
2 24 3 0
2 24 4 0
2 25 0 3099
2 25 1 3099
2 25 2 0
2 25 3 0
2 25 4 0
2 26 0 3589
2 26 1 3589
2 26 2 0
2 26 3 0
2 26 4 0
2 27 0 0
2 27 1 0
2 27 2 0
2 27 3 0
2 27 4 0
2 28 0 0
2 28 1 0
2 28 2 0
2 28 3 0
2 28 4 0
2 29 0 0
2 29 1 0
2 29 2 0
2 29 3 0
2 29 4 0
2 30 0 0
2 30 1 0
2 30 2 0
2 30 3 0
2 30 4 0
2 31 0 3010
2 31 1 3010
2 31 2 0
2 31 3 0
2 31 4 0
2 32 0 3713
2 32 1 3713
2 32 2 3713
2 32 3 0
2 32 4 0
2 33 0 3052
2 33 1 3052
2 33 2 0
2 33 3 0
2 33 4 0
2 34 0 0
2 34 1 0
2 34 2 0
2 34 3 0
2 34 4 0
2 35 0 0
2 35 1 0
2 35 2 0
2 35 3 0
2 35 4 0
2 36 0 0
2 36 1 0
2 36 2 0
2 36 3 0
2 36 4 0
2 37 0 0
2 37 1 0
2 37 2 0
2 37 3 0
2 37 4 0
2 38 0 0
2 38 1 0
2 38 2 0
2 38 3 0
2 38 4 0
2 39 0 0
2 39 1 0
2 39 2 0
2 39 3 0
2 39 4 0
3 0 0 0
3 0 1 0
3 0 2 0
3 0 3 0
3 0 4 0
3 1 0 0
3 1 1 0
3 1 2 0
3 1 3 0
3 1 4 0
3 2 0 0
3 2 1 0
3 2 2 0
3 2 3 0
3 2 4 0
3 4 0 0
3 4 1 0
3 4 2 0
3 4 3 0
3 4 4 0
3 5 0 3441
3 5 1 3441
3 5 2 3441
3 5 3 0
3 5 4 0
3 6 0 0
3 6 1 0
3 6 2 0
3 6 3 0
3 6 4 0
3 7 0 0
3 7 1 0
3 7 2 0
3 7 3 0
3 7 4 0
3 8 0 0
3 8 1 0
3 8 2 0
3 8 3 0
3 8 4 0
3 9 0 0
3 9 1 0
3 9 2 0
3 9 3 0
3 9 4 0
3 10 0 3647
3 10 1 3647
3 10 2 0
3 10 3 0
3 10 4 0
3 11 0 3212
3 11 1 3212
3 11 2 3212
3 11 3 0
3 11 4 0
3 12 0 3392
3 12 1 3392
3 12 2 0
3 12 3 0
3 12 4 0
3 13 0 0
3 13 1 0
3 13 2 0
3 13 3 0
3 13 4 0
3 14 0 3550
3 14 1 3550
3 14 2 0
3 14 3 0
3 14 4 0
3 15 0 0
3 15 1 0
3 15 2 0
3 15 3 0
3 15 4 0
3 16 0 0
3 16 1 0
3 16 2 0
3 16 3 0
3 16 4 0
3 17 0 0
3 17 1 0
3 17 2 0
3 17 3 0
3 17 4 0
3 18 0 3982
3 18 1 3982
3 18 2 0
3 18 3 0
3 18 4 0
3 19 0 0
3 19 1 0
3 19 2 0
3 19 3 0
3 19 4 0
3 20 0 0
3 20 1 0
3 20 2 0
3 20 3 0
3 20 4 0
3 21 0 3257
3 21 1 3257
3 21 2 0
3 21 3 0
3 21 4 0
3 22 0 0
3 22 1 0
3 22 2 0
3 22 3 0
3 22 4 0
3 23 0 3185
3 23 1 3185
3 23 2 0
3 23 3 0
3 23 4 0
3 24 0 0
3 24 1 0
3 24 2 0
3 24 3 0
3 24 4 0
3 25 0 0
3 25 1 0
3 25 2 0
3 25 3 0
3 25 4 0
3 26 0 0
3 26 1 0
3 26 2 0
3 26 3 0
3 26 4 0
3 27 0 0
3 27 1 0
3 27 2 0
3 27 3 0
3 27 4 0
3 28 0 0
3 28 1 0
3 28 2 0
3 28 3 0
3 28 4 0
3 29 0 3966
3 29 1 3966
3 29 2 0
3 29 3 0
3 29 4 0
3 30 0 0
3 30 1 0
3 30 2 0
3 30 3 0
3 30 4 0
3 31 0 0
3 31 1 0
3 31 2 0
3 31 3 0
3 31 4 0
3 32 0 0
3 32 1 0
3 32 2 0
3 32 3 0
3 32 4 0
3 33 0 0
3 33 1 0
3 33 2 0
3 33 3 0
3 33 4 0
3 34 0 3143
3 34 1 3143
3 34 2 3143
3 34 3 0
3 34 4 0
3 35 0 0
3 35 1 0
3 35 2 0
3 35 3 0
3 35 4 0
3 36 0 0
3 36 1 0
3 36 2 0
3 36 3 0
3 36 4 0
3 37 0 0
3 37 1 0
3 37 2 0
3 37 3 0
3 37 4 0
3 38 0 0
3 38 1 0
3 38 2 0
3 38 3 0
3 38 4 0
3 39 0 3498
3 39 1 3498
3 39 2 3498
3 39 3 0
3 39 4 0
4 0 0 3430
4 0 1 3430
4 0 2 0
4 0 3 0
4 0 4 0
4 1 0 0
4 1 1 0
4 1 2 0
4 1 3 0
4 1 4 0
4 2 0 0
4 2 1 0
4 2 2 0
4 2 3 0
4 2 4 0
4 3 0 0
4 3 1 0
4 3 2 0
4 3 3 0
4 3 4 0
4 5 0 0
4 5 1 0
4 5 2 0
4 5 3 0
4 5 4 0
4 6 0 0
4 6 1 0
4 6 2 0
4 6 3 0
4 6 4 0
4 7 0 0
4 7 1 0
4 7 2 0
4 7 3 0
4 7 4 0
4 8 0 3686
4 8 1 3686
4 8 2 3686
4 8 3 0
4 8 4 0
4 9 0 0
4 9 1 0
4 9 2 0
4 9 3 0
4 9 4 0
4 10 0 0
4 10 1 0
4 10 2 0
4 10 3 0
4 10 4 0
4 11 0 0
4 11 1 0
4 11 2 0
4 11 3 0
4 11 4 0
4 12 0 0
4 12 1 0
4 12 2 0
4 12 3 0
4 12 4 0
4 13 0 3220
4 13 1 3220
4 13 2 0
4 13 3 0
4 13 4 0
4 14 0 3012
4 14 1 3012
4 14 2 0
4 14 3 0
4 14 4 0
4 15 0 3730
4 15 1 3730
4 15 2 3730
4 15 3 0
4 15 4 0
4 16 0 0
4 16 1 0
4 16 2 0
4 16 3 0
4 16 4 0
4 17 0 0
4 17 1 0
4 17 2 0
4 17 3 0
4 17 4 0
4 18 0 0
4 18 1 0
4 18 2 0
4 18 3 0
4 18 4 0
4 19 0 0
4 19 1 0
4 19 2 0
4 19 3 0
4 19 4 0
4 20 0 0
4 20 1 0
4 20 2 0
4 20 3 0
4 20 4 0
4 21 0 3812
4 21 1 3812
4 21 2 0
4 21 3 0
4 21 4 0
4 22 0 4073
4 22 1 4073
4 22 2 0
4 22 3 0
4 22 4 0
4 23 0 0
4 23 1 0
4 23 2 0
4 23 3 0
4 23 4 0
4 24 0 0
4 24 1 0
4 24 2 0
4 24 3 0
4 24 4 0
4 25 0 0
4 25 1 0
4 25 2 0
4 25 3 0
4 25 4 0
4 26 0 0
4 26 1 0
4 26 2 0
4 26 3 0
4 26 4 0
4 27 0 0
4 27 1 0
4 27 2 0
4 27 3 0
4 27 4 0
4 28 0 0
4 28 1 0
4 28 2 0
4 28 3 0
4 28 4 0
4 29 0 0
4 29 1 0
4 29 2 0
4 29 3 0
4 29 4 0
4 30 0 3981
4 30 1 3981
4 30 2 3981
4 30 3 0
4 30 4 0
4 31 0 0
4 31 1 0
4 31 2 0
4 31 3 0
4 31 4 0
4 32 0 3660
4 32 1 3660
4 32 2 0
4 32 3 0
4 32 4 0
4 33 0 3265
4 33 1 3265
4 33 2 0
4 33 3 0
4 33 4 0
4 34 0 0
4 34 1 0
4 34 2 0
4 34 3 0
4 34 4 0
4 35 0 3469
4 35 1 3469
4 35 2 3469
4 35 3 0
4 35 4 0
4 36 0 3257
4 36 1 3257
4 36 2 3257
4 36 3 0
4 36 4 0
4 37 0 0
4 37 1 0
4 37 2 0
4 37 3 0
4 37 4 0
4 38 0 3702
4 38 1 3702
4 38 2 3702
4 38 3 0
4 38 4 0
4 39 0 3448
4 39 1 3448
4 39 2 3448
4 39 3 0
4 39 4 0
5 0 0 0
5 0 1 0
5 0 2 0
5 0 3 0
5 0 4 0
5 1 0 3543
5 1 1 3543
5 1 2 0
5 1 3 0
5 1 4 0
5 2 0 0
5 2 1 0
5 2 2 0
5 2 3 0
5 2 4 0
5 3 0 3441
5 3 1 3441
5 3 2 3441
5 3 3 0
5 3 4 0
5 4 0 0
5 4 1 0
5 4 2 0
5 4 3 0
5 4 4 0
5 6 0 0
5 6 1 0
5 6 2 0
5 6 3 0
5 6 4 0
5 7 0 0
5 7 1 0
5 7 2 0
5 7 3 0
5 7 4 0
5 8 0 3864
5 8 1 3864
5 8 2 0
5 8 3 0
5 8 4 0
5 9 0 0
5 9 1 0
5 9 2 0
5 9 3 0
5 9 4 0
5 10 0 0
5 10 1 0
5 10 2 0
5 10 3 0
5 10 4 0
5 11 0 0
5 11 1 0
5 11 2 0
5 11 3 0
5 11 4 0
5 12 0 0
5 12 1 0
5 12 2 0
5 12 3 0
5 12 4 0
5 13 0 0
5 13 1 0
5 13 2 0
5 13 3 0
5 13 4 0
5 14 0 0
5 14 1 0
5 14 2 0
5 14 3 0
5 14 4 0
5 15 0 0
5 15 1 0
5 15 2 0
5 15 3 0
5 15 4 0
5 16 0 0
5 16 1 0
5 16 2 0
5 16 3 0
5 16 4 0
5 17 0 0
5 17 1 0
5 17 2 0
5 17 3 0
5 17 4 0
5 18 0 3469
5 18 1 3469
5 18 2 0
5 18 3 0
5 18 4 0
5 19 0 0
5 19 1 0
5 19 2 0
5 19 3 0
5 19 4 0
5 20 0 0
5 20 1 0
5 20 2 0
5 20 3 0
5 20 4 0
5 21 0 0
5 21 1 0
5 21 2 0
5 21 3 0
5 21 4 0
5 22 0 4252
5 22 1 4252
5 22 2 0
5 22 3 0
5 22 4 0
5 23 0 3263
5 23 1 3263
5 23 2 0
5 23 3 0
5 23 4 0
5 24 0 0
5 24 1 0
5 24 2 0
5 24 3 0
5 24 4 0
5 25 0 0
5 25 1 0
5 25 2 0
5 25 3 0
5 25 4 0
5 26 0 3727
5 26 1 3727
5 26 2 3727
5 26 3 0
5 26 4 0
5 27 0 4887
5 27 1 4887
5 27 2 0
5 27 3 0
5 27 4 0
5 28 0 0
5 28 1 0
5 28 2 0
5 28 3 0
5 28 4 0
5 29 0 3702
5 29 1 3702
5 29 2 3702
5 29 3 0
5 29 4 0
5 30 0 3638
5 30 1 3638
5 30 2 3638
5 30 3 0
5 30 4 0
5 31 0 0
5 31 1 0
5 31 2 0
5 31 3 0
5 31 4 0
5 32 0 3761
5 32 1 3761
5 32 2 3761
5 32 3 0
5 32 4 0
5 33 0 0
5 33 1 0
5 33 2 0
5 33 3 0
5 33 4 0
5 34 0 0
5 34 1 0
5 34 2 0
5 34 3 0
5 34 4 0
5 35 0 0
5 35 1 0
5 35 2 0
5 35 3 0
5 35 4 0
5 36 0 0
5 36 1 0
5 36 2 0
5 36 3 0
5 36 4 0
5 37 0 3889
5 37 1 3889
5 37 2 3889
5 37 3 0
5 37 4 0
5 38 0 0
5 38 1 0
5 38 2 0
5 38 3 0
5 38 4 0
5 39 0 0
5 39 1 0
5 39 2 0
5 39 3 0
5 39 4 0
6 0 0 0
6 0 1 0
6 0 2 0
6 0 3 0
6 0 4 0
6 1 0 3592
6 1 1 3592
6 1 2 3592
6 1 3 0
6 1 4 0
6 2 0 3846
6 2 1 3846
6 2 2 3846
6 2 3 0
6 2 4 0
6 3 0 0
6 3 1 0
6 3 2 0
6 3 3 0
6 3 4 0
6 4 0 0
6 4 1 0
6 4 2 0
6 4 3 0
6 4 4 0
6 5 0 0
6 5 1 0
6 5 2 0
6 5 3 0
6 5 4 0
6 7 0 0
6 7 1 0
6 7 2 0
6 7 3 0
6 7 4 0
6 8 0 0
6 8 1 0
6 8 2 0
6 8 3 0
6 8 4 0
6 9 0 0
6 9 1 0
6 9 2 0
6 9 3 0
6 9 4 0
6 10 0 0
6 10 1 0
6 10 2 0
6 10 3 0
6 10 4 0
6 11 0 3422
6 11 1 3422
6 11 2 0
6 11 3 0
6 11 4 0
6 12 0 0
6 12 1 0
6 12 2 0
6 12 3 0
6 12 4 0
6 13 0 0
6 13 1 0
6 13 2 0
6 13 3 0
6 13 4 0
6 14 0 0
6 14 1 0
6 14 2 0
6 14 3 0
6 14 4 0
6 15 0 0
6 15 1 0
6 15 2 0
6 15 3 0
6 15 4 0
6 16 0 3844
6 16 1 3844
6 16 2 0
6 16 3 0
6 16 4 0
6 17 0 0
6 17 1 0
6 17 2 0
6 17 3 0
6 17 4 0
6 18 0 3627
6 18 1 3627
6 18 2 0
6 18 3 0
6 18 4 0
6 19 0 3457
6 19 1 3457
