50 4 16 651

   0 1966 1604 1592 1333 1183 1769 2085 1704 1983 1174 1282 1621 1502 1507 1371 1261 1528 1683 1312 1712 1338 1640 1402 1083 1981 1264 2038 1903 1835 1447 1271 1946 1902 1644 1150 1620 1523 1202 1644 1918 1938 1178 1583 1416 1980 2021 1231 1602 1539 
1966    0 1468 1342 1274 1257 1620 1689 1596 1780 1106 1347 1497 1396 1562 1506 1130 1482 1597 1071 1815 1397 1499 1451 1253 1702 1365 1614 1937 1755 1370 1205 1745 1719 1500 1368 1552 1931 1231 1839 1980 1804 1163 1382 1261 1668 1718 1151 1778 1472 
1604 1468    0 1296 1087 1016 1449 1486 1285 1492 1091  954 1187 1203 1190 1340  853 1418 1171  951 1670 1252 1241 1116 1082 1543  905 1490 1579 1428 1170 1121 1525 1458 1140  982 1237 1314  887 1380 1576 1679 1047 1334 1002 1580 1406  885 1752 1277 
1592 1342 1296    0  910 1033 1499 1377 1242 1415 1073 1139 1254 1208 1363 1219  943 1142 1091 1011 1599 1198 1341 1280  844 1534 1178 1483 1369 1447 1363 1074 1482 1409 1203 1058 1331 1693  978 1589 1531 1471  956 1242  948 1414 1494  952 1539 1339 
1333 1274 1087  910    0  775 1193 1215 1054 1302  687  805 1010  997  944 1110  786  892  920  735 1275 1045  973 1053  768 1243  620 1141 1442 1117  877  584 1154 1189 1124  662 1122 1188  751 1183 1290 1032  656  860  720 1333 1169  671 1394 1105 
1183 1257 1016 1033  775    0 1279 1242  999 1261  781  631 1057  839  882  963  753 1019  881  702 1083  975 1123  921  863 1426  701 1189 1148 1360 1100  704 1310 1206 1003  631  915 1318  739 1316 1137 1155  836 1177  741 1161 1211  649 1249 1040 
1769 1620 1449 1499 1193 1279    0 1716 1366 1826 1331 1186 1394 1528 1721 1517 1166 1615 1594 1339 1758 1383 1558 1533 1207 1855 1102 1727 1711 1630 1366 1105 1719 1894 1632 1163 1665 1575 1175 1832 1794 1869 1211 1564 1192 1858 1770 1412 1617 1462 
2085 1689 1486 1377 1215 1242 1716    0 1529 1874 1391 1238 1324 1498 1482 1609 1225 1417 1535 1352 1878 1395 1618 1665 1429 1852 1310 1883 1851 1982 1482 1232 1838 1768 1613 1415 1544 1579 1236 1545 1731 1616 1245 1361 1345 1851 1762 1227 1521 1462 
1704 1596 1285 1242 1054  999 1366 1529    0 1461 1066 1075 1325 1151 1227 1380 1183 1168 1317 1031 1509 1294 1318 1415 1066 1335  937 1563 1666 1396 1175 1121 1454 1504 1241 1119 1283 1590  938 1612 1556 1526 1036 1190 1093 1430 1641  954 1722 1239 
1983 1780 1492 1415 1302 1261 1826 1874 1461    0 1298 1018 1467 1474 1684 1624 1058 1463 1387 1302 1680 1488 1318 1550 1111 1583 1078 1743 1659 1677 1592 1015 1836 1945 1658 1283 1493 1875 1234 1899 1812 1844 1292 1352 1281 1706 1522 1252 1616 1474 
1174 1106 1091 1073  687  781 1331 1391 1066 1298    0  759 1053 1006 1001 1159  619  906 1105  813 1394 1023  898 1009  775 1250  664 1413 1387 1241 1048  611 1209 1398  925  743  903 1191  736 1227 1406 1395  658 1083  832 1129 1209  697 1259 1063 
1282 1347  954 1139  805  631 1186 1238 1075 1018  759    0 1024  999  978  982  621 1087  960  637 1164 1124  867  996  710 1156  695 1067 1206 1271 1070  848 1237 1219  853  613  931 1197  709 1161 1209 1228  650 1014  765 1108 1347  682 1229 1051 
1621 1497 1187 1254 1010 1057 1394 1324 1325 1467 1053 1024    0 1200 1456 1343  955 1112 1259 1125 1436 1337 1296 1434  950 1470 1152 1514 1570 1505 1209 1148 1549 1719 1368  894 1228 1600 1113 1431 1702 1670 1168 1150 1105 1604 1560 1011 1663 1226 
1502 1396 1203 1208  997  839 1528 1498 1151 1474 1006  999 1200    0 1161 1214 1061 1261 1397  990 1520 1245 1400 1259 1145 1482  895 1442 1409 1550 1147 1023 1505 1270 1289 1081 1337 1505  881 1575 1378 1651  988 1322 1089 1622 1667  956 1478 1300 
1507 1562 1190 1363  944  882 1721 1482 1227 1684 1001  978 1456 1161    0 1210  987 1428 1271  960 1414 1315 1318 1111  925 1559 1060 1332 1540 1567 1253  991 1503 1637 1320  919 1360 1475  964 1737 1586 1378 1032 1440 1111 1573 1686  876 1436 1298 
1371 1506 1340 1219 1110  963 1517 1609 1380 1624 1159  982 1343 1214 1210    0  921 1291 1320 1009 1428 1137 1073 1206 1023 1632 1053 1352 1675 1460 1234 1122 1609 1680 1435 1056 1336 1473  988 1675 1573 1342 1054 1280  863 1502 1298 1035 1598 1389 
1261 1130  853  943  786  753 1166 1225 1183 1058  619  621  955 1061  987  921    0 1108  860  639 1282  919  974 1135  572 1080  619 1172 1249 1399  856  675 1169 1037 1001  787  920 1133  608 1120 1179 1339  649 1103  689 1215 1433  646 1245 1154 
1528 1482 1418 1142  892 1019 1615 1417 1168 1463  906 1087 1112 1261 1428 1291 1108    0 1404  869 1630 1196 1102 1364  879 1358  866 1691 1651 1518 1173 1129 1428 1623 1256 1113 1359 1438 1068 1680 1482 1725 1084 1178  872 1647 1431  900 1655 1373 
1683 1597 1171 1091  920  881 1594 1535 1317 1387 1105  960 1259 1397 1271 1320  860 1404    0 1166 1372 1200 1307 1168 1118 1664 1029 1601 1530 1455 1185  813 1470 1673 1332  993 1198 1483 1017 1416 1453 1365 1093 1190 1001 1312 1512 1032 1394 1178 
1312 1071  951 1011  735  702 1339 1352 1031 1302  813  637 1125  990  960 1009  639  869 1166    0 1249  964 1062 1170  729 1318  756 1315 1291 1030  869  776 1341 1262  942  827  951 1320  841 1124 1231 1344  778 1035  648 1254 1334  646 1367 1068 
1712 1815 1670 1599 1275 1083 1758 1878 1509 1680 1394 1164 1436 1520 1414 1428 1282 1630 1372 1249    0 1692 1697 1505 1130 1828 1442 1590 1691 1797 1460 1302 1911 1834 1515 1097 1432 1738 1036 1570 1686 1815 1186 1662 1343 1700 1727 1097 1659 1513 
1338 1397 1252 1198 1045  975 1383 1395 1294 1488 1023 1124 1337 1245 1315 1137  919 1196 1200  964 1692    0 1402 1343  989 1417  992 1585 1471 1426 1369 1052 1574 1467 1303 1104 1330 1568  987 1606 1495 1283  995 1336 1025 1550 1543  896 1477 1279 
1640 1499 1241 1341  973 1123 1558 1618 1318 1318  898  867 1296 1400 1318 1073  974 1102 1307 1062 1697 1402    0 1386  968 1648  931 1636 1475 1491 1264  877 1472 1624 1269  934 1295 1517  964 1634 1588 1643 1017 1248 1052 1594 1595  967 1518 1199 
1402 1451 1116 1280 1053  921 1533 1665 1415 1550 1009  996 1434 1259 1111 1206 1135 1364 1168 1170 1505 1343 1386    0  977 1397  991 1541 1669 1482 1347  918 1432 1507 1296 1050 1435 1402 1020 1242 1633 1555  949 1347  909 1559 1605 1113 1411 1387 
1083 1253 1082  844  768  863 1207 1429 1066 1111  775  710  950 1145  925 1023  572  879 1118  729 1130  989  968  977    0 1166  763 1277 1357 1171  820  638 1436 1169  888  663 1105 1064  821 1204 1200 1288  834 1061  629 1045 1223  659 1098 1095 
1981 1702 1543 1534 1243 1426 1855 1852 1335 1583 1250 1156 1470 1482 1559 1632 1080 1358 1664 1318 1828 1417 1648 1397 1166    0 1132 1579 1846 1798 1597 1153 1933 1830 1516 1164 1484 1566 1176 1570 1604 1907 1153 1695 1061 1743 1682 1249 1687 1306 
1264 1365  905 1178  620  701 1102 1310  937 1078  664  695 1152  895 1060 1053  619  866 1029  756 1442  992  931  991  763 1132    0 1067 1433 1225 1155  722 1339 1319  999  629  907 1338  811 1194 1222 1279  684 1117  717 1228 1212  602 1266 1040 
2038 1614 1490 1483 1141 1189 1727 1883 1563 1743 1413 1067 1514 1442 1332 1352 1172 1691 1601 1315 1590 1585 1636 1541 1277 1579 1067    0 1766 1937 1479 1125 1595 1880 1343 1265 1665 1964 1181 1724 1841 2061 1384 1568 1285 1907 1661 1316 1711 1534 
1903 1937 1579 1369 1442 1148 1711 1851 1666 1659 1387 1206 1570 1409 1540 1675 1249 1651 1530 1291 1691 1471 1475 1669 1357 1846 1433 1766    0 1748 1509 1172 1718 1717 1639 1125 1514 1699 1374 1922 1929 1823 1329 1586 1441 1969 1711 1379 1770 1657 
1835 1755 1428 1447 1117 1360 1630 1982 1396 1677 1241 1271 1505 1550 1567 1460 1399 1518 1455 1030 1797 1426 1491 1482 1171 1798 1225 1937 1748    0 1452 1194 1499 1949 1726 1165 1378 1717 1188 1621 1818 1712 1314 1612 1400 1659 1864 1114 1698 1448 
1447 1370 1170 1363  877 1100 1366 1482 1175 1592 1048 1070 1209 1147 1253 1234  856 1173 1185  869 1460 1369 1264 1347  820 1597 1155 1479 1509 1452    0 1034 1413 1489 1332  944 1296 1574 1127 1386 1477 1448 1104 1326  924 1519 1446 1016 1709 1403 
1271 1205 1121 1074  584  704 1105 1232 1121 1015  611  848 1148 1023  991 1122  675 1129  813  776 1302 1052  877  918  638 1153  722 1125 1172 1194 1034    0 1094 1136  982  723  992 1341  802 1374 1279 1076  624 1095  555 1143 1068  597 1245 1150 
1946 1745 1525 1482 1154 1310 1719 1838 1454 1836 1209 1237 1549 1505 1503 1609 1169 1428 1470 1341 1911 1574 1472 1432 1436 1933 1339 1595 1718 1499 1413 1094    0 1977 1437 1243 1386 1835 1165 1714 1856 1704 1282 1367 1209 1736 1903 1408 1702 1308 
1902 1719 1458 1409 1189 1206 1894 1768 1504 1945 1398 1219 1719 1270 1637 1680 1037 1623 1673 1262 1834 1467 1624 1507 1169 1830 1319 1880 1717 1949 1489 1136 1977    0 1604 1129 1525 1919 1256 1779 1980 1778 1158 1334 1198 1761 1799 1391 1756 1448 
1644 1500 1140 1203 1124 1003 1632 1613 1241 1658  925  853 1368 1289 1320 1435 1001 1256 1332  942 1515 1303 1269 1296  888 1516  999 1343 1639 1726 1332  982 1437 1604    0 1003 1367 1605 1084 1550 1691 1618 1081 1305  953 1632 1545 1057 1401 1443 
1150 1368  982 1058  662  631 1163 1415 1119 1283  743  613  894 1081  919 1056  787 1113  993  827 1097 1104  934 1050  663 1164  629 1265 1125 1165  944  723 1243 1129 1003    0 1090 1241  804 1126 1224 1216  734 1035  706 1210 1214  613 1191  960 
1620 1552 1237 1331 1122  915 1665 1544 1283 1493  903  931 1228 1337 1360 1336  920 1359 1198  951 1432 1330 1295 1435 1105 1484  907 1665 1514 1378 1296  992 1386 1525 1367 1090    0 1610 1064 1525 1647 1437 1161 1163  836 1519 1583  997 1563 1295 
1523 1931 1314 1693 1188 1318 1575 1579 1590 1875 1191 1197 1600 1505 1475 1473 1133 1438 1483 1320 1738 1568 1517 1402 1064 1566 1338 1964 1699 1717 1574 1341 1835 1919 1605 1241 1610    0 1250 1743 1802 1502 1243 1423 1422 1800 1836 1406 1875 1339 
1202 1231  887  978  751  739 1175 1236  938 1234  736  709 1113  881  964  988  608 1068 1017  841 1036  987  964 1020  821 1176  811 1181 1374 1188 1127  802 1165 1256 1084  804 1064 1250    0 1205 1287 1268  746 1038  806 1255 1305  684 1317  945 
1644 1839 1380 1589 1183 1316 1832 1545 1612 1899 1227 1161 1431 1575 1737 1675 1120 1680 1416 1124 1570 1606 1634 1242 1204 1570 1194 1724 1922 1621 1386 1374 1714 1779 1550 1126 1525 1743 1205    0 1718 1728 1173 1513 1210 1865 1684 1279 1675 1621 
1918 1980 1576 1531 1290 1137 1794 1731 1556 1812 1406 1209 1702 1378 1586 1573 1179 1482 1453 1231 1686 1495 1588 1633 1200 1604 1222 1841 1929 1818 1477 1279 1856 1980 1691 1224 1647 1802 1287 1718    0 1775 1342 1497 1325 1688 1794 1292 1911 1498 
1938 1804 1679 1471 1032 1155 1869 1616 1526 1844 1395 1228 1670 1651 1378 1342 1339 1725 1365 1344 1815 1283 1643 1555 1288 1907 1279 2061 1823 1712 1448 1076 1704 1778 1618 1216 1437 1502 1268 1728 1775    0 1381 1504 1309 1712 1623 1280 1703 1424 
1178 1163 1047  956  656  836 1211 1245 1036 1292  658  650 1168  988 1032 1054  649 1084 1093  778 1186  995 1017  949  834 1153  684 1384 1329 1314 1104  624 1282 1158 1081  734 1161 1243  746 1173 1342 1381    0 1066  830 1232 1180  589 1264  922 
1583 1382 1334 1242  860 1177 1564 1361 1190 1352 1083 1014 1150 1322 1440 1280 1103 1178 1190 1035 1662 1336 1248 1347 1061 1695 1117 1568 1586 1612 1326 1095 1367 1334 1305 1035 1163 1423 1038 1513 1497 1504 1066    0 1127 1495 1457 1025 1467 1233 
1416 1261 1002  948  720  741 1192 1345 1093 1281  832  765 1105 1089 1111  863  689  872 1001  648 1343 1025 1052  909  629 1061  717 1285 1441 1400  924  555 1209 1198  953  706  836 1422  806 1210 1325 1309  830 1127    0 1264 1187  649 1194  920 
1980 1668 1580 1414 1333 1161 1858 1851 1430 1706 1129 1108 1604 1622 1573 1502 1215 1647 1312 1254 1700 1550 1594 1559 1045 1743 1228 1907 1969 1659 1519 1143 1736 1761 1632 1210 1519 1800 1255 1865 1688 1712 1232 1495 1264    0 1633 1379 1777 1447 
2021 1718 1406 1494 1169 1211 1770 1762 1641 1522 1209 1347 1560 1667 1686 1298 1433 1431 1512 1334 1727 1543 1595 1605 1223 1682 1212 1661 1711 1864 1446 1068 1903 1799 1545 1214 1583 1836 1305 1684 1794 1623 1180 1457 1187 1633    0 1295 1525 1655 
1231 1151  885  952  671  649 1412 1227  954 1252  697  682 1011  956  876 1035  646  900 1032  646 1097  896  967 1113  659 1249  602 1316 1379 1114 1016  597 1408 1391 1057  613  997 1406  684 1279 1292 1280  589 1025  649 1379 1295    0 1266  980 
1602 1778 1752 1539 1394 1249 1617 1521 1722 1616 1259 1229 1663 1478 1436 1598 1245 1655 1394 1367 1659 1477 1518 1411 1098 1687 1266 1711 1770 1698 1709 1245 1702 1756 1401 1191 1563 1875 1317 1675 1911 1703 1264 1467 1194 1777 1525 1266    0 1588 
1539 1472 1277 1339 1105 1040 1462 1462 1239 1474 1063 1051 1226 1300 1298 1389 1154 1373 1178 1068 1513 1279 1199 1387 1095 1306 1040 1534 1657 1448 1403 1150 1308 1448 1443  960 1295 1339  945 1621 1498 1424  922 1233  920 1447 1655  980 1588    0 

   0 1160  907  913  929 1147 1129 1068  724  652 1073  612  900 1146  826 1056  658 1046  654  679 1020  886 1157  861  994  799 1090  739  699  976 1074 1022 1089 1035  793  867  707  667 1184 1152 1006  854 1005 1056  883  681 1128 1019  943 1094 
1160    0  886  694 1090 1194  917 1145 1014 1109  743 1102  877 1125  834  979  767  746  868 1189 1150 1045 1060  683 1124  923 1149  882  783  982  669  939  954  890 1170  851  846  740  983  929  941  833  916  909  734  798 1075 1163  794 1104 
 907  886    0  855  660  828  858 1141  692 1139 1082  927  712  660  845 1071  856  718  709  723  671  959  690  695 1105 1119  727  917 1047  674  904  988  744 1060  698  898  740  656 1141  874  755 1128 1080 1073  811  721 1150  952 1161  617 
 913  694  855    0  721  932 1094 1045 1005 1126  877 1099 1104  817  821  732  809  660  759  612  962  965  965 1095  782  916  853  669  878  969 1040 1111  715  636  844 1081  933  631  907  949  729  973 1002  740  915 1081  986  826 1132  730 
 929 1090  660  721    0 1131  945 1083 1159 1146 1058  811  645 1031 1127 1162  993  617  637 1046 1079 1076  750  625 1192  918 1001 1075  951 1126  857  809 1113  739 1079  714  640  987  907  717  776  711 1095 1053  963 1161  650  686  743 1122 
1147 1194  828  932 1131    0  707  669 1098 1002  770 1031  779  979 1134 1109  891  696  820  961 1022  987  609  744  960 1003 1167  874 1080  825 1093 1073  893  868 1035  762  843  699  844  825  953  769 1072 1136  983  876 1168 1127  865 1026 
1129  917  858 1094  945  707    0  934 1102 1056 1082  829 1000 1066  775  973  918  697 1098 1143 1008  979 1040  804  794  877 1109  769  926 1196  879 1085  997 1126  929 1121 1132  635  829  657  857  969  621  632  893 1196  844 1109  998 1136 
1068 1145 1141 1045 1083  669  934    0 1044  909  703  803  905  641 1174 1084  989  691 1060  868  770  855  825  954 1078  929 1154  832  999  694 1181  653  624  655  797  945  698  887 1100  981  739 1141  658 1129  930  670  730  979  737  996 
 724 1014  692 1005 1159 1098 1102 1044    0  661  739  809 1076  699  924  907  698  622  862 1002 1193  807 1022  843 1084  772  823 1033  602 1081  757  794 1018  745  896  784 1062  791  761  972 1093  703  698 1190  707  825 1027  849  739 1050 
 652 1109 1139 1126 1146 1002 1056  909  661    0  973  710  857 1000  984  673  814 1192  643  887  856  925 1124 1150  805  830 1111 1115  857  781  791 1045  880  668 1159  656  842 1020 1075  956  673  685 1131  944 1124  802  783  649  745  937 
1073  743 1082  877 1058  770 1082  703  739  973    0  874 1165  833  825  733 1054  969 1149  645 1170 1199 1165  910  865  770  954  765  756  816  624  677  613  896 1093  939 1154  785  928  828  919  776 1002  970 1030  647 1102  777  943  634 
 612 1102  927 1099  811 1031  829  803  809  710  874    0  676 1065  861  616 1077 1124 1140 1036 1038 1064  726  637  938  806  653 1120  832  896 1140 1079 1045  981  681 1007  893 1020  678  743 1056  780  844  985  843  884 1105  969  717  604 
 900  877  712 1104  645  779 1000  905 1076  857 1165  676    0  756  663 1053  630 1067  614  726 1027  611  941 1176 1164  793 1199  948  665 1180 1112 1028 1064  655  752 1005  664 1032  660  678  999  766 1159 1018  803  887  954  788  996 1196 
1146 1125  660  817 1031  979 1066  641  699 1000  833 1065  756    0  843 1024 1015  614  758  992  657  720  956  928  616  850  963  908 1120  997  633 1188 1086  827  903 1007 1085  627  758  687 1165  888  696  684  928  878  862  618  609  952 
 826  834  845  821 1127 1134  775 1174  924  984  825  861  663  843    0 1171  978  984  651  861  829 1103  804  977  686  846  941  964  743  724  945 1069 1192  768  958  847 1019  641 1196  650 1183 1027 1171  828  855  644 1015  864  651  730 
1056  979 1071  732 1162 1109  973 1084  907  673  733  616 1053 1024 1171    0  771  811  939  990  884  803 1090  819  673  905  820  767 1199  974 1169  854  894 1086 1008  750 1034  893  604  618  847  679 1146 1175  988 1126  991  834  991 1092 
 658  767  856  809  993  891  918  989  698  814 1054 1077  630 1015  978  771    0 1126  791  839  629 1066  969  814  862 1181 1053  682  977  925  955  859 1180  769  690 1018  815  927 1124 1143  688  743  879  700 1044  939 1015  736  828 1099 
1046  746  718  660  617  696  697  691  622 1192  969 1124 1067  614  984  811 1126    0 1131  980  820 1077  890  816  684  881  613 1135  693  705  893  768  851  832  996 1124 1179  810  623  956 1168 1170  972  803  818  922  966  694  967 1036 
 654  868  709  759  637  820 1098 1060  862  643 1149 1140  614  758  651  939  791 1131    0  967  634 1054  695 1042  851  838  935 1017  657 1170 1119 1126  910 1095  709 1136  948 1150  712  784 1104  964  814  660 1018  798  767  938  786  748 
 679 1189  723  612 1046  961 1143  868 1002  887  645 1036  726  992  861  990  839  980  967    0  668 1140 1179 1181  692  977  864  974  996  654  857  939  633 1121 1067 1173  667  976  645 1006  830  818  663  819  907 1120  977  674  923 1186 
1020 1150  671  962 1079 1022 1008  770 1193  856 1170 1038 1027  657  829  884  629  820  634  668    0  652  606  798  852  922  992  949 1115 1181 1073  872 1025 1186 1106  770  978  795  626  813  831 1165  885 1044  836  630  866  775  888 1127 
 886 1045  959  965 1076  987  979  855  807  925 1199 1064  611  720 1103  803 1066 1077 1054 1140  652    0  621  952 1001  679  757 1182  931  792  715  773  939  727  874  866 1051 1029  605  644 1010  654  922  865  810 1042 1156  660  609  837 
1157 1060  690  965  750  609 1040  825 1022 1124 1165  726  941  956  804 1090  969  890  695 1179  606  621    0 1022  759  783  678  705 1014 1171  974  861 1127 1084  764  830  670 1112  892  758  811 1016 1193  944 1145  963  981 1116  638  872 
 861  683  695 1095  625  744  804  954  843 1150  910  637 1176  928  977  819  814  816 1042 1181  798  952 1022    0  777  870 1098  777  629  933 1095 1103  886 1189  980  946  874  909 1012  894  747 1077  857 1049  756 1127 1005  660  642 1145 
 994 1124 1105  782 1192  960  794 1078 1084  805  865  938 1164  616  686  673  862  684  851  692  852 1001  759  777    0 1127  794  974  645  733  772 1173  796 1058 1072  648  893  944 1082 1088  738  745 1043 1009  963 1059  912 1182 1110  634 
 799  923 1119  916  918 1003  877  929  772  830  770  806  793  850  846  905 1181  881  838  977  922  679  783  870 1127    0  770 1003  674 1016  800  965 1028  927 1066  864  770  730 1001  822  962  780  863  992  663 1168  689  916  619 1092 
1090 1149  727  853 1001 1167 1109 1154  823 1111  954  653 1199  963  941  820 1053  613  935  864  992  757  678 1098  794  770    0  643  840 1102 1067  969  955 1071  868 1137 1176 1118 1140 1132  678 1192 1198  834  602 1016  651  983  681 1023 
 739  882  917  669 1075  874  769  832 1033 1115  765 1120  948  908  964  767  682 1135 1017  974  949 1182  705  777  974 1003  643    0  792  726  652  624  636 1179 1088 1099  739  737  864  875  993  659  948 1016 1171  900  912  612  993  628 
 699  783 1047  878  951 1080  926  999  602  857  756  832  665 1120  743 1199  977  693  657  996 1115  931 1014  629  645  674  840  792    0  946  631  784 1167 1172  642  960  827  723  808 1069  877  823  911 1147  676 1104 1102 1090  751 1038 
 976  982  674  969 1126  825 1196  694 1081  781  816  896 1180  997  724  974  925  705 1170  654 1181  792 1171  933  733 1016 1102  726  946    0  763  634  629 1143  888  916  877  824  676 1183  721  754  972  646  762  644 1065  813  803 1170 
1074  669  904 1040  857 1093  879 1181  757  791  624 1140 1112  633  945 1169  955  893 1119  857 1073  715  974 1095  772  800 1067  652  631  763    0  688  932  936  647  818  680  994  946  698  858  690  807  717  857 1063  798  804  966  665 
1022  939  988 1111  809 1073 1085  653  794 1045  677 1079 1028 1188 1069  854  859  768 1126  939  872  773  861 1103 1173  965  969  624  784  634  688    0  725 1068 1007  912 1134  697  884  646  727 1028  698  691  945  867  982 1074  873  884 
1089  954  744  715 1113  893  997  624 1018  880  613 1045 1064 1086 1192  894 1180  851  910  633 1025  939 1127  886  796 1028  955  636 1167  629  932  725    0 1028  790  868 1043 1187 1141 1196  993  621  733  622 1109  979 1013 1096  989 1149 
1035  890 1060  636  739  868 1126  655  745  668  896  981  655  827  768 1086  769  832 1095 1121 1186  727 1084 1189 1058  927 1071 1179 1172 1143  936 1068 1028    0  790  622  920  678  651  875  864  970  980  739  890 1163 1132  849 1065  823 
 793 1170  698  844 1079 1035  929  797  896 1159 1093  681  752  903  958 1008  690  996  709 1067 1106  874  764  980 1072 1066  868 1088  642  888  647 1007  790  790    0  605  744 1064  811 1153  943  740  788  643  967 1148  637 1162  729  602 
 867  851  898 1081  714  762 1121  945  784  656  939 1007 1005 1007  847  750 1018 1124 1136 1173  770  866  830  946  648  864 1137 1099  960  916  818  912  868  622  605    0 1191  990  744  812 1009 1161 1173  606  964 1092 1170 1101 1183  638 
 707  846  740  933  640  843 1132  698 1062  842 1154  893  664 1085 1019 1034  815 1179  948  667  978 1051  670  874  893  770 1176  739  827  877  680 1134 1043  920  744 1191    0 1190  811  678  830  695 1118  896  954  626  930  601 1039  633 
 667  740  656  631  987  699  635  887  791 1020  785 1020 1032  627  641  893  927  810 1150  976  795 1029 1112  909  944  730 1118  737  723  824  994  697 1187  678 1064  990 1190    0  724 1139  931 1172  999  636  769  816  974  795  735  626 
1184  983 1141  907  907  844  829 1100  761 1075  928  678  660  758 1196  604 1124  623  712  645  626  605  892 1012 1082 1001 1140  864  808  676  946  884 1141  651  811  744  811  724    0  960  744 1160  991 1106  724  878 1082 1081 1023 1106 
1152  929  874  949  717  825  657  981  972  956  828  743  678  687  650  618 1143  956  784 1006  813  644  758  894 1088  822 1132  875 1069 1183  698  646 1196  875 1153  812  678 1139  960    0  749  822  775  729  651 1090  686  766 1015  786 
1006  941  755  729  776  953  857  739 1093  673  919 1056  999 1165 1183  847  688 1168 1104  830  831 1010  811  747  738  962  678  993  877  721  858  727  993  864  943 1009  830  931  744  749    0  987  667  769  940  894  983  688 1006  754 
 854  833 1128  973  711  769  969 1141  703  685  776  780  766  888 1027  679  743 1170  964  818 1165  654 1016 1077  745  780 1192  659  823  754  690 1028  621  970  740 1161  695 1172 1160  822  987    0  604  703  873  869 1168  975 1026 1005 
1005  916 1080 1002 1095 1072  621  658  698 1131 1002  844 1159  696 1171 1146  879  972  814  663  885  922 1193  857 1043  863 1198  948  911  972  807  698  733  980  788 1173 1118  999  991  775  667  604    0  711 1007 1102  693 1125  605  933 
1056  909 1073  740 1053 1136  632 1129 1190  944  970  985 1018  684  828 1175  700  803  660  819 1044  865  944 1049 1009  992  834 1016 1147  646  717  691  622  739  643  606  896  636 1106  729  769  703  711    0 1035  978  860 1075  909  603 
 883  734  811  915  963  983  893  930  707 1124 1030  843  803  928  855  988 1044  818 1018  907  836  810 1145  756  963  663  602 1171  676  762  857  945 1109  890  967  964  954  769  724  651  940  873 1007 1035    0 1062  654  774 1035  646 
 681  798  721 1081 1161  876 1196  670  825  802  647  884  887  878  644 1126  939  922  798 1120  630 1042  963 1127 1059 1168 1016  900 1104  644 1063  867  979 1163 1148 1092  626  816  878 1090  894  869 1102  978 1062    0  691  889 1134  772 
1128 1075 1150  986  650 1168  844  730 1027  783 1102 1105  954  862 1015  991 1015  966  767  977  866 1156  981 1005  912  689  651  912 1102 1065  798  982 1013 1132  637 1170  930  974 1082  686  983 1168  693  860  654  691    0  970  687  774 
1019 1163  952  826  686 1127 1109  979  849  649  777  969  788  618  864  834  736  694  938  674  775  660 1116  660 1182  916  983  612 1090  813  804 1074 1096  849 1162 1101  601  795 1081  766  688  975 1125 1075  774  889  970    0 1162  825 
 943  794 1161 1132  743  865  998  737  739  745  943  717  996  609  651  991  828  967  786  923  888  609  638  642 1110  619  681  993  751  803  966  873  989 1065  729 1183 1039  735 1023 1015 1006 1026  605  909 1035 1134  687 1162    0  799 
1094 1104  617  730 1122 1026 1136  996 1050  937  634  604 1196  952  730 1092 1099 1036  748 1186 1127  837  872 1145  634 1092 1023  628 1038 1170  665  884 1149  823  602  638  633  626 1106  786  754 1005  933  603  646  772  774  825  799    0 

0 584 857
1 644 770
2 499 735
3 408 711
4 275 1016
5 252 1000
6 637 1045
7 638 802
8 463 840
9 653 1074
10 275 952
11 335 1016
12 506 860
13 509 900
14 514 869
15 485 900
16 236 816
17 370 715
18 518 719
19 220 971
20 663 996
21 399 1074
22 515 787
23 443 867
24 236 996
25 589 902
26 247 1076
27 641 1088
28 630 881
29 552 921
30 462 838
31 214 938
32 626 743
33 555 1004
34 537 765
35 287 738
36 389 909
37 665 713
38 203 937
39 616 907
40 593 1054
41 564 1078
42 280 961
43 484 779
44 248 756
45 655 786
46 667 888
47 304 973
48 596 766
49 361 700

0 28 30748 33446 3806 
0 7 20875 23982 6255 
0 49 20355 23297 4617 
0 48 29820 33459 6408 
0 14 36920 39505 3014 
0 41 36766 40070 5814 
0 39 30492 34374 4932 
0 19 19481 20981 3936 
0 16 41237 42816 3783 
0 27 41315 43465 6114 
0 23 10569 12910 4206 
0 26 14788 18744 3792 
0 35 26058 28450 3450 
0 40 13921 16093 7672 
0 17 3927 7954 4584 
1 9 23735 27228 5340 
1 10 41432 43438 4424 
1 33 2380 5308 3438 
1 32 22851 26180 5235 
1 49 24429 27884 4416 
1 31 3436 6102 2410 
1 10 6884 9521 3318 
1 32 978 3134 3490 
1 2 20553 23104 4404 
1 25 3457 6549 3404 
1 44 25877 28005 2522 
1 13 47707 50924 2792 
1 6 31058 34395 3240 
1 5 15087 17988 2514 
1 7 36396 39476 3378 
1 42 46682 49109 4652 
2 6 50468 53711 4347 
2 36 5948 8249 2474 
2 42 31618 34199 4188 
2 31 21857 25799 3363 
2 5 49509 51794 4064 
2 43 5055 8692 5336 
2 24 14856 17165 4328 
2 39 43845 46335 2760 
2 47 35860 39325 2655 
2 38 44610 47222 1774 
2 23 41177 43387 4464 
2 43 27213 31311 2668 
3 18 8848 11018 4364 
3 5 45774 49399 2066 
3 16 6619 8439 1886 
3 23 40856 43922 3840 
3 10 39249 41888 3219 
3 28 43631 45843 5476 
3 42 48518 51794 2868 
3 8 36419 38841 3726 
3 42 21232 23566 2868 
3 6 36633 39357 4497 
3 39 8585 10710 4767 
3 16 14233 16918 1886 
3 19 10458 12000 4044 
3 28 21637 24850 4107 
4 9 21288 25814 2604 
4 13 5434 8269 1994 
4 12 608 2794 2020 
4 15 42800 45623 4440 
4 26 42061 44463 1240 
4 22 8586 11083 1946 
4 23 47284 48665 3159 
4 23 28245 29995 4212 
4 26 3079 6962 1860 
4 49 23246 27161 3315 
5 22 26012 27729 3369 
5 0 28871 33172 3549 
5 8 37733 41619 3996 
5 33 24930 27455 3618 
5 26 5321 9475 2103 
5 16 14972 18411 3012 
5 41 10261 13098 2310 
5 28 41453 45265 4592 
6 24 40441 42243 3621 
6 14 30120 33204 5163 
6 31 47789 51369 3315 
6 38 24728 27148 2350 
6 27 11199 14028 3454 
6 18 12258 14574 4782 
6 37 12399 14704 6300 
6 18 6493 10500 6376 
6 21 45334 49171 4149 
6 48 49902 52367 4851 
6 42 29913 31571 2422 
6 26 30056 32639 4408 
7 23 1979 4249 3330 
7 10 26895 28729 4173 
7 3 32737 35966 5508 
7 9 48014 51377 3748 
7 43 9878 13614 4083 
7 13 50323 51925 5992 
7 43 44696 48715 5444 
7 45 46448 48149 3702 
7 5 40483 42142 3726 
7 49 36134 39092 2924 
7 15 109 3382 6436 
7 35 22104 24022 5660 
8 43 21650 26267 2380 
8 39 12804 15049 4836 
8 14 9556 13011 3681 
8 11 8415 10769 2150 
8 34 10549 13622 4964 
8 0 46799 48514 5112 
8 2 4408 6753 3855 
8 13 36721 38999 4604 
8 41 22013 23911 6104 
8 41 9852 12010 6104 
8 38 45436 47186 3752 
8 10 35858 37712 4264 
8 34 15149 17926 2482 
8 20 11656 14554 4527 
8 42 46048 48693 4144 
8 45 19218 22221 2860 
9 4 40937 43446 2604 
9 6 3027 6849 3652 
9 38 10021 12547 2468 
9 5 32789 35835 5044 
9 44 3694 6616 2562 
9 17 32074 36126 5852 
9 49 48877 50779 4422 
9 12 13450 15223 5868 
9 14 18141 21624 6736 
9 41 14271 15709 3688 
9 33 25181 26757 3890 
9 17 10219 13616 5852 
9 36 28160 30273 4479 
9 6 11682 15092 3652 
9 28 6425 9467 4977 
9 31 7088 10954 3045 
10 40 39336 42837 4218 
10 41 8498 10810 5580 
10 24 25379 27740 2325 
10 46 18557 22281 3627 
10 9 18705 20806 3894 
10 3 31754 34516 2146 
10 9 10501 13653 5192 
10 1 25068 27750 2212 
11 17 11247 13854 4348 
11 26 13320 14828 2780 
11 24 12921 14825 1420 
11 20 1622 4383 3492 
11 1 40442 43615 2694 
11 40 2701 6375 2418 
11 16 40204 44350 1863 
11 34 2076 3567 3412 
11 44 37179 40348 3060 
11 31 23446 27341 2544 
11 25 45609 48704 4624 
11 14 48159 50122 1956 
12 41 27189 30222 3340 
12 45 23503 25951 6416 
12 7 5658 9169 2648 
12 19 20355 22445 3375 
12 34 44187 45886 5472 
12 31 37646 41161 2296 
12 48 26641 29210 3326 
12 38 42247 44332 3339 
12 14 11398 12909 4368 
12 11 31221 32762 2048 
12 14 37228 39117 2912 
12 1 31859 35270 5988 
12 21 31149 32749 4011 
12 29 37828 41981 3010 
12 22 47820 50398 3888 
13 43 24387 26144 5288 
13 3 27970 30551 2416 
13 9 3120 5840 2948 
13 35 27025 30539 3243 
13 20 39892 42184 6080 
13 29 41998 44071 3100 
13 14 45515 48153 3483 
13 4 14592 17386 1994 
13 37 49043 51250 6020 
13 0 10679 13819 4506 
13 5 8657 11437 1678 
13 30 27258 29302 4588 
13 22 49780 52322 2800 
13 38 36470 38433 1762 
13 9 11711 15261 2948 
13 11 44879 47690 1998 
14 30 49478 53069 3759 
14 46 14236 16803 5058 
14 29 7952 10239 6268 
14 1 5115 7108 3124 
14 26 43091 46770 4240 
14 8 43867 46962 3681 
14 42 39430 42673 2064 
14 20 27994 30257 2828 
14 44 28851 32023 2222 
14 11 40603 42953 3912 
14 37 25414 27362 4425 
14 38 20045 22747 2892 
14 26 47988 51526 4240 
14 41 5917 9460 5512 
14 36 24411 26978 4080 
15 29 30544 32550 5840 
15 6 43525 46278 6068 
15 8 7133 10026 4140 
15 37 8986 11897 4419 
15 11 1553 3598 3928 
15 11 26272 27922 3928 
15 7 19794 23642 3218 
15 32 23623 26260 6436 
15 48 30573 32594 6392 
15 19 40199 43881 2018 
15 8 37787 41061 5520 
15 34 8008 11233 5740 
15 17 45713 48470 5164 
15 24 9049 11094 3069 
15 0 10461 12837 2742 
15 0 29416 33576 5484 
16 46 8003 11890 5732 
16 33 25960 27697 3111 
16 1 40177 42347 3390 
16 15 22429 24950 3684 
16 4 38552 41342 3144 
16 30 8004 10802 1712 
16 41 7854 9897 5356 
16 21 14491 18126 3676 
16 20 62 1999 5128 
16 27 4882 7234 2344 
17 39 2661 4773 3360 
17 5 41456 44142 4076 
17 24 10331 12341 1758 
17 1 47354 50233 4446 
17 36 26725 30332 4077 
17 44 4396 6841 2616 
17 43 988 3107 2356 
17 18 4068 7958 2808 
17 22 3185 4991 2204 
17 36 30466 33177 2718 
17 4 7048 9096 1784 
17 25 2586 5951 5432 
17 30 27476 29672 2346 
18 14 38565 41077 3813 
18 38 536 2479 2034 
18 7 40122 43492 4605 
18 9 6285 8612 2774 
18 46 10786 12772 4536 
18 28 7613 10129 6120 
18 26 37717 41363 2058 
18 44 24402 27720 3003 
18 22 20331 22409 2614 
18 45 42896 45569 5248 
18 21 7027 9198 2400 
18 27 39802 43442 6404 
18 44 7052 11093 3003 
19 5 3361 6397 2808 
19 45 49504 52528 3762 
19 9 35607 38569 5208 
19 48 18042 20903 5468 
19 5 803 2821 1404 
19 20 36775 38197 3747 
19 24 24890 26744 2187 
19 38 31830 33126 3364 
19 27 24802 27850 2630 
19 21 8625 12831 2892 
20 10 11371 15547 4182 
20 39 3322 5297 3140 
20 0 38029 41078 3424 
20 25 8209 11777 5484 
20 5 4112 7341 3249 
20 34 28534 31453 4545 
20 36 7943 11317 4296 
20 30 43854 47888 5840 
20 36 49912 53158 5728 
20 21 2285 4599 3384 
20 0 43308 45490 5136 
20 43 3213 5384 4986 
20 11 43338 45663 4656 
21 45 31388 34482 3100 
21 17 45962 49860 4784 
21 25 38496 39887 2834 
21 33 9402 10928 4401 
21 40 24121 26625 5980 
21 8 49899 52586 3882 
21 19 22120 26440 2892 
21 45 31356 33908 4650 
21 38 39130 41459 3948 
21 2 9566 12471 2504 
21 26 29592 32400 1984 
21 42 10088 12291 2985 
22 34 27119 29051 2538 
22 39 11830 14111 3268 
22 3 43117 46398 2682 
22 1 11843 15595 5996 
22 13 27238 29675 5600 
22 10 8446 11661 3592 
22 30 41392 44089 3792 
22 47 13735 17016 2901 
22 26 49105 50806 3724 
22 21 45539 47519 5608 
22 37 5532 9546 6068 
22 31 42538 44957 3508 
22 29 12605 15801 5964 
22 39 25452 27907 3268 
23 45 11005 15186 4677 
23 27 1470 4041 3082 
23 2 27960 29363 4464 
23 22 39100 41215 5544 
23 17 14987 18079 2728 
23 15 41532 43325 3618 
23 42 7295 9188 3796 
23 29 5741 8866 2964 
23 3 7481 9725 3840 
23 16 42678 44379 3405 
23 2 36771 38494 4464 
23 40 49417 51523 3266 
23 8 12241 15157 4245 
23 31 36073 39514 2754 
23 44 28910 31298 3636 
24 31 32779 36896 2552 
24 3 15107 17984 2532 
24 13 9850 11704 3435 
24 2 19770 23372 4328 
24 36 10514 13451 4420 
24 21 37000 39582 1978 
24 37 637 4063 3192 
24 3 28191 30857 3376 
24 43 28871 31282 2122 
24 31 32303 34989 1914 
24 15 8937 10579 3069 
25 0 36959 40067 7924 
25 48 30944 33073 3374 
25 19 48702 51652 5272 
25 31 31418 34496 4612 
25 24 49010 53224 4664 
25 38 20266 22648 3528 
25 27 17810 20748 3158 
25 49 29925 32611 3918 
25 4 9807 13442 4972 
25 5 41554 44643 4278 
25 38 38663 42286 3528 
25 18 2677 5224 4992 
26 10 11927 15323 1328 
26 44 38340 39893 2868 
26 6 24007 27400 2204 
26 36 4320 7518 2721 
26 25 35508 37948 2264 
26 24 8481 11506 1526 
26 13 47376 50255 2685 
26 48 42595 44944 5064 
27 8 11497 15153 4689 
27 19 41756 44668 5260 
27 2 39929 42890 2980 
27 47 49978 52089 3948 
27 21 23863 28354 4755 
27 31 3013 5427 4500 
27 15 42383 44960 2704 
27 11 38862 42121 4268 
27 13 14468 16692 2884 
27 24 5510 8587 5108 
27 12 28385 30328 4542 
27 22 21126 23262 6544 
27 30 2233 4821 4437 
27 14 23074 25888 2664 
27 20 32768 36042 3180 
27 21 42622 45175 4755 
28 21 12570 14627 5884 
28 27 46372 49175 7064 
28 0 27362 29305 5709 
28 22 40435 42777 5900 
28 18 49187 51263 6120 
28 19 9953 13429 5164 
28 5 40084 43216 3444 
28 47 47294 51054 4137 
28 26 9560 11399 4299 
28 8 14982 16896 3332 
28 37 45396 47254 5097 
28 12 25212 27040 4710 
29 2 18092 19992 2856 
29 23 8395 11063 2964 
29 32 29374 31833 4497 
29 37 26003 28153 3434 
29 35 6405 9629 4660 
29 20 45915 50261 7188 
29 8 12533 15808 4188 
29 19 20455 22050 4120 
29 33 36073 40119 5847 
29 25 45033 48385 7192 
29 22 36919 40923 5964 
29 9 19754 21612 5031 
29 45 41150 43204 4977 
29 13 37741 41669 4650 
29 18 45895 49954 5820 
29 6 49755 52936 4890 
30 7 21736 25373 5928 
30 20 21674 25011 2920 
30 26 40925 43069 4620 
30 24 22294 24911 2460 
30 41 28175 30410 5792 
30 18 43926 46555 3555 
30 47 40598 43146 2032 
30 45 13919 16629 6076 
30 29 43387 45996 2904 
30 1 18448 20247 4110 
30 35 45011 47489 3776 
30 8 11048 13091 4700 
30 8 35946 38512 3525 
30 17 7017 9294 4692 
31 41 37739 40041 3228 
31 47 29989 32448 1791 
31 39 47292 49262 5496 
31 44 21833 24705 2220 
31 24 424 4154 1914 
31 25 48307 51124 2306 
31 46 50029 52592 3204 
31 29 26144 27887 4776 
31 41 22771 25546 4304 
31 19 40321 42706 1552 
31 1 27170 30700 4820 
31 13 30500 34491 2046 
32 25 31155 33416 3866 
32 25 1015 4613 5799 
32 2 25394 27097 3050 
32 26 50565 52723 2678 
32 20 43417 46594 5733 
32 31 47437 48901 2188 
32 40 20345 22370 5568 
32 11 30429 34337 4948 
32 47 35888 40184 4224 
32 24 24994 27429 5744 
32 8 4874 8437 4362 
32 2 32664 34434 6100 
32 47 26555 30862 4224 
32 30 27701 30552 4239 
32 28 22399 26460 6872 
33 43 23737 25229 4002 
33 45 1545 4859 7044 
33 35 50336 52481 3387 
33 27 3711 6823 3760 
33 44 29972 32508 4792 
33 11 1225 4756 2438 
33 26 20523 24517 2638 
33 4 43386 45580 4756 
33 23 44211 48550 6028 
33 4 10081 12844 2378 
33 10 5048 8452 2796 
33 45 6233 10443 3522 
34 37 28987 33104 4815 
34 41 27322 29630 6472 
34 28 40070 41437 6556 
34 33 25615 28332 4812 
34 17 3341 5831 5024 
34 48 21070 22914 5604 
34 8 25122 28392 4964 
34 40 43759 45739 6764 
34 33 948 2686 6416 
34 37 19100 23004 6420 
34 15 50369 52626 4305 
34 0 10263 13236 6576 
34 11 46281 48562 3412 
34 37 44903 48946 4815 
34 40 26662 28585 6764 
34 33 19308 22215 3208 
35 8 18141 20618 3357 
35 3 7752 11859 2116 
35 47 32251 36368 1839 
35 18 30925 34128 3972 
35 41 26492 30497 3648 
35 8 7676 10459 2238 
35 48 11656 14660 4764 
35 5 9348 12136 2524 
35 26 46701 49736 1258 
35 11 25643 29127 1226 
35 37 48955 51697 2482 
35 8 39714 41885 3357 
36 35 25475 28512 4360 
36 7 47064 49583 6176 
36 10 39959 44551 3612 
36 34 9948 12313 2734 
36 26 7176 11738 2721 
36 4 24803 26972 2244 
36 21 41554 44339 3990 
36 9 49238 51393 4479 
36 25 28487 30596 2968 
36 0 23998 25440 4860 
36 30 25875 27704 5184 
36 49 11042 13472 3885 
36 30 26480 28547 2592 
36 13 742 4940 2674 
37 46 27896 29921 3672 
37 33 3395 4954 7676 
37 29 7064 9025 5151 
37 48 31255 33254 5625 
37 18 25813 28964 5932 
37 27 49778 52652 5892 
37 47 46539 49440 4218 
37 6 28544 30614 4725 
37 39 19318 21812 5229 
37 26 47100 49727 5352 
37 27 13978 16432 7856 
37 39 7708 11478 6972 
37 39 22687 25762 5229 
37 49 26483 28749 4017 
37 4 48676 52396 3564 
37 13 31790 34122 6020 
38 10 44914 47475 2208 
38 4 24746 27022 3004 
38 4 514 3579 3004 
38 16 21187 24626 1824 
38 29 38075 39454 3564 
38 9 29786 33838 2468 
38 34 4592 7130 4336 
38 45 4596 6439 2510 
38 48 36277 40246 5268 
39 41 26278 28464 3456 
39 16 3870 8007 4480 
39 17 48145 51491 3360 
39 41 13989 15764 5184 
39 13 48045 50600 4725 
39 4 12922 14879 3549 
39 14 11840 14329 3474 
39 26 22254 25638 3582 
39 2 13613 16060 2760 
39 21 48767 50982 6424 
39 27 36427 38964 6896 
39 29 20600 24728 4863 
40 24 7453 10006 2400 
40 35 24741 27475 4896 
40 30 29610 32715 5908 
40 9 6128 7635 7248 
40 10 12514 15004 5624 
40 7 46956 49246 5193 
40 39 29157 31950 6872 
40 3 46009 48801 3062 
40 42 39081 40448 5368 
40 10 30698 34226 4218 
40 46 35473 38746 3588 
40 24 38592 41411 4800 
41 49 3401 5722 2848 
41 27 14189 16633 8244 
41 35 18050 20778 2432 
41 12 2343 5246 5010 
41 27 46491 48362 4122 
41 37 41771 46095 6008 
41 45 38763 40587 6848 
41 14 23376 26487 5512 
41 4 20931 23547 2064 
41 49 11356 15024 4272 
41 37 1853 5497 3004 
41 31 31845 34394 4304 
41 4 32736 34627 4128 
41 4 40264 41998 3096 
42 40 19971 21738 5368 
42 49 18499 22016 1844 
42 15 8492 12503 4216 
42 46 26528 28385 2360 
42 10 10339 12403 1316 
42 46 2566 5282 2360 
42 34 42829 44570 2162 
42 1 30436 33110 3489 
43 2 25309 27916 4002 
43 35 8817 10483 3105 
43 21 23421 25375 5344 
43 13 39949 42178 2644 
43 40 36325 38916 2994 
43 8 11776 14715 3570 
43 30 20862 22360 3978 
43 25 28726 31920 6780 
43 46 23095 25365 5828 
43 33 24371 26063 2668 
43 14 47825 49671 5760 
43 44 49435 52954 2254 
43 45 37062 40690 4485 
44 36 26888 29616 2508 
44 29 32875 34749 5600 
44 45 18813 22487 2528 
44 10 31340 33781 3328 
44 34 27006 29626 3812 
44 18 47343 50274 3003 
44 24 2687 4873 1887 
44 11 23347 25757 2295 
44 36 22559 25993 2508 
44 26 10506 12552 2868 
45 7 38315 40150 5553 
45 7 6120 8753 3702 
45 26 25711 27946 3684 
45 32 29104 32892 6944 
45 6 2146 4705 3716 
45 3 10518 13025 2828 
45 48 26287 28668 3554 
45 17 12995 16203 3294 
45 9 22030 24211 5118 
45 11 4461 6582 2216 
45 3 23516 25775 2828 
45 5 32186 34288 3483 
45 5 5759 7546 3483 
45 26 23885 27918 3684 
45 48 29808 32121 3554 
45 13 32023 34569 3244 
46 26 1068 2929 2424 
46 32 24443 27208 7612 
46 28 29072 31474 6844 
46 32 43687 45935 7612 
46 43 1250 4208 2914 
46 33 22632 26050 5397 
46 6 40462 42842 5310 
46 15 2069 4942 5192 
46 31 47203 50610 2136 
46 31 37037 40051 2136 
46 17 25801 28785 4293 
46 30 29464 32352 5784 
46 34 44324 45782 6180 
46 39 45525 47486 5052 
46 19 18592 22138 2668 
46 29 47223 49555 3728 
47 18 12199 14834 2064 
47 35 30369 33440 1839 
47 42 11429 14837 1767 
47 4 19093 21157 2684 
47 22 36625 40876 3868 
47 36 8876 10534 2991 
47 39 20698 23103 2558 
47 36 40358 41722 1994 
