60 4 16 786

   0 1288 1646 1419 1068 1358 1563 1510 1188 1423 1676 1702 1746 1548 1719 1589 1686 1677 1256 1504 1678 1631 1566 1951 1886 1816 1624 1225 1651 1524 1597 1158 1180 1841 1339 1622 1187 1578 1677 1675 1163 1584 1629 1242 1552 1398 1584 1946 1146 1812 1360 1129 1208 1510 1649 1863 1430 1495 1264 1859 
1288    0 1156  689  639  615 1130 1132  596  676  967 1430 1119 1066 1290 1059 1257 1178  901 1147 1260 1047 1108 1417 1294 1253 1091  767 1000 1234  936  867  657 1151  609 1025  872 1025 1218 1045  691  931 1027  836  995  883  992 1394  614 1267 1088  582  776 1081 1076 1160 1122 1054  888 1266 
1646 1156    0  946 1031  903 1226 1149  999  989 1344 1615 1650 1246 1438 1136 1674 1536  900 1674 1349 1258 1195 1386 1706 1637 1189  870 1087 1496 1183 1086  992 1381  965 1649 1021 1205 1630 1405  954 1345 1355 1032 1306 1062 1350 1486  926 1666 1402  960  940 1391 1294 1541 1260 1199 1071 1583 
1419  689  946    0  769  582  845 1005  881  679 1127 1259 1302  864 1485 1104 1218 1252  701 1132 1312  968 1059 1129 1330 1222 1007  603 1013 1112  904  792  764 1249  802 1371  817  836 1211 1347  724 1062 1380  835 1003  745  962 1131  637 1371 1141  781  588 1044  989 1328 1122  817  694 1176 
1068  639 1031  769    0  751 1127  973  681  699 1036 1329 1256 1130 1336 1088 1133 1103  597 1187 1295  934 1084 1279 1225 1265 1000  588 1078 1148 1066  636  640 1126  613 1354  706  983 1337 1242  711  967 1214  805  973  855  986 1022  850 1185 1026  811  739 1093 1090 1252 1059 1072  605 1453 
1358  615  903  582  751    0 1093  918  639  835 1070 1304 1394  861 1250  878 1130 1277  711 1131 1291  874 1102 1082 1345 1238  840  790  940 1176  994  586  681 1219  756 1283  576  936 1070 1437  633 1062 1111  659 1139  657 1156 1161  612 1364 1100  726  716 1024  992 1287  911 1054  778 1189 
1563 1130 1226  845 1127 1093    0 1128  983 1096 1178 1572 1436 1149 1623 1225 1418 1502  911 1471 1606 1241 1152 1669 1698 1450 1247 1052 1082 1514 1442 1148 1115 1553  967 1536 1061 1128 1324 1716 1030 1342 1524  870 1408 1122 1298 1631 1093 1397 1161  923 1032 1271 1378 1619 1363 1272  952 1455 
1510 1132 1149 1005  973  918 1128    0  937  853 1231 1630 1463 1209 1710 1172 1561 1405  908 1556 1495 1334 1247 1577 1381 1399 1166  903 1212 1476 1324  932  895 1535  970 1536  970 1252 1561 1730 1006 1156 1480 1054 1209  955 1165 1431  944 1573 1261 1048  895 1342 1285 1478 1414 1253  907 1411 
1188  596  999  881  681  639  983  937    0  732 1046 1383 1143 1061 1229  971 1146 1230  548 1154 1406 1064 1127 1170 1167 1166  894  764 1024 1149 1097  754  772 1138  752 1254  813 1108 1212 1322  655 1091 1199  864 1090  777  872 1269  788 1184  877  841  638  839 1039 1070  955 1056  622 1287 
1423  676  989  679  699  835 1096  853  732    0  970 1170 1240  940 1276 1057 1142 1263  817 1381 1414  946  925 1327 1201 1283  876  645 1080 1162  904  811  797 1368  602 1286  838 1014 1360 1220  636 1091 1266  607 1099  818  852 1250  607 1239  976  713  611  947  901 1209  818  879  825 1256 
1676  967 1344 1127 1036 1070 1178 1231 1046  970    0 1533 1653 1417 1493 1370 1340 1571 1076 1380 1431 1270 1326 1379 1520 1499 1453  931 1383 1327 1254 1045  997 1430  997 1608  912 1388 1552 1537  989 1257 1549 1051 1294 1061 1125 1497  933 1693 1194  911  987 1172 1433 1700 1250 1338  852 1478 
1702 1430 1615 1259 1329 1304 1572 1630 1383 1170 1533    0 1850 1605 1777 1497 1746 1610 1196 1929 1710 1458 1395 1554 1691 1890 1326 1269 1458 1792 1530 1198 1206 1808 1159 1886 1252 1410 1666 1733 1235 1515 1763 1347 1542 1339 1517 1836 1081 1714 1573 1201 1335 1514 1657 1705 1503 1576 1325 1888 
1746 1119 1650 1302 1256 1394 1436 1463 1143 1240 1653 1850    0 1618 1917 1669 1766 1794 1194 1584 1814 1453 1684 1686 1731 1528 1505 1374 1628 1648 1594 1257 1274 1702 1207 1789 1249 1453 1919 1893 1389 1321 1769 1243 1452 1278 1574 1807 1114 1787 1459 1124 1279 1524 1457 1803 1569 1581 1233 1776 
1548 1066 1246  864 1130  861 1149 1209 1061  940 1417 1605 1618    0 1460 1359 1536 1478 1116 1506 1454 1154 1425 1438 1537 1482 1285 1073 1293 1562 1105 1159 1063 1531  904 1531  965 1113 1512 1426  934 1205 1436 1171 1404 1044 1339 1337 1113 1298 1374  977 1012 1262 1364 1496 1251 1277 1153 1651 
1719 1290 1438 1485 1336 1250 1623 1710 1229 1276 1493 1777 1917 1460    0 1543 1907 1579 1394 1711 2028 1454 1407 1753 1793 1943 1374 1281 1467 1642 1549 1318 1250 1756 1253 1645 1443 1608 1916 1558 1326 1440 1845 1441 1620 1372 1422 1631 1194 1704 1310 1202 1225 1569 1412 1598 1376 1579 1077 1712 
1589 1059 1136 1104 1088  878 1225 1172  971 1057 1370 1497 1669 1359 1543    0 1579 1439 1024 1700 1528 1363 1152 1419 1570 1556 1221 1100 1313 1423 1326 1091 1004 1626 1104 1544  968 1381 1490 1353  892 1292 1620 1061 1092  992 1184 1657 1083 1568 1309 1105 1026 1216 1458 1367 1121 1228  839 1472 
1686 1257 1674 1218 1133 1130 1418 1561 1146 1142 1340 1746 1766 1536 1907 1579    0 1770 1370 1543 1903 1450 1444 1796 1897 1884 1475 1335 1443 1852 1604 1375 1388 1709 1227 1842 1431 1430 1621 1839 1178 1510 1732 1473 1629 1144 1371 1730 1148 1904 1472 1457 1419 1463 1365 1630 1584 1435 1290 1824 
1677 1178 1536 1252 1103 1277 1502 1405 1230 1263 1571 1610 1794 1478 1579 1439 1770    0 1176 1499 1772 1569 1417 1893 1734 1642 1369 1233 1705 1885 1647 1361 1237 1609 1200 1622 1101 1749 1701 1811 1412 1539 1564 1298 1690 1271 1514 1775 1171 1576 1467 1321 1373 1480 1589 1501 1536 1295 1435 1712 
1256  901  900  701  597  711  911  908  548  817 1076 1196 1194 1116 1394 1024 1370 1176    0 1210 1201 1137  888 1132 1248 1216  876  600 1119 1164 1139  807  580 1245  691 1447  748  881 1181 1225  796  886 1042  639  899  749 1035 1300  842 1180 1035  555  699 1011  856 1422 1088  885  638 1198 
1504 1147 1674 1132 1187 1131 1471 1556 1154 1381 1380 1929 1584 1506 1711 1700 1543 1499 1210    0 1794 1538 1431 1690 1529 1567 1438 1076 1470 1775 1619 1296 1326 1843 1153 1552 1193 1487 1776 1955 1272 1399 1668 1384 1479 1460 1389 1625 1105 1659 1550 1175 1415 1482 1509 1980 1623 1389 1413 1921 
1678 1260 1349 1312 1295 1291 1606 1495 1406 1414 1431 1710 1814 1454 2028 1528 1903 1772 1201 1794    0 1561 1459 1633 1904 2006 1697 1134 1407 1813 1337 1204 1342 1699 1304 1818 1267 1454 1817 1677 1396 1612 1574 1258 1509 1037 1555 1749 1340 1560 1450 1261 1180 1689 1510 1908 1406 1445 1293 1731 
1631 1047 1258  968  934  874 1241 1334 1064  946 1270 1458 1453 1154 1454 1363 1450 1569 1137 1538 1561    0 1411 1583 1401 1440 1182  931 1395 1489 1208 1011 1074 1412 1100 1606 1157 1308 1515 1614 1127 1438 1461 1118 1375  914 1451 1717  999 1441 1136  866 1109 1349 1201 1361 1351 1193  825 1347 
1566 1108 1195 1059 1084 1102 1152 1247 1127  925 1326 1395 1684 1425 1407 1152 1444 1417  888 1431 1459 1411    0 1537 1285 1518 1310 1173 1330 1490 1317 1119 1021 1525 1109 1369  856 1172 1374 1603  876 1219 1443 1114 1267  916 1168 1336  881 1464 1264  993  858 1267 1244 1518 1388 1422  958 1417 
1951 1417 1386 1129 1279 1082 1669 1577 1170 1327 1379 1554 1686 1438 1753 1419 1796 1893 1132 1690 1633 1583 1537    0 1813 1877 1632 1316 1765 1815 1437 1152 1317 1665 1302 1857 1265 1372 1739 1875 1167 1533 1789 1155 1622 1458 1581 1681 1090 1558 1507 1015 1236 1689 1571 1916 1473 1647 1266 1792 
1886 1294 1706 1330 1225 1345 1698 1381 1167 1201 1520 1691 1731 1537 1793 1570 1897 1734 1248 1529 1904 1401 1285 1813    0 1903 1508 1171 1425 1677 1687 1384 1382 1815 1114 1654 1283 1507 1839 1816 1406 1432 1689 1057 1652 1143 1725 1686 1321 1748 1308 1204 1105 1498 1432 1645 1443 1430 1241 1652 
1816 1253 1637 1222 1265 1238 1450 1399 1166 1283 1499 1890 1528 1482 1943 1556 1884 1642 1216 1567 2006 1440 1518 1877 1903    0 1421 1206 1395 1808 1571 1109 1202 1770 1414 1733 1305 1516 1608 1665 1285 1560 1646 1106 1380 1419 1370 1701 1366 1747 1539 1231 1185 1363 1360 1781 1472 1469 1354 1753 
1624 1091 1189 1007 1000  840 1247 1166  894  876 1453 1326 1505 1285 1374 1221 1475 1369  876 1438 1697 1182 1310 1632 1508 1421    0  995 1196 1624 1329  946  883 1524  788 1693  912 1289 1700 1557  957 1259 1369  913 1126 1123 1161 1611 1080 1523 1078 1154  899 1396 1415 1511 1364 1338  891 1589 
1225  767  870  603  588  790 1052  903  764  645  931 1269 1374 1073 1281 1100 1335 1233  600 1076 1134  931 1173 1316 1171 1206  995    0 1128 1264 1080  823  658 1244  764 1295  623 1059 1184 1306  660 1073 1097  804  871  822  987 1197  596 1114 1096  859  788  929  953 1303 1096  815  808 1421 
1651 1000 1087 1013 1078  940 1082 1212 1024 1080 1383 1458 1628 1293 1467 1313 1443 1705 1119 1470 1407 1395 1330 1765 1425 1395 1196 1128    0 1541 1269  964 1014 1630  952 1491  931 1378 1669 1615 1003 1394 1427  957 1259 1008 1102 1533  937 1598 1410 1065 1150 1172 1415 1292 1205 1276  916 1359 
1524 1234 1496 1112 1148 1176 1514 1476 1149 1162 1327 1792 1648 1562 1642 1423 1852 1885 1164 1775 1813 1489 1490 1815 1677 1808 1624 1264 1541    0 1525 1264 1212 1605 1247 1891 1052 1445 1926 1742 1101 1510 1888 1109 1676 1229 1440 1835 1097 1749 1464 1274 1178 1419 1506 1971 1508 1659 1398 1667 
1597  936 1183  904 1066  994 1442 1324 1097  904 1254 1530 1594 1105 1549 1326 1604 1647 1139 1619 1337 1208 1317 1437 1687 1571 1329 1080 1269 1525    0 1100 1152 1678 1021 1614  921 1295 1319 1512 1045 1387 1407  939 1382 1047 1218 1343 1091 1680 1206  939  988 1216 1241 1584 1333 1397  921 1541 
1158  867 1086  792  636  586 1148  932  754  811 1045 1198 1257 1159 1318 1091 1375 1361  807 1296 1204 1011 1119 1152 1384 1109  946  823  964 1264 1100    0  816 1148  855 1030  800 1141 1248 1138  760  895 1190  618  901  845  861 1214  578 1139  901  640  846  984  878 1094 1115 1007  728 1235 
1180  657  992  764  640  681 1115  895  772  797  997 1206 1274 1063 1250 1004 1388 1237  580 1326 1342 1074 1021 1317 1382 1202  883  658 1014 1212 1152  816    0 1337  688 1291  670  896 1113 1242  813 1018 1281  619  999  728  936 1319  830 1052  975  600  588  982  919 1263  958 1105  649 1245 
1841 1151 1381 1249 1126 1219 1553 1535 1138 1368 1430 1808 1702 1531 1756 1626 1709 1609 1245 1843 1699 1412 1525 1665 1815 1770 1524 1244 1630 1605 1678 1148 1337    0 1234 1764 1317 1470 1798 1528 1359 1605 1583 1268 1416 1228 1551 1968 1151 1885 1519 1018 1350 1596 1370 1855 1431 1328 1199 1810 
1339  609  965  802  613  756  967  970  752  602  997 1159 1207  904 1253 1104 1227 1200  691 1153 1304 1100 1109 1302 1114 1414  788  764  952 1247 1021  855  688 1234    0 1232  732 1097 1400 1237  738 1064 1219  765  915  559  936 1320  641 1265 1106  761  756 1074 1167 1295  902  963  727 1085 
1622 1025 1649 1371 1354 1283 1536 1536 1254 1286 1608 1886 1789 1531 1645 1544 1842 1622 1447 1552 1818 1606 1369 1857 1654 1733 1693 1295 1491 1891 1614 1030 1291 1764 1232    0 1301 1329 1902 1657 1180 1521 1705 1427 1540 1490 1747 1664 1109 1647 1440 1303 1125 1414 1556 1848 1499 1607 1270 1560 
1187  872 1021  817  706  576 1061  970  813  838  912 1252 1249  965 1443  968 1431 1101  748 1193 1267 1157  856 1265 1283 1305  912  623  931 1052  921  800  670 1317  732 1301    0  844 1369 1092  810 1148 1460  649  910  671 1020 1201  770 1022 1095  691  698  842  971 1377  848 1115  595 1190 
1578 1025 1205  836  983  936 1128 1252 1108 1014 1388 1410 1453 1113 1608 1381 1430 1749  881 1487 1454 1308 1172 1372 1507 1516 1289 1059 1378 1445 1295 1141  896 1470 1097 1329  844    0 1528 1427  954 1164 1445 1098 1340  945 1229 1386  954 1474 1357 1112  808 1288 1324 1686 1222 1114  928 1346 
1677 1218 1630 1211 1337 1070 1324 1561 1212 1360 1552 1666 1919 1512 1916 1490 1621 1701 1181 1776 1817 1515 1374 1739 1839 1608 1700 1184 1669 1926 1319 1248 1113 1798 1400 1902 1369 1528    0 1834 1154 1660 1618 1282 1573 1244 1518 1707 1232 1614 1622 1256 1187 1407 1626 1784 1582 1533 1270 1515 
1675 1045 1405 1347 1242 1437 1716 1730 1322 1220 1537 1733 1893 1426 1558 1353 1839 1811 1225 1955 1677 1614 1603 1875 1816 1665 1557 1306 1615 1742 1512 1138 1242 1528 1237 1657 1092 1427 1834    0 1264 1634 1673 1151 1389 1259 1524 1964 1328 1779 1349 1308 1310 1424 1636 1578 1704 1567 1345 1720 
1163  691  954  724  711  633 1030 1006  655  636  989 1235 1389  934 1326  892 1178 1412  796 1272 1396 1127  876 1167 1406 1285  957  660 1003 1101 1045  760  813 1359  738 1180  810  954 1154 1264    0  965 1229  636  912  796  910 1197  662 1357 1015  778  645 1079  907 1126  870 1090  634 1313 
1584  931 1345 1062  967 1062 1342 1156 1091 1091 1257 1515 1321 1205 1440 1292 1510 1539  886 1399 1612 1438 1219 1533 1432 1560 1259 1073 1394 1510 1387  895 1018 1605 1064 1521 1148 1164 1660 1634  965    0 1442 1098 1258  839 1216 1543 1067 1638 1234 1059  903 1236 1254 1427 1365 1293 1026 1544 
1629 1027 1355 1380 1214 1111 1524 1480 1199 1266 1549 1763 1769 1436 1845 1620 1732 1564 1042 1668 1574 1461 1443 1789 1689 1646 1369 1097 1427 1888 1407 1190 1281 1583 1219 1705 1460 1445 1618 1673 1229 1442    0 1096 1357 1199 1671 1906 1180 1645 1470 1344 1337 1431 1659 1996 1436 1575 1253 1665 
1242  836 1032  835  805  659  870 1054  864  607 1051 1347 1243 1171 1441 1061 1473 1298  639 1384 1258 1118 1114 1155 1057 1106  913  804  957 1109  939  618  619 1268  765 1427  649 1098 1282 1151  636 1098 1096    0 1176  686 1010 1278  635 1152 1092  750  595 1087  972 1194  972  934  644 1134 
1552  995 1306 1003  973 1139 1408 1209 1090 1099 1294 1542 1452 1404 1620 1092 1629 1690  899 1479 1509 1375 1267 1622 1652 1380 1126  871 1259 1676 1382  901  999 1416  915 1540  910 1340 1573 1389  912 1258 1357 1176    0  986 1329 1439  868 1400 1262  901 1125 1378 1293 1502 1315 1156  944 1403 
1398  883 1062  745  855  657 1122  955  777  818 1061 1339 1278 1044 1372  992 1144 1271  749 1460 1037  914  916 1458 1143 1419 1123  822 1008 1229 1047  845  728 1228  559 1490  671  945 1244 1259  796  839 1199  686  986    0  868 1200  823 1279 1112  751  613  851 1135 1293 1026  984  811 1391 
1584  992 1350  962  986 1156 1298 1165  872  852 1125 1517 1574 1339 1422 1184 1371 1514 1035 1389 1555 1451 1168 1581 1725 1370 1161  987 1102 1440 1218  861  936 1551  936 1747 1020 1229 1518 1524  910 1216 1671 1010 1329  868    0 1593 1011 1515 1313  942 1082 1142 1336 1482 1221 1226  939 1631 
1946 1394 1486 1131 1022 1161 1631 1431 1269 1250 1497 1836 1807 1337 1631 1657 1730 1775 1300 1625 1749 1717 1336 1681 1686 1701 1611 1197 1533 1835 1343 1214 1319 1968 1320 1664 1201 1386 1707 1964 1197 1543 1906 1278 1439 1200 1593    0 1359 1899 1679 1149 1143 1480 1609 2065 1502 1403 1120 1555 
1146  614  926  637  850  612 1093  944  788  607  933 1081 1114 1113 1194 1083 1148 1171  842 1105 1340  999  881 1090 1321 1366 1080  596  937 1097 1091  578  830 1151  641 1109  770  954 1232 1328  662 1067 1180  635  868  823 1011 1359    0 1103  838  747  682 1057 1000 1246 1169  936  703 1216 
1812 1267 1666 1371 1185 1364 1397 1573 1184 1239 1693 1714 1787 1298 1704 1568 1904 1576 1180 1659 1560 1441 1464 1558 1748 1747 1523 1114 1598 1749 1680 1139 1052 1885 1265 1647 1022 1474 1614 1779 1357 1638 1645 1152 1400 1279 1515 1899 1103    0 1500 1189 1290 1721 1444 1745 1671 1557 1080 1821 
1360 1088 1402 1141 1026 1100 1161 1261  877  976 1194 1573 1459 1374 1310 1309 1472 1467 1035 1550 1450 1136 1264 1507 1308 1539 1078 1096 1410 1464 1206  901  975 1519 1106 1440 1095 1357 1622 1349 1015 1234 1470 1092 1262 1112 1313 1679  838 1500    0  980 1016 1259 1347 1698 1255 1362  967 1285 
1129  582  960  781  811  726  923 1048  841  713  911 1201 1124  977 1202 1105 1457 1321  555 1175 1261  866  993 1015 1204 1231 1154  859 1065 1274  939  640  600 1018  761 1303  691 1112 1256 1308  778 1059 1344  750  901  751  942 1149  747 1189  980    0  787 1001  897 1120 1130 1020  817 1313 
1208  776  940  588  739  716 1032  895  638  611  987 1335 1279 1012 1225 1026 1419 1373  699 1415 1180 1109  858 1236 1105 1185  899  788 1150 1178  988  846  588 1350  756 1125  698  808 1187 1310  645  903 1337  595 1125  613 1082 1143  682 1290 1016  787    0  999 1008 1175 1117  862  601 1178 
1510 1081 1391 1044 1093 1024 1271 1342  839  947 1172 1514 1524 1262 1569 1216 1463 1480 1011 1482 1689 1349 1267 1689 1498 1363 1396  929 1172 1419 1216  984  982 1596 1074 1414  842 1288 1407 1424 1079 1236 1431 1087 1378  851 1142 1480 1057 1721 1259 1001  999    0 1293 1484 1349 1381  963 1371 
1649 1076 1294  989 1090  992 1378 1285 1039  901 1433 1657 1457 1364 1412 1458 1365 1589  856 1509 1510 1201 1244 1571 1432 1360 1415  953 1415 1506 1241  878  919 1370 1167 1556  971 1324 1626 1636  907 1254 1659  972 1293 1135 1336 1609 1000 1444 1347  897 1008 1293    0 1654 1416 1232 1091 1481 
1863 1160 1541 1328 1252 1287 1619 1478 1070 1209 1700 1705 1803 1496 1598 1367 1630 1501 1422 1980 1908 1361 1518 1916 1645 1781 1511 1303 1292 1971 1584 1094 1263 1855 1295 1848 1377 1686 1784 1578 1126 1427 1996 1194 1502 1293 1482 2065 1246 1745 1698 1120 1175 1484 1654    0 1666 1473 1418 2001 
1430 1122 1260 1122 1059  911 1363 1414  955  818 1250 1503 1569 1251 1376 1121 1584 1536 1088 1623 1406 1351 1388 1473 1443 1472 1364 1096 1205 1508 1333 1115  958 1431  902 1499  848 1222 1582 1704  870 1365 1436  972 1315 1026 1221 1502 1169 1671 1255 1130 1117 1349 1416 1666    0 1204 1093 1401 
1495 1054 1199  817 1072 1054 1272 1253 1056  879 1338 1576 1581 1277 1579 1228 1435 1295  885 1389 1445 1193 1422 1647 1430 1469 1338  815 1276 1659 1397 1007 1105 1328  963 1607 1115 1114 1533 1567 1090 1293 1575  934 1156  984 1226 1403  936 1557 1362 1020  862 1381 1232 1473 1204    0 1129 1500 
1264  888 1071  694  605  778  952  907  622  825  852 1325 1233 1153 1077  839 1290 1435  638 1413 1293  825  958 1266 1241 1354  891  808  916 1398  921  728  649 1199  727 1270  595  928 1270 1345  634 1026 1253  644  944  811  939 1120  703 1080  967  817  601  963 1091 1418 1093 1129    0 1074 
1859 1266 1583 1176 1453 1189 1455 1411 1287 1256 1478 1888 1776 1651 1712 1472 1824 1712 1198 1921 1731 1347 1417 1792 1652 1753 1589 1421 1359 1667 1541 1235 1245 1810 1085 1560 1190 1346 1515 1720 1313 1544 1665 1134 1403 1391 1631 1555 1216 1821 1285 1313 1178 1371 1481 2001 1401 1500 1074    0 

   0 1188  903 1077  641 1178 1166  925 1003  773  749  904  775  663 1029 1121  648 1160 1066  626 1013  853  764 1069  894  928 1192  749  915 1062  840 1017 1008  999 1073  898  797  713  709 1105 1135  911  871  956  739  676 1101 1148  994  923  700 1072 1121  825  783  971  767 1179  880  720 
1188    0 1145 1152  751  942  776  766 1135  657  895  649 1026 1088  951  941  652 1156  901  859  726 1119 1195  624  924  740  621  622  969  893  917  604 1116  696  793  945 1119  709  696  928  980  714 1073  668 1094  715  935  935  747  724 1006  861  763  670  921  660 1184 1038 1053  838 
 903 1145    0  835 1190  607  932 1095 1100 1142 1128  749  623 1178  663 1128  832  642 1074  932  880  931  619  690  917  893  662  709 1034  718  740  640  661  728  910  909 1150 1124  748  634  790  899  974 1058 1096  760  815 1181  728 1118 1036  743  781  976  754  873  600  776  888 1131 
1077 1152  835    0  888 1038  750  879  659  739  917 1040  797  995  925 1013  694 1182  999 1162  847  605  937  766 1012  792  946  858  642 1095  841 1112  702  931  744  661 1136 1065 1115  771  888 1065  985  891 1181  799 1051 1185  833 1140  849  987  850  949  757  736  729 1020  977  612 
 641  751 1190  888    0  822  903  866  620  931  864  944 1090  989  829  605  696  813 1175  709  907  741 1018  914  965  888  610 1128  897  668 1016 1146 1029  734 1187 1033  959 1187  864  705  751  634 1032 1071 1047  681  896  622 1089  849  629  904 1089 1059 1183  791 1104  812  696  684 
1178  942  607 1038  822    0 1130  603  883 1033  979  921  712  748  920  825 1089 1036 1057  966  781  749  858 1182  848  653 1126 1021 1138  937  991  846 1070  870 1126 1133 1074 1124  846  780  868 1034  887  898  621  715  897 1051  705  618  770  943  747 1139  663  855 1143  984  636 1045 
1166  776  932  750  903 1130    0  638  851  636  727  673  889  917 1158  937  781 1190 1145  626  821  998  805  828  997  819  911  864 1133  953  737 1056 1065  811  915  916  903  648  618 1022  989 1090 1148  838 1151  937  748  743  751 1087 1151  630  786 1008 1070 1051 1073 1113 1048  899 
 925  766 1095  879  866  603  638    0  854  603 1125 1010  601 1178 1199  779 1074  699  903  979 1168  882 1174  826  908  758  657 1041  969  791  990 1000  689  897 1187  728  780 1131 1041  914  950  777 1008  887 1037  906  737  961 1184  641  926 1092  645 1130  895 1031 1125  862  989  665 
1003 1135 1100  659  620  883  851  854    0 1130  711  961  875 1035  986  630  959  601  693  891  710  958 1070 1121 1083 1043  783 1098  737  810  634  609  806 1153  672  825  609  855 1155  940  918  945  836  613 1155  758  965  654 1074  773  692  734  884  957 1102  610  828  825 1177  984 
 773  657 1142  739  931 1033  636  603 1130    0  805  905 1126 1024 1170  809  621  698  736  865  942  862 1100  798 1026 1091  844  765  863  949  811  665  970  816  762  602 1062 1030  672  917 1122  693 1193 1159 1099  820  893  832  754  670 1007  608 1041  794  605  827  951  673  710  679 
 749  895 1128  917  864  979  727 1125  711  805    0 1020  926  884  892  639 1179  833  634  879 1196  652  750  694  687  975  808  738 1003  891  685 1006  721  661  626 1065 1020  691 1191 1094 1037  824  895  862 1121  606  648  741 1139  605  794  769  792 1157  633 1015 1198  962  835  850 
 904  649  749 1040  944  921  673 1010  961  905 1020    0 1095  969  734 1176  939  674 1061  655  937  901  914  863 1018  617 1148 1038  876  846  637  697  694 1005 1051  996  681  601  686 1008 1101  694  905 1014  856  993 1127 1194  973 1068 1081  962 1071  899  871  735  736  655 1036  709 
 775 1026  623  797 1090  712  889  601  875 1126  926 1095    0  685 1072 1030  711 1182  834  633  884 1106  754 1046  615  925 1134  831  860  600  634 1171  884 1129 1194  602  707  753  983  749 1058 1077  810  642  836  736 1154 1127 1114 1043  887 1086 1007 1058  785  980  847  654  801  708 
 663 1088 1178  995  989  748  917 1178 1035 1024  884  969  685    0  904  963  825 1077  826  703  600  970 1093  781  969  620 1129  914  626 1193  916 1168 1029  903 1192  972  716 1153 1025  711  842 1025  807  775  839 1064 1085 1013  818  840 1127  871  622  727  863  989 1048  603  690  751 
1029  951  663  925  829  920 1158 1199  986 1170  892  734 1072  904    0  753  771  703 1183 1008  948  726  857 1009  636  908 1131 1134  877  613  914  807 1143 1029 1001  810  787 1187  833 1012  994  902  645 1188  831  866  909  890  664  920  878  920  722 1114  721  871  797  941  620 1100 
1121  941 1128 1013  605  825  937  779  630  809  639 1176 1030  963  753    0  850  854  888  827  985  697 1158 1093  999  850  838 1142 1000  917  716  847  621 1133  959  953 1186 1058  932  628  617  931 1011 1144  955 1116 1064  844 1012  811 1199  952  835  939 1091 1185  977 1029  930  918 
 648  652  832  694  696 1089  781 1074  959  621 1179  939  711  825  771  850    0  780 1189  715 1060 1110  811  842 1106  995  947 1056 1028 1096  736 1082  825  914  852  748 1132  905 1068  964  855 1138 1140  648  614  917  989  974 1122  853  821  680 1177  788  627  661 1160  781  675  973 
1160 1156  642 1182  813 1036 1190  699  601  698  833  674 1182 1077  703  854  780    0  675  836  617  711  935 1024  767  889 1045  972  615  958 1057  997  655  884 1170  722 1065  685  610  741  744  914 1185  907  811  941 1144 1145 1010  640  619  675 1131  725  626  890  849  905  643  843 
1066  901 1074  999 1175 1057 1145  903  693  736  634 1061  834  826 1183  888 1189  675    0  686 1145  784  973  697 1002 1070  963 1118 1063  917  737  999  839  902  646 1173 1116  708 1035  887  910 1083  607 1183 1147 1071  923 1164  769  648  763  870 1026 1050 1170  643 1101 1030  743  907 
 626  859  932 1162  709  966  626  979  891  865  879  655  633  703 1008  827  715  836  686    0  866  794 1079  996  691 1095 1032  790 1041  661  856 1044 1127 1180  670  754  933 1000 1131  837  745  698 1048  620  813  946  722  813  916  675 1009  943 1050  725  974 1088 1025  819 1070 1011 
1013  726  880  847  907  781  821 1168  710  942 1196  937  884  600  948  985 1060  617 1145  866    0  682 1148 1157  754  846 1025  633 1178  636 1167  835  817  737  782  859  749  853 1040 1050  609 1105 1187  690  693 1193 1132  718  734  858 1050  960  908  767  729  602  777  856  773  934 
 853 1119  931  605  741  749  998  882  958  862  652  901 1106  970  726  697 1110  711  784  794  682    0  939  973  768  735  879  941  717  600  735 1000  916 1062  974  734  830 1109  952 1007  875 1125 1197  650  995 1000  625 1193  900 1085 1009  985 1008 1144 1109  941 1023 1128 1082  643 
 764 1195  619  937 1018  858  805 1174 1070 1100  750  914  754 1093  857 1158  811  935  973 1079 1148  939    0  644  693  784  959  980  778 1018  991  678  682  637  916 1156 1090  758 1153  894  901 1088 1130  717 1041  719  751  886  874  797  901  681  710  908  859  848  770 1000 1116  711 
1069  624  690  766  914 1182  828  826 1121  798  694  863 1046  781 1009 1093  842 1024  697  996 1157  973  644    0  997 1108  927  664  847 1166 1164  990 1199  704  720 1024  736  660 1035  942  652  713 1115  832 1012  756 1008  856 1096 1042  806 1077  740 1037  820  980  940  977  748 1126 
 894  924  917 1012  965  848  997  908 1083 1026  687 1018  615  969  636  999 1106  767 1002  691  754  768  693  997    0  709  850  931 1130 1064  800  608  602  905  864  895 1070  845  910  952  758  656 1032  927  763 1043  674 1171 1140  610  994  702 1107  918  700  952  976  879  845 1021 
 928  740  893  792  888  653  819  758 1043 1091  975  617  925  620  908  850  995  889 1070 1095  846  735  784 1108  709    0  798 1072 1180  619  972  995 1000 1125 1155  686  625  867  691 1069  914  771  754 1079  825 1102  965  719 1151  643  680  815  949  786  993  864  686  830 1186  610 
1192  621  662  946  610 1126  911  657  783  844  808 1148 1134 1129 1131  838  947 1045  963 1032 1025  879  959  927  850  798    0  746  766  905  894  812  758  871  644  660 1156 1012  864 1044  791  851  964  710  643 1141  846 1027  632  660 1030  908  680 1183  790  924  807  782  752 1116 
 749  622  709  858 1128 1021  864 1041 1098  765  738 1038  831  914 1134 1142 1056  972 1118  790  633  941  980  664  931 1072  746    0  780 1036  876  799 1053 1027  734  980  891  987  789 1047  691  959 1001 1058  964  862 1104  900 1107 1077  961  957  754  988 1138  829 1194  986 1000  614 
 915  969 1034  642  897 1138 1133  969  737  863 1003  876  860  626  877 1000 1028  615 1063 1041 1178  717  778  847 1130 1180  766  780    0  947 1176  918  727  972 1164  912  922  613 1176 1062  675  678  654  749 1079 1150  872  789  625 1074 1008  808  903 1055  883  920  662 1196 1012 1003 
1062  893  718 1095  668  937  953  791  810  949  891  846  600 1193  613  917 1096  958  917  661  636  600 1018 1166 1064  619  905 1036  947    0 1194  902  967  807  831 1134 1068 1021  735 1131 1025  716  749  728  646 1200  952  840 1142  727 1103  902  635  945 1151 1061  776 1022  920  699 
 840  917  740  841 1016  991  737  990  634  811  685  637  634  916  914  716  736 1057  737  856 1167  735  991 1164  800  972  894  876 1176 1194    0  636  662  890 1176  658  610  899  746 1034 1105  980  824  959  658  786  955  951 1116  799 1142 1109 1164 1012  784  993  772  615  775  693 
1017  604  640 1112 1146  846 1056 1000  609  665 1006  697 1171 1168  807  847 1082  997  999 1044  835 1000  678  990  608  995  812  799  918  902  636    0 1169  995  642  770  943 1079  788  960  777  850  956 1028  781 1041 1061 1180  610 1001  689  944  686 1108 1052  872  637  961 1020  954 
1008 1116  661  702 1029 1070 1065  689  806  970  721  694  884 1029 1143  621  825  655  839 1127  817  916  682 1199  602 1000  758 1053  727  967  662 1169    0 1065  638 1096  751 1107 1068 1157  741  609  705  801 1129  912  808  933  636  783 1188  754  802  993  933  604  822  851  849 1033 
 999  696  728  931  734  870  811  897 1153  816  661 1005 1129  903 1029 1133  914  884  902 1180  737 1062  637  704  905 1125  871 1027  972  807  890  995 1065    0  645 1023  825 1133 1104  999  757 1070 1128  964 1183 1022  698  739 1168  740  797  639  741 1152 1153 1155  827  913  782  729 
1073  793  910  744 1187 1126  915 1187  672  762  626 1051 1194 1192 1001  959  852 1170  646  670  782  974  916  720  864 1155  644  734 1164  831 1176  642  638  645    0 1109  876  739 1001  793 1188 1023  894  978 1068  784  862 1111  952  604 1199  628  614  778  783 1147 1050  602 1141 1057 
 898  945  909  661 1033 1133  916  728  825  602 1065  996  602  972  810  953  748  722 1173  754  859  734 1156 1024  895  686  660  980  912 1134  658  770 1096 1023 1109    0 1028  830  602  853  985  703  901  776 1195 1047  987 1134  737 1172 1037  689  905 1045  806  945  924  714 1116  645 
 797 1119 1150 1136  959 1074  903  780  609 1062 1020  681  707  716  787 1186 1132 1065 1116  933  749  830 1090  736 1070  625 1156  891  922 1068  610  943  751  825  876 1028    0  762  708  996  837 1188  958  954 1147  994 1168  748  983 1050  811  834  824  781 1164 1151 1178  941  951  743 
 713  709 1124 1065 1187 1124  648 1131  855 1030  691  601  753 1153 1187 1058  905  685  708 1000  853 1109  758  660  845  867 1012  987  613 1021  899 1079 1107 1133  739  830  762    0  641 1121  809  920 1048  883 1018  975 1172 1197  750  656  744  642 1168  749  840  997  884  725  932 1085 
 709  696  748 1115  864  846  618 1041 1155  672 1191  686  983 1025  833  932 1068  610 1035 1131 1040  952 1153 1035  910  691  864  789 1176  735  746  788 1068 1104 1001  602  708  641    0  815  809 1072  795 1020  885  829  664 1195  887 1043 1128  705  870  976  680  826  767 1072 1164 1126 
1105  928  634  771  705  780 1022  914  940  917 1094 1008  749  711 1012  628  964  741  887  837 1050 1007  894  942  952 1069 1044 1047 1062 1131 1034  960 1157  999  793  853  996 1121  815    0  992  771  917  910  664  752  801  719 1041  726 1101  855 1154  943  992  789  904  904 1100  740 
1135  980  790  888  751  868  989  950  918 1122 1037 1101 1058  842  994  617  855  744  910  745  609  875  901  652  758  914  791  691  675 1025 1105  777  741  757 1188  985  837  809  809  992    0 1133  769 1074 1009  807  627 1034 1054  841 1165  640  763  770 1160  831 1155 1172 1022  622 
 911  714  899 1065  634 1034 1090  777  945  693  824  694 1077 1025  902  931 1138  914 1083  698 1105 1125 1088  713  656  771  851  959  678  716  980  850  609 1070 1023  703 1188  920 1072  771 1133    0 1058  892  706 1036 1135 1039  906  975  607  976 1043  757 1177  642  681  614 1016  796 
 871 1073  974  985 1032  887 1148 1008  836 1193  895  905  810  807  645 1011 1140 1185  607 1048 1187 1197 1130 1115 1032  754  964 1001  654  749  824  956  705 1128  894  901  958 1048  795  917  769 1058    0  781 1126  906  989  652  942  950 1020  635  645 1162  983  798 1073 1045  614  920 
 956  668 1058  891 1071  898  838  887  613 1159  862 1014  642  775 1188 1144  648  907 1183  620  690  650  717  832  927 1079  710 1058  749  728  959 1028  801  964  978  776  954  883 1020  910 1074  892  781    0 1144 1032 1192  955 1029  774 1043  883  785  919  709 1164  716  866 1106  757 
 739 1094 1096 1181 1047  621 1151 1037 1155 1099 1121  856  836  839  831  955  614  811 1147  813  693  995 1041 1012  763  825  643  964 1079  646  658  781 1129 1183 1068 1195 1147 1018  885  664 1009  706 1126 1144    0  743  849  760 1006 1093  794  910  949  912  852  945 1134  785  618 1004 
 676  715  760  799  681  715  937  906  758  820  606  993  736 1064  866 1116  917  941 1071  946 1193 1000  719  756 1043 1102 1141  862 1150 1200  786 1041  912 1022  784 1047  994  975  829  752  807 1036  906 1032  743    0 1130 1005  615  842  695  716 1004  647  949 1113  850  870  671  680 
1101  935  815 1051  896  897  748  737  965  893  648 1127 1154 1085  909 1064  989 1144  923  722 1132  625  751 1008  674  965  846 1104  872  952  955 1061  808  698  862  987 1168 1172  664  801  627 1135  989 1192  849 1130    0  951  975  759  800  841  949  793 1112 1136  670  850  961 1152 
1148  935 1181 1185  622 1051  743  961  654  832  741 1194 1127 1013  890  844  974 1145 1164  813  718 1193  886  856 1171  719 1027  900  789  840  951 1180  933  739 1111 1134  748 1197 1195  719 1034 1039  652  955  760 1005  951    0 1113 1172  928  878  946  808 1094  644 1149  743 1167  890 
 994  747  728  833 1089  705  751 1184 1074  754 1139  973 1114  818  664 1012 1122 1010  769  916  734  900  874 1096 1140 1151  632 1107  625 1142 1116  610  636 1168  952  737  983  750  887 1041 1054  906  942 1029 1006  615  975 1113    0 1020  929 1046  713 1020 1128 1143  648  758  702  731 
 923  724 1118 1140  849  618 1087  641  773  670  605 1068 1043  840  920  811  853  640  648  675  858 1085  797 1042  610  643  660 1077 1074  727  799 1001  783  740  604 1172 1050  656 1043  726  841  975  950  774 1093  842  759 1172 1020    0  641  880  620 1180  661  731  886  963  676  904 
 700 1006 1036  849  629  770 1151  926  692 1007  794 1081  887 1127  878 1199  821  619  763 1009 1050 1009  901  806  994  680 1030  961 1008 1103 1142  689 1188  797 1199 1037  811  744 1128 1101 1165  607 1020 1043  794  695  800  928  929  641    0 1128  980  740 1065  913  976  741  829  727 
1072  861  743  987  904  943  630 1092  734  608  769  962 1086  871  920  952  680  675  870  943  960  985  681 1077  702  815  908  957  808  902 1109  944  754  639  628  689  834  642  705  855  640  976  635  883  910  716  841  878 1046  880 1128    0  673 1188  617 1083 1072  968  781 1009 
1121  763  781  850 1089  747  786  645  884 1041  792 1071 1007  622  722  835 1177 1131 1026 1050  908 1008  710  740 1107  949  680  754  903  635 1164  686  802  741  614  905  824 1168  870 1154  763 1043  645  785  949 1004  949  946  713  620  980  673    0  735  815 1011 1126 1092  960  833 
 825  670  976  949 1059 1139 1008 1130  957  794 1157  899 1058  727 1114  939  788  725 1050  725  767 1144  908 1037  918  786 1183  988 1055  945 1012 1108  993 1152  778 1045  781  749  976  943  770  757 1162  919  912  647  793  808 1020 1180  740 1188  735    0 1197  673  678 1151  742 1093 
 783  921  754  757 1183  663 1070  895 1102  605  633  871  785  863  721 1091  627  626 1170  974  729 1109  859  820  700  993  790 1138  883 1151  784 1052  933 1153  783  806 1164  840  680  992 1160 1177  983  709  852  949 1112 1094 1128  661 1065  617  815 1197    0  790  751 1028  840 1171 
 971  660  873  736  791  855 1051 1031  610  827 1015  735  980  989  871 1185  661  890  643 1088  602  941  848  980  952  864  924  829  920 1061  993  872  604 1155 1147  945 1151  997  826  789  831  642  798 1164  945 1113 1136  644 1143  731  913 1083 1011  673  790    0  645  652 1055  958 
 767 1184  600  729 1104 1143 1073 1125  828  951 1198  736  847 1048  797  977 1160  849 1101 1025  777 1023  770  940  976  686  807 1194  662  776  772  637  822  827 1050  924 1178  884  767  904 1155  681 1073  716 1134  850  670 1149  648  886  976 1072 1126  678  751  645    0  813  686  925 
1179 1038  776 1020  812  984 1113  862  825  673  962  655  654  603  941 1029  781  905 1030  819  856 1128 1000  977  879  830  782  986 1196 1022  615  961  851  913  602  714  941  725 1072  904 1172  614 1045  866  785  870  850  743  758  963  741  968 1092 1151 1028  652  813    0  755 1046 
 880 1053  888  977  696  636 1048  989 1177  710  835 1036  801  690  620  930  675  643  743 1070  773 1082 1116  748  845 1186  752 1000 1012  920  775 1020  849  782 1141 1116  951  932 1164 1100 1022 1016  614 1106  618  671  961 1167  702  676  829  781  960  742  840 1055  686  755    0 1068 
 720  838 1131  612  684 1045  899  665  984  679  850  709  708  751 1100  918  973  843  907 1011  934  643  711 1126 1021  610 1116  614 1003  699  693  954 1033  729 1057  645  743 1085 1126  740  622  796  920  757 1004  680 1152  890  731  904  727 1009  833 1093 1171  958  925 1046 1068    0 

0 623 946
1 231 890
2 422 1066
3 349 819
4 332 823
5 230 962
6 461 822
7 367 987
8 252 909
9 333 921
10 531 922
11 619 1051
12 612 1038
13 424 724
14 619 762
15 487 708
16 577 951
17 697 1088
18 285 711
19 608 994
20 644 808
21 450 740
22 369 863
23 600 826
24 607 754
25 673 924
26 536 1013
27 238 1062
28 544 1034
29 637 1052
30 357 1067
31 287 1068
32 327 1085
33 641 1028
34 293 877
35 551 900
36 217 821
37 507 935
38 674 1014
39 585 843
40 234 1061
41 357 1023
42 668 896
43 337 763
44 526 972
45 201 721
46 402 752
47 629 712
48 230 718
49 640 784
50 429 813
51 243 1027
52 344 759
53 532 790
54 449 901
55 676 864
56 414 853
57 398 1020
58 315 819
59 674 866

0 33 53015 56861 7364 
0 43 2850 6243 4968 
0 16 58586 60951 5058 
0 25 56058 59352 5448 
0 21 31138 33859 4893 
0 55 9975 12285 3726 
0 47 3509 6631 3892 
0 22 50402 53297 3132 
0 43 60613 63442 3726 
0 31 31216 35080 4632 
0 43 62886 65381 2484 
0 27 60666 63257 2450 
0 1 19526 23790 5152 
0 10 30506 33202 5028 
0 53 54978 57073 6040 
0 38 26348 28276 3354 
1 50 257 4130 4352 
1 2 5216 7597 2312 
1 55 29631 31135 2320 
1 45 1067 3290 3532 
1 33 28448 31134 2302 
1 11 54228 56058 2860 
1 4 38944 41234 1917 
1 12 5848 9049 3357 
1 35 53538 56439 4100 
1 38 24647 26143 3654 
2 30 16240 18763 3549 
2 54 26358 28175 3882 
2 22 30395 32437 3585 
2 37 39668 43602 3615 
2 16 62153 64099 3348 
2 23 47583 49059 4158 
2 25 27386 29591 4911 
2 58 51864 54821 4284 
2 4 5700 10424 3093 
2 45 63650 65968 2124 
2 47 30266 34021 5944 
2 24 197 2663 6824 
3 10 5143 7692 3381 
3 8 2674 4156 3524 
3 28 56066 57394 3039 
3 58 23405 26394 2082 
3 17 12895 15684 2504 
3 9 4052 6106 2037 
3 22 65624 68444 3177 
3 2 50511 53667 2838 
3 40 61124 64125 1448 
3 17 25289 29756 5008 
3 29 7759 10387 4448 
3 33 48749 52165 3747 
4 46 38800 41479 2958 
4 0 63465 64862 2136 
4 35 17332 21061 4062 
4 12 6139 9899 5024 
4 53 6460 9234 4372 
4 49 26557 28993 2370 
4 8 38620 40176 2724 
4 15 13852 15866 4352 
4 56 30202 34010 4236 
4 37 57087 60232 3932 
4 15 60831 62543 2176 
4 1 26060 27592 1278 
4 33 3904 6091 2252 
5 9 11227 14914 1670 
5 52 39725 41764 2864 
5 41 14482 17304 2124 
5 31 64052 67122 1172 
5 6 27061 29411 3279 
5 52 18751 21455 1432 
5 2 33413 34900 1806 
5 52 35562 38348 1432 
6 46 345 2581 2596 
6 17 56091 58661 6008 
6 51 50435 52885 1846 
6 10 28683 30827 4712 
6 11 7095 9167 3144 
6 13 36622 39437 4596 
6 14 14004 18091 3246 
6 54 56250 58550 5512 
6 0 26809 30283 3126 
6 33 57672 59512 3106 
6 52 14579 16339 3096 
6 54 16557 19649 4134 
7 2 23167 26736 4596 
7 20 14520 17837 5980 
7 40 5152 7327 3018 
7 12 52449 54444 2926 
7 52 60888 63119 1790 
7 6 58815 60856 4512 
7 33 1396 3665 6140 
7 32 25030 27613 1790 
7 50 60405 63266 2522 
7 30 56519 59261 2648 
7 3 54923 57683 3015 
7 33 12545 14913 3070 
7 37 49946 52603 2504 
7 59 14242 15764 2822 
7 1 61972 64469 2264 
7 31 62767 65906 2796 
8 12 51676 54983 3429 
8 16 22981 25071 3438 
8 26 55933 58469 3576 
8 2 8941 12230 2997 
8 3 56003 58289 1762 
8 22 57062 60871 2254 
8 47 54945 56723 5076 
8 30 55910 57323 3291 
8 9 11196 14066 2928 
8 49 26263 27886 4736 
8 0 62009 65459 2376 
8 9 24974 29098 2928 
9 37 50395 53577 4056 
9 48 12221 14679 2428 
9 54 38471 40697 1802 
9 32 2694 6176 3188 
9 51 16104 17526 2852 
9 6 8973 10772 3288 
9 21 64529 66675 1892 
9 44 61814 65429 4396 
9 16 53831 55973 4568 
9 40 4427 7916 2544 
9 11 38597 40922 2340 
9 8 25594 29266 2196 
9 2 50999 53499 1978 
9 14 60623 63255 5104 
9 13 7376 10468 2820 
9 51 23026 24892 2852 
10 13 23077 25393 5668 
10 11 17479 20447 6132 
10 41 54373 56770 2514 
10 38 53565 56804 6208 
10 26 41723 44720 2906 
10 12 46697 48595 6612 
10 32 30939 32727 3988 
10 54 11425 13615 5732 
10 12 28209 31709 6612 
10 32 4017 6482 1994 
10 37 25475 27382 4164 
10 59 17258 19502 4434 
10 53 62982 65747 3516 
10 59 40290 42278 2956 
