80 4 16 1051

   0  920  994 1271 1338 1662  897 1254  853 1423 1416 1134 1006 1564 1433 1624 1531 1402 1650 1591 1153  934 1225  910 1213 1416 1263 1377 1562 1666 1088  891 1180 1393 1333  972 1029 1086 1440 1557 1553 1529  989 1212 1697 1030  921 1209 1170 1363 1653 1599 1372 1215 1174 1226 1430 1256 1438 1373 1487 1178 1539 1341 1105  990  845 1516 1366 1413 1423 1293 1051  901  932 1065  912 1105 1544 1095 
 920    0  583  986  915 1445  596 1102  791  995 1100  935  632 1362 1010 1200 1353 1335 1353 1186  973  607 1098  750  909 1169 1213  943 1237 1060  824  862  894  869 1078  605  643  801 1273 1365 1259 1364  692 1080 1439  670  894 1086  970 1070 1228 1175 1147  810  983  968  929  876 1416 1131 1155  927 1158  883  618  717  753 1275 1225  974 1080  942  577  686  866  679  678  871 1322  652 
 994  583    0 1122 1065 1440  742  941  801  894  950  887  791 1154 1031 1457 1253 1414 1358 1324 1010  844  991  755  960 1228 1116 1130 1249 1287  578  790  938 1104 1302  790  781  603 1172 1095 1170 1129  799 1090 1174  641  631  877 1093  993 1399 1069  992 1095 1021  930  880 1026 1213 1019 1323 1029 1253  878  741  622  637 1227 1154  885 1122  944  604  653  735  630  745  981 1178  754 
1271  986 1122    0 1384 1557 1071 1325 1069 1267 1292 1374 1160 1475 1133 1489 1579 1653 1349 1487 1389  984 1149 1045 1456 1550 1702 1185 1485 1477 1018  957 1440 1290 1517  933 1051 1117 1376 1569 1271 1579 1144 1173 1540 1053 1089 1078 1250 1317 1515 1486 1359 1279 1254 1273 1244 1350 1634 1178 1498 1363 1471 1325  848 1037 1132 1547 1600 1326 1413 1204 1058 1012  989 1139 1154 1302 1374  939 
1338  915 1065 1384    0 1558 1006 1417  947 1458 1163 1172  848 1624 1072 1640 1497 1500 1557 1457 1226 1103 1229 1113 1186 1490 1531 1196 1581 1601  901 1137 1207 1217 1384  919 1015  905 1322 1617 1370 1462  805 1360 1587 1078  957 1217 1276 1186 1331 1480 1393 1428 1309 1299 1259 1267 1527 1283 1512 1462 1693 1085  884 1111 1037 1698 1633 1378 1644 1315 1111  847 1012 1100 1060 1291 1575 1066 
1662 1445 1440 1557 1558    0 1207 1347 1190 1573 1453 1641 1047 1749 1367 1625 1802 1559 1643 1834 1508 1208 1482 1025 1657 1817 1606 1558 1864 1726 1191 1255 1290 1583 1750 1263 1323 1233 1873 1762 1670 1720 1050 1692 1690 1457 1072 1534 1467 1504 1484 1583 1303 1427 1343 1613 1520 1468 1887 1452 1654 1696 1826 1510 1274 1205 1301 1663 1676 1481 1724 1428 1287 1057 1049 1154 1212 1461 1859 1228 
 897  596  742 1071 1006 1207    0  816  659  935 1037  832  685 1182  951 1207 1290 1099 1117 1465  922  792  893  655 1149 1254 1400 1004 1306 1013  812  704 1040 1022 1258  855  820  786 1332 1333 1303 1140  808  864 1198  771  769 1084 1049  997 1050 1313  889  909 1138 1111 1011 1077 1425  811 1388  965 1214  951  620  571  760 1147 1366 1022 1377 1061  597  618  801  778  850  990 1227  647 
1254 1102  941 1325 1417 1347  816    0 1081 1217 1299 1240  926 1452 1128 1556 1576 1411 1536 1635 1282 1140 1217  918 1148 1488 1619 1263 1391 1610  906 1151 1128 1384 1592  924 1018 1000 1464 1748 1368 1407  817 1384 1502  872 1075 1276 1236 1237 1475 1320 1214 1422 1235 1399 1088 1172 1674 1449 1659 1324 1344 1253  991  905  970 1576 1713 1278 1418 1381  933  897 1054  936 1098 1226 1433  836 
 853  791  801 1069  947 1190  659 1081    0  939 1084 1091  682 1090  951 1084 1240 1318 1359 1366 1066  577  856  791 1006 1267 1312 1059 1169 1215  800  722 1019 1104 1317  639  731  639 1140 1278 1151 1262  756  915 1353  582  560  984  924  928 1083 1154  827 1103 1121  961 1037 1110 1352  961 1457  949 1128  973  586  824  811 1328 1353  929 1380  877  754  603  793  695  627  908 1277  700 
1423  995  894 1267 1458 1573  935 1217  939    0 1304 1328  996 1473 1381 1496 1563 1608 1373 1315 1467  916 1136 1105 1293 1447 1537 1181 1696 1437  978 1037 1349 1350 1703 1089 1060  838 1543 1561 1431 1597  906 1175 1459 1041  915 1214 1225 1344 1472 1521 1302 1317 1334 1159 1199 1200 1464 1264 1510 1423 1680 1244  898 1008  903 1748 1490 1329 1545 1259  956  811 1190 1148  899 1261 1601  905 
1416 1100  950 1292 1163 1453 1037 1299 1084 1304    0 1318  928 1381 1122 1565 1649 1596 1398 1619 1364  983 1372  957 1090 1695 1428 1255 1662 1740  895 1081 1366 1336 1562 1059 1100 1070 1543 1798 1353 1580  932 1345 1404  824 1106 1206 1117 1269 1454 1742 1117 1399 1396 1262 1135 1197 1656 1088 1544 1192 1446 1166  891  908  924 1554 1534 1318 1564 1186 1098 1115  982  959  846 1193 1482  935 
1134  935  887 1374 1172 1641  832 1240 1091 1328 1318    0 1002 1576 1269 1545 1512 1556 1568 1405 1222  932 1244 1029 1237 1560 1448 1198 1461 1551  954 1101 1371 1183 1580  913 1139 1153 1527 1608 1566 1411  963 1372 1507  896 1154 1217 1222 1194 1400 1406 1197 1249 1188 1190 1254 1425 1378 1174 1446 1381 1516 1197  826 1107 1058 1378 1678 1220 1567 1348 1010  938  819 1037 1055 1137 1494 1019 
1006  632  791 1160  848 1047  685  926  682  996  928 1002    0 1236  956 1415 1047 1183 1314 1354  940  632  914  676 1122 1078 1208 1089 1070 1225  630  824 1159 1036 1268  609  683  828 1281 1318 1211 1331  621  904 1252  825  755  878  955  852 1120 1345  896 1113  974 1107 1032  920 1122  944 1298 1033 1299  827  723  627  641 1203 1191  926 1439  956  587  647  820  642  763 1014 1238  708 
1564 1362 1154 1475 1624 1749 1182 1452 1090 1473 1381 1576 1236    0 1495 1631 1752 1811 1697 1771 1597 1069 1537 1454 1690 1858 1812 1370 1633 1811 1117 1125 1698 1422 1884 1179 1330 1401 1748 1715 1872 1797 1179 1573 1839 1309 1443 1438 1532 1433 1905 1582 1723 1666 1435 1609 1592 1431 1908 1581 1673 1563 1700 1562 1245 1394 1259 1697 1580 1344 1731 1458 1329 1351 1094 1345 1267 1392 1610 1336 
1433 1010 1031 1133 1072 1367  951 1128  951 1381 1122 1269  956 1495    0 1648 1542 1719 1482 1512 1337 1043 1147  871 1107 1505 1589 1245 1356 1370  957  916 1289 1215 1457 1171 1064  961 1588 1396 1547 1542 1001 1087 1312 1102 1075 1248 1332 1377 1636 1341 1378 1335 1373 1186 1295 1403 1492 1294 1380 1096 1642 1168 1107  982  892 1513 1449 1251 1634 1234  993  951  891  876 1096 1275 1534 1064 
1624 1200 1457 1489 1640 1625 1207 1556 1084 1496 1565 1545 1415 1631 1648    0 1839 1658 1820 1652 1400 1105 1372 1089 1563 1866 1689 1533 1710 1785 1260 1262 1504 1494 1626 1217 1291 1142 1735 1696 1758 1809 1423 1524 1613 1329 1085 1458 1572 1327 1855 1811 1336 1443 1520 1564 1570 1587 1770 1425 1774 1585 1883 1585 1157 1189 1114 1816 1860 1516 1849 1439 1301 1170 1258 1104 1339 1657 1873 1276 
1531 1353 1253 1579 1497 1802 1290 1576 1240 1563 1649 1512 1047 1752 1542 1839    0 1716 1688 1762 1663 1381 1550 1428 1428 1890 1672 1412 1969 1746 1270 1263 1422 1685 1753 1199 1392 1238 1811 1834 1747 1598 1333 1447 1768 1262 1385 1654 1625 1440 1730 1836 1311 1561 1498 1491 1573 1570 1855 1647 1761 1468 1905 1501 1117 1295 1188 1707 1693 1429 1723 1558 1399 1365 1353 1177 1089 1578 1646 1245 
1402 1335 1414 1653 1500 1559 1099 1411 1318 1608 1596 1556 1183 1811 1719 1658 1716    0 1859 1706 1347 1138 1483 1225 1581 1487 1720 1619 1755 1825 1247 1205 1631 1377 1773 1053 1409 1315 1637 1998 1934 1686 1095 1486 1570 1276 1297 1381 1487 1417 1702 2022 1345 1779 1634 1622 1559 1438 1693 1440 1514 1672 1915 1577 1272 1184 1163 1746 1963 1604 1973 1475 1270 1205 1348 1197 1311 1683 1941 1299 
1650 1353 1358 1349 1557 1643 1117 1536 1359 1373 1398 1568 1314 1697 1482 1820 1688 1859    0 1697 1399 1241 1422 1347 1580 1715 1890 1499 1730 1665 1389 1036 1700 1585 1888 1245 1318 1346 1707 1894 1955 1745 1058 1375 1876 1241 1310 1460 1426 1304 1882 1849 1419 1626 1498 1531 1420 1493 1687 1614 1652 1456 1686 1582 1339 1212 1257 1849 1734 1739 1679 1389 1145 1234 1223 1146 1215 1414 1730 1267 
1591 1186 1324 1487 1457 1834 1465 1635 1366 1315 1619 1405 1354 1771 1512 1652 1762 1706 1697    0 1447 1125 1547 1157 1580 1717 1714 1612 1763 1708 1232 1398 1731 1705 1605 1331 1247 1181 1573 1630 1798 1785 1104 1642 1729 1047 1284 1543 1464 1296 1855 1812 1345 1552 1352 1581 1490 1626 1807 1281 1912 1566 1996 1601 1289 1142 1175 1784 1780 1484 1895 1356 1109 1116 1304 1088 1393 1509 1570 1131 
1153  973 1010 1389 1226 1508  922 1282 1066 1467 1364 1222  940 1597 1337 1400 1663 1347 1399 1447    0  922 1207  936 1233 1678 1439 1392 1344 1531 1085  997 1170 1343 1413  980 1145 1081 1532 1713 1483 1608  860 1159 1597  910  899 1300 1125 1393 1532 1337 1123 1331 1107 1444 1294 1418 1498 1168 1446 1262 1648 1224  936  993 1081 1362 1420 1358 1537 1337  993 1057  976  936 1003 1129 1634  983 
 934  607  844  984 1103 1208  792 1140  577  916  983  932  632 1069 1043 1105 1381 1138 1241 1125  922    0 1067  863 1010 1287 1212 1040 1264 1171  820  608  941  993 1196  810  722  845 1157 1256 1295 1184  815 1132 1250  557  677  982 1018 1061 1297 1329 1045 1120  954  954  938  892 1325  875 1445 1017 1423  932  657  776  746 1174 1151  950 1306 1025  773  652  759  863  631 1099 1028  635 
1225 1098  991 1149 1229 1482  893 1217  856 1136 1372 1244  914 1537 1147 1372 1550 1483 1422 1547 1207 1067    0  916 1445 1461 1413 1408 1434 1701 1092  998 1136 1190 1417  942 1125  871 1535 1397 1693 1534 1015 1426 1559 1032 1137 1183 1352 1139 1581 1468 1333 1305 1331 1104 1225 1208 1592 1305 1385 1385 1449 1201  956 1086 1094 1485 1536 1210 1483 1333  912  857 1031  971  934 1384 1470  868 
 910  750  755 1045 1113 1025  655  918  791 1105  957 1029  676 1454  871 1089 1428 1225 1347 1157  936  863  916    0 1108 1298 1379 1077 1161 1093  674  577 1087 1014 1295  741  769  751 1270 1184 1460 1097  715 1012 1149  680  610 1068 1008 1086 1140 1413  911  943  939  956 1030 1035 1220  851 1344 1023 1434 1010  562  879  682 1117 1422 1055 1201 1110  757  574  809  623  604 1105 1362  660 
1213  909  960 1456 1186 1657 1149 1148 1006 1293 1090 1237 1122 1690 1107 1563 1428 1581 1580 1580 1233 1010 1445 1108    0 1688 1313 1245 1611 1693 1018  865 1315 1410 1596  905 1083 1029 1530 1436 1413 1380 1091 1364 1386 1128  980 1374 1383 1189 1484 1604 1293 1148 1238 1390 1304 1201 1297 1274 1690 1272 1698 1090  990 1126 1016 1677 1682 1345 1463 1409  855 1064  936  885 1037 1213 1325  915 
1416 1169 1228 1550 1490 1817 1254 1488 1267 1447 1695 1560 1078 1858 1505 1866 1890 1487 1715 1717 1678 1287 1461 1298 1688    0 1776 1564 1785 1887 1231 1155 1450 1442 1581 1243 1330 1456 1678 1546 1610 1702 1088 1643 1923 1119 1142 1488 1531 1381 1700 1699 1308 1505 1585 1507 1368 1461 1850 1629 1702 1365 1622 1554 1276 1273 1111 1877 1975 1488 1825 1764 1336 1129 1310 1158 1074 1638 1832 1303 
1263 1213 1116 1702 1531 1606 1400 1619 1312 1537 1428 1448 1208 1812 1589 1689 1672 1720 1890 1714 1439 1212 1413 1379 1313 1776    0 1338 1970 1768 1253 1362 1471 1604 1746 1159 1105 1349 1821 1885 1627 1977 1378 1706 1756 1253 1263 1405 1378 1628 1850 1872 1541 1547 1737 1497 1535 1537 1826 1404 1542 1661 1922 1616 1186 1189 1445 1591 1793 1533 1924 1450 1357 1125 1080 1240 1234 1411 1829 1206 
1377  943 1130 1185 1196 1558 1004 1263 1059 1181 1255 1198 1089 1370 1245 1533 1412 1619 1499 1612 1392 1040 1408 1077 1245 1564 1338    0 1591 1621 1005  897 1305 1284 1430 1128 1028 1098 1669 1281 1484 1454  908 1187 1617 1059 1137 1421 1397 1306 1527 1512 1120 1433 1388 1239 1102 1313 1553 1278 1535 1443 1476 1380 1098 1089  928 1560 1618 1109 1570 1357 1000  971  890 1060 1151 1264 1438  895 
1562 1237 1249 1485 1581 1864 1306 1391 1169 1696 1662 1461 1070 1633 1356 1710 1969 1755 1730 1763 1344 1264 1434 1161 1611 1785 1970 1591    0 1765 1063 1173 1492 1694 1929 1239 1015 1265 1636 1838 1750 1618 1310 1543 1895 1102 1343 1339 1431 1354 1671 1892 1372 1554 1602 1306 1492 1443 1564 1448 1828 1543 1611 1533 1147 1135 1396 1811 1773 1567 1598 1530 1250 1168 1426 1186 1231 1415 1681 1330 
1666 1060 1287 1477 1601 1726 1013 1610 1215 1437 1740 1551 1225 1811 1370 1785 1746 1825 1665 1708 1531 1171 1701 1093 1693 1887 1768 1621 1765    0 1264 1316 1433 1555 1618 1279 1399 1073 1726 1749 1754 1760 1433 1429 1655 1140 1317 1535 1505 1513 1870 1638 1566 1666 1481 1663 1645 1411 1568 1403 1889 1435 2046 1536 1240 1207 1083 1604 1943 1462 1862 1483 1127 1233 1223 1225 1301 1429 1762 1258 
1088  824  578 1018  901 1191  812  906  800  978  895  954  630 1117  957 1260 1270 1247 1389 1232 1085  820 1092  674 1018 1231 1253 1005 1063 1264    0  726 1059 1059 1105  847  834  617 1174 1242 1208 1211  778  900 1406  764  584  893 1180 1078 1391 1327  922  975  971  950 1077 1074 1058  884 1144 1071 1472 1055  803  595  812 1239 1266  979 1351  968  786  753  782  718  568  878 1313  760 
 891  862  790  957 1137 1255  704 1151  722 1037 1081 1101  824 1125  916 1262 1263 1205 1036 1398  997  608  998  577  865 1155 1362  897 1173 1316  726    0  985 1040 1355  639  771  668 1221 1096 1200 1387  796  905 1275  685  661 1172 1144  892 1319 1305 1003 1099 1143 1033  874 1077 1195 1029 1308 1139 1280  987  755  608  741 1245 1420 1079 1125  967  679  765  770  828  635  894 1257  784 
1180  894  938 1440 1207 1290 1040 1128 1019 1349 1366 1371 1159 1698 1289 1504 1422 1631 1700 1731 1170  941 1136 1087 1315 1450 1471 1305 1492 1433 1059  985    0 1158 1483  925  801 1014 1320 1468 1518 1607 1187 1207 1685  997  969 1451 1158 1253 1274 1473 1312 1313 1311 1298 1208 1476 1599 1255 1561 1205 1593 1148  909  995 1012 1475 1636 1197 1330 1345  982  870  970  918 1056 1376 1508  921 
1393  869 1104 1290 1217 1583 1022 1384 1104 1350 1336 1183 1036 1422 1215 1494 1685 1377 1585 1705 1343  993 1190 1014 1410 1442 1604 1284 1694 1555 1059 1040 1158    0 1495  849 1016  957 1495 1477 1525 1374 1178 1210 1298  967 1160 1156 1339 1320 1475 1399 1210 1118 1241 1156 1250 1218 1497 1156 1500 1200 1560 1322 1075  960 1159 1516 1606 1249 1460 1335  988 1135  917 1031 1129 1190 1569  932 
1333 1078 1302 1517 1384 1750 1258 1592 1317 1703 1562 1580 1268 1884 1457 1626 1753 1773 1888 1605 1413 1196 1417 1295 1596 1581 1746 1430 1929 1618 1105 1355 1483 1495    0 1318 1229 1251 1558 1796 1843 1968 1218 1619 1818 1243 1363 1523 1321 1533 1564 1702 1569 1458 1474 1583 1398 1573 1864 1469 1492 1362 1681 1439 1354 1301 1245 1651 1708 1370 1579 1522 1355 1249 1204 1370 1367 1597 1836 1226 
 972  605  790  933  919 1263  855  924  639 1089 1059  913  609 1179 1171 1217 1199 1053 1245 1331  980  810  942  741  905 1243 1159 1128 1239 1279  847  639  925  849 1318    0  715  581 1309 1279 1371 1299  815  995 1436  584  593 1105 1034  896 1292 1083  857  996 1141 1062  966 1184 1211  905 1209 1002 1107  987  761  858  693 1305 1101 1111 1355 1133  877  620  698  832  820  938 1238  859 
1029  643  781 1051 1015 1323  820 1018  731 1060 1100 1139  683 1330 1064 1291 1392 1409 1318 1247 1145  722 1125  769 1083 1330 1105 1028 1015 1399  834  771  801 1016 1229  715    0  712 1241 1178 1422 1153  658  971 1095  646  787 1006  920  886 1094 1197 1036  854 1071 1049  809  881 1220 1096 1131 1042 1088 1104  782  861  856 1440 1356  944 1383 1101  865  843  830  611  704  966 1459  783 
1086  801  603 1117  905 1233  786 1000  639  838 1070 1153  828 1401  961 1142 1238 1315 1346 1181 1081  845  871  751 1029 1456 1349 1098 1265 1073  617  668 1014  957 1251  581  712    0 1244 1377 1054 1339  651  947 1281  795  677 1105 1085 1065 1419 1250  928  871 1114  944  858  990 1264 1021 1301  981 1269  986  826  780  718 1197 1270 1048 1198 1063  680  692  579  829  855  906 1162  622 
1440 1273 1172 1376 1322 1873 1332 1464 1140 1543 1543 1527 1281 1748 1588 1735 1811 1637 1707 1573 1532 1157 1535 1270 1530 1678 1821 1669 1636 1726 1174 1221 1320 1495 1558 1309 1241 1244    0 1780 1791 1725 1208 1569 1814 1258 1369 1646 1616 1612 1830 1807 1498 1460 1696 1675 1346 1397 1679 1629 1666 1775 1542 1601 1039 1302 1215 1783 1649 1498 1828 1672 1087 1262 1212 1275 1365 1406 1749 1143 
1557 1365 1095 1569 1617 1762 1333 1748 1278 1561 1798 1608 1318 1715 1396 1696 1834 1998 1894 1630 1713 1256 1397 1184 1436 1546 1885 1281 1838 1749 1242 1096 1468 1477 1796 1279 1178 1377 1780    0 1817 1722 1022 1398 1899 1201 1299 1467 1363 1510 1710 1836 1505 1542 1438 1461 1562 1520 1624 1448 1931 1497 1794 1571 1173 1353 1294 1795 1702 1554 1740 1305 1168 1156 1299 1471 1121 1413 1673 1172 
1553 1259 1170 1271 1370 1670 1303 1368 1151 1431 1353 1566 1211 1872 1547 1758 1747 1934 1955 1798 1483 1295 1693 1460 1413 1610 1627 1484 1750 1754 1208 1200 1518 1525 1843 1371 1422 1054 1791 1817    0 1866 1354 1729 1900 1138 1352 1376 1533 1632 1572 2012 1441 1487 1400 1551 1324 1371 1592 1392 1775 1495 1631 1507 1108 1289 1039 1769 1769 1634 1854 1304 1337 1333 1192 1256 1303 1328 1678 1365 
1529 1364 1129 1579 1462 1720 1140 1407 1262 1597 1580 1411 1331 1797 1542 1809 1598 1686 1745 1785 1608 1184 1534 1097 1380 1702 1977 1454 1618 1760 1211 1387 1607 1374 1968 1299 1153 1339 1725 1722 1866    0 1252 1413 1763 1260 1115 1605 1592 1456 1749 1828 1584 1552 1585 1568 1542 1513 1630 1698 1866 1345 1748 1644 1361 1117 1150 1582 1898 1420 1811 1607 1271 1199 1369 1049 1307 1414 1591 1337 
 989  692  799 1144  805 1050  808  817  756  906  932  963  621 1179 1001 1423 1333 1095 1058 1104  860  815 1015  715 1091 1088 1378  908 1310 1433  778  796 1187 1178 1218  815  658  651 1208 1022 1354 1252    0 1102 1181  837  846 1011  970 1088 1417 1081 1016  830  909  884  905  892 1188 1098 1302 1029 1178 1077  745  670  619 1424 1410  883 1088  990  715  603  670  807  707  901 1206  563 
1212 1080 1090 1173 1360 1692  864 1384  915 1175 1345 1372  904 1573 1087 1524 1447 1486 1375 1642 1159 1132 1426 1012 1364 1643 1706 1187 1543 1429  900  905 1207 1210 1619  995  971  947 1569 1398 1729 1413 1102    0 1533 1106 1045 1231 1137 1201 1683 1445 1204 1342 1381 1166 1365 1265 1551 1362 1589 1243 1544 1279  964 1073  957 1540 1548 1343 1442 1252  930  924  864 1016  940 1210 1622  939 
1697 1439 1174 1540 1587 1690 1198 1502 1353 1459 1404 1507 1252 1839 1312 1613 1768 1570 1876 1729 1597 1250 1559 1149 1386 1923 1756 1617 1895 1655 1406 1275 1685 1298 1818 1436 1095 1281 1814 1899 1900 1763 1181 1533    0 1145 1423 1692 1378 1610 1902 1626 1352 1666 1533 1499 1429 1554 1857 1544 1614 1511 1557 1661 1283 1379 1266 1963 1919 1594 1554 1573 1115 1096 1233 1187 1281 1560 1558 1358 
1030  670  641 1053 1078 1457  771  872  582 1041  824  896  825 1309 1102 1329 1262 1276 1241 1047  910  557 1032  680 1128 1119 1253 1059 1102 1140  764  685  997  967 1243  584  646  795 1258 1201 1138 1260  837 1106 1145    0  652  923  856  864 1359 1271  974 1102  947  926 1061  951 1194  954 1339 1137 1205 1038  675  826  649 1177 1231 1069 1076  993  775  636  858  647  847 1053 1380  798 
 921  894  631 1089  957 1072  769 1075  560  915 1106 1154  755 1443 1075 1085 1385 1297 1310 1284  899  677 1137  610  980 1142 1263 1137 1343 1317  584  661  969 1160 1363  593  787  677 1369 1299 1352 1115  846 1045 1423  652    0  824  898 1136 1379 1051  813 1011 1080  832 1045 1074 1200  902 1038 1063 1155 1137  769  841  777 1285 1295  977 1214 1060  665  827  684  721  636 1094 1304  683 
1209 1086  877 1078 1217 1534 1084 1276  984 1214 1206 1217  878 1438 1248 1458 1654 1381 1460 1543 1300  982 1183 1068 1374 1488 1405 1421 1339 1535  893 1172 1451 1156 1523 1105 1006 1105 1646 1467 1376 1605 1011 1231 1692  923  824    0 1172 1359 1484 1591 1314 1344 1113 1164 1469 1318 1467 1139 1424 1182 1383 1290  947  912 1030 1394 1481 1243 1268 1261  943 1087 1155  912  920 1142 1681  878 
1170  970 1093 1250 1276 1467 1049 1236  924 1225 1117 1222  955 1532 1332 1572 1625 1487 1426 1464 1125 1018 1352 1008 1383 1531 1378 1397 1431 1505 1180 1144 1158 1339 1321 1034  920 1085 1616 1363 1533 1592  970 1137 1378  856  898 1172    0 1236 1648 1439 1218 1362 1333 1338 1420 1311 1456 1232 1319 1287 1520 1327 1048  916 1100 1546 1454 1407 1613 1209 1059  891 1036 1034 1116 1387 1417  824 
1363 1070  993 1317 1186 1504  997 1237  928 1344 1269 1194  852 1433 1377 1327 1440 1417 1304 1296 1393 1061 1139 1086 1189 1381 1628 1306 1354 1513 1078  892 1253 1320 1533  896  886 1065 1612 1510 1632 1456 1088 1201 1610  864 1136 1359 1236    0 1683 1553 1281 1291 1207 1220 1290 1279 1541 1393 1662 1351 1595 1252 1045 1020  875 1587 1401 1229 1454 1270  994  965  943 1006  930 1299 1579  917 
1653 1228 1399 1515 1331 1484 1050 1475 1083 1472 1454 1400 1120 1905 1636 1855 1730 1702 1882 1855 1532 1297 1581 1140 1484 1700 1850 1527 1671 1870 1391 1319 1274 1475 1564 1292 1094 1419 1830 1710 1572 1749 1417 1683 1902 1359 1379 1484 1648 1683    0 1818 1527 1429 1597 1673 1704 1626 1624 1560 1620 1584 1766 1677 1275 1182 1066 1925 1816 1506 1698 1497 1343 1355 1217 1135 1241 1697 1747 1286 
1599 1175 1069 1486 1480 1583 1313 1320 1154 1521 1742 1406 1345 1582 1341 1811 1836 2022 1849 1812 1337 1329 1468 1413 1604 1699 1872 1512 1892 1638 1327 1305 1473 1399 1702 1083 1197 1250 1807 1836 2012 1828 1081 1445 1626 1271 1051 1591 1439 1553 1818    0 1457 1411 1589 1515 1318 1552 1974 1500 1982 1583 1834 1337 1299 1113 1392 1960 1619 1621 1945 1603 1259 1434 1238 1273 1114 1438 1686 1272 
1372 1147  992 1359 1393 1303  889 1214  827 1302 1117 1197  896 1723 1378 1336 1311 1345 1419 1345 1123 1045 1333  911 1293 1308 1541 1120 1372 1566  922 1003 1312 1210 1569  857 1036  928 1498 1505 1441 1584 1016 1204 1352  974  813 1314 1218 1281 1527 1457    0 1241 1220 1224 1317 1369 1458 1116 1399 1341 1569 1241  994 1028  927 1681 1494 1315 1478 1286 1003 1010 1121  983 1025 1092 1462  974 
1215  810 1095 1279 1428 1427  909 1422 1103 1317 1399 1249 1113 1666 1335 1443 1561 1779 1626 1552 1331 1120 1305  943 1148 1505 1547 1433 1554 1666  975 1099 1313 1118 1458  996  854  871 1460 1542 1487 1552  830 1342 1666 1102 1011 1344 1362 1291 1429 1411 1241    0 1272 1239 1407 1303 1535 1349 1552 1269 1310 1366  911 1023  891 1737 1598 1425 1361 1462 1019  977 1095 1021  998 1339 1374 1058 
1174  983 1021 1254 1309 1343 1138 1235 1121 1334 1396 1188  974 1435 1373 1520 1498 1634 1498 1352 1107  954 1331  939 1238 1585 1737 1388 1602 1481  971 1143 1311 1241 1474 1141 1071 1114 1696 1438 1400 1585  909 1381 1533  947 1080 1113 1333 1207 1597 1589 1220 1272    0 1246 1298 1280 1588 1417 1543 1215 1501 1124  836 1041 1083 1463 1640 1225 1434 1239  904  863 1083  995 1086 1315 1717  892 
1226  968  930 1273 1299 1613 1111 1399  961 1159 1262 1190 1107 1609 1186 1564 1491 1622 1531 1581 1444  954 1104  956 1390 1507 1497 1239 1306 1663  950 1033 1298 1156 1583 1062 1049  944 1675 1461 1551 1568  884 1166 1499  926  832 1164 1338 1220 1673 1515 1224 1239 1246    0 1124 1153 1335 1339 1553 1129 1596 1276 1169 1010  935 1675 1455 1159 1508 1421  940  812  930 1085 1118 1224 1577  867 
1430  929  880 1244 1259 1520 1011 1088 1037 1199 1135 1254 1032 1592 1295 1570 1573 1559 1420 1490 1294  938 1225 1030 1304 1368 1535 1102 1492 1645 1077  874 1208 1250 1398  966  809  858 1346 1562 1324 1542  905 1365 1429 1061 1045 1469 1420 1290 1704 1318 1317 1407 1298 1124    0 1387 1415 1183 1390 1267 1674 1354  882  870 1113 1626 1498 1408 1405 1276  876  972 1009 1035  955 1263 1513 1097 
1256  876 1026 1350 1267 1468 1077 1172 1110 1200 1197 1425  920 1431 1403 1587 1570 1438 1493 1626 1418  892 1208 1035 1201 1461 1537 1313 1443 1411 1074 1077 1476 1218 1573 1184  881  990 1397 1520 1371 1513  892 1265 1554  951 1074 1318 1311 1279 1626 1552 1369 1303 1280 1153 1387    0 1520 1190 1513 1235 1522 1240  895  900  843 1658 1443 1463 1704 1269  945 1111  945  885  911 1159 1438 1099 
1438 1416 1213 1634 1527 1887 1425 1674 1352 1464 1656 1378 1122 1908 1492 1770 1855 1693 1687 1807 1498 1325 1592 1220 1297 1850 1826 1553 1564 1568 1058 1195 1599 1497 1864 1211 1220 1264 1679 1624 1592 1630 1188 1551 1857 1194 1200 1467 1456 1541 1624 1974 1458 1535 1588 1335 1415 1520    0 1653 1912 1503 1834 1506 1349 1114 1164 2009 1857 1757 1537 1467 1195 1335 1417 1136 1197 1549 1771 1319 
1373 1131 1019 1178 1283 1452  811 1449  961 1264 1088 1174  944 1581 1294 1425 1647 1440 1614 1281 1168  875 1305  851 1274 1629 1404 1278 1448 1403  884 1029 1255 1156 1469  905 1096 1021 1629 1448 1392 1698 1098 1362 1544  954  902 1139 1232 1393 1560 1500 1116 1349 1417 1339 1183 1190 1653    0 1559 1223 1610 1364  971  982  923 1578 1302 1461 1499 1322  833  889 1015 1023  898 1274 1697  980 
1487 1155 1323 1498 1512 1654 1388 1659 1457 1510 1544 1446 1298 1673 1380 1774 1761 1514 1652 1912 1446 1445 1385 1344 1690 1702 1542 1535 1828 1889 1144 1308 1561 1500 1492 1209 1131 1301 1666 1931 1775 1866 1302 1589 1614 1339 1038 1424 1319 1662 1620 1982 1399 1552 1543 1553 1390 1513 1912 1559    0 1343 1685 1469 1082 1302 1124 1967 1758 1326 1739 1514 1275 1121 1404 1152 1125 1393 1703 1046 
1178  927 1029 1363 1462 1696  965 1324  949 1423 1192 1381 1033 1563 1096 1585 1468 1672 1456 1566 1262 1017 1385 1023 1272 1365 1661 1443 1543 1435 1071 1139 1205 1200 1362 1002 1042  981 1775 1497 1495 1345 1029 1243 1511 1137 1063 1182 1287 1351 1584 1583 1341 1269 1215 1129 1267 1235 1503 1223 1343    0 1463 1292 1098  824  890 1552 1663 1337 1530 1208  952 1045 1021 1099  962 1294 1558  794 
1539 1158 1253 1471 1693 1826 1214 1344 1128 1680 1446 1516 1299 1700 1642 1883 1905 1915 1686 1996 1648 1423 1449 1434 1698 1622 1922 1476 1611 2046 1472 1280 1593 1560 1681 1107 1088 1269 1542 1794 1631 1748 1178 1544 1557 1205 1155 1383 1520 1595 1766 1834 1569 1310 1501 1596 1674 1522 1834 1610 1685 1463    0 1349 1447 1230 1213 1569 1966 1495 1850 1386 1145 1364 1261 1307 1463 1416 1633 1096 
1341  883  878 1325 1085 1510  951 1253  973 1244 1166 1197  827 1562 1168 1585 1501 1577 1582 1601 1224  932 1201 1010 1090 1554 1616 1380 1533 1536 1055  987 1148 1322 1439  987 1104  986 1601 1571 1507 1644 1077 1279 1661 1038 1137 1290 1327 1252 1677 1337 1241 1366 1124 1276 1354 1240 1506 1364 1469 1292 1349    0 1044  966  856 1578 1514 1310 1621 1264 1088 1039  842 1115 1033 1258 1559 1045 
1105  618  741  848  884 1274  620  991  586  898  891  826  723 1245 1107 1157 1117 1272 1339 1289  936  657  956  562  990 1276 1186 1098 1147 1240  803  755  909 1075 1354  761  782  826 1039 1173 1108 1361  745  964 1283  675  769  947 1048 1045 1275 1299  994  911  836 1169  882  895 1349  971 1082 1098 1447 1044    0  845  840 1138 1093  978 1386 1107  612  793  567  675  628  869 1234  692 
 990  717  622 1037 1111 1205  571  905  824 1008  908 1107  627 1394  982 1189 1295 1184 1212 1142  993  776 1086  879 1126 1273 1189 1089 1135 1207  595  608  995  960 1301  858  861  780 1302 1353 1289 1117  670 1073 1379  826  841  912  916 1020 1182 1113 1028 1023 1041 1010  870  900 1114  982 1302  824 1230  966  845    0  840 1251 1382 1089 1337  909  598  682  669  859  601  934 1411  658 
 845  753  637 1132 1037 1301  760  970  811  903  924 1058  641 1259  892 1114 1188 1163 1257 1175 1081  746 1094  682 1016 1111 1445  928 1396 1083  812  741 1012 1159 1245  693  856  718 1215 1294 1039 1150  619  957 1266  649  777 1030 1100  875 1066 1392  927  891 1083  935 1113  843 1164  923 1124  890 1213  856  840  840    0 1297 1207 1021 1134 1044  558  731  759  872  762  969 1225  705 
1516 1275 1227 1547 1698 1663 1147 1576 1328 1748 1554 1378 1203 1697 1513 1816 1707 1746 1849 1784 1362 1174 1485 1117 1677 1877 1591 1560 1811 1604 1239 1245 1475 1516 1651 1305 1440 1197 1783 1795 1769 1582 1424 1540 1963 1177 1285 1394 1546 1587 1925 1960 1681 1737 1463 1675 1626 1658 2009 1578 1967 1552 1569 1578 1138 1251 1297    0 1694 1386 1738 1447 1369 1264 1278 1178 1108 1526 1892 1275 
1366 1225 1154 1600 1633 1676 1366 1713 1353 1490 1534 1678 1191 1580 1449 1860 1693 1963 1734 1780 1420 1151 1536 1422 1682 1975 1793 1618 1773 1943 1266 1420 1636 1606 1708 1101 1356 1270 1649 1702 1769 1898 1410 1548 1919 1231 1295 1481 1454 1401 1816 1619 1494 1598 1640 1455 1498 1443 1857 1302 1758 1663 1966 1514 1093 1382 1207 1694    0 1360 1782 1528 1177 1444 1222 1313 1169 1341 2023 1232 
1413  974  885 1326 1378 1481 1022 1278  929 1329 1318 1220  926 1344 1251 1516 1429 1604 1739 1484 1358  950 1210 1055 1345 1488 1533 1109 1567 1462  979 1079 1197 1249 1370 1111  944 1048 1498 1554 1634 1420  883 1343 1594 1069  977 1243 1407 1229 1506 1621 1315 1425 1225 1159 1408 1463 1757 1461 1326 1337 1495 1310  978 1089 1021 1386 1360    0 1439 1224 1047 1071 1032  987  804 1119 1496  923 
1423 1080 1122 1413 1644 1724 1377 1418 1380 1545 1564 1567 1439 1731 1634 1849 1723 1973 1679 1895 1537 1306 1483 1201 1463 1825 1924 1570 1598 1862 1351 1125 1330 1460 1579 1355 1383 1198 1828 1740 1854 1811 1088 1442 1554 1076 1214 1268 1613 1454 1698 1945 1478 1361 1434 1508 1405 1704 1537 1499 1739 1530 1850 1621 1386 1337 1134 1738 1782 1439    0 1675 1243 1288 1247 1210 1170 1458 1871 1160 
1293  942  944 1204 1315 1428 1061 1381  877 1259 1186 1348  956 1458 1234 1439 1558 1475 1389 1356 1337 1025 1333 1110 1409 1764 1450 1357 1530 1483  968  967 1345 1335 1522 1133 1101 1063 1672 1305 1304 1607  990 1252 1573  993 1060 1261 1209 1270 1497 1603 1286 1462 1239 1421 1276 1269 1467 1322 1514 1208 1386 1264 1107  909 1044 1447 1528 1224 1675    0 1079  978 1015  891 1024 1277 1579 1017 
1051  577  604 1058 1111 1287  597  933  754  956 1098 1010  587 1329  993 1301 1399 1270 1145 1109  993  773  912  757  855 1336 1357 1000 1250 1127  786  679  982  988 1355  877  865  680 1087 1168 1337 1271  715  930 1115  775  665  943 1059  994 1343 1259 1003 1019  904  940  876  945 1195  833 1275  952 1145 1088  612  598  558 1369 1177 1047 1243 1079    0  826  699  851  697 1094 1159  655 
 901  686  653 1012  847 1057  618  897  603  811 1115  938  647 1351  951 1170 1365 1205 1234 1116 1057  652  857  574 1064 1129 1125  971 1168 1233  753  765  870 1135 1249  620  843  692 1262 1156 1333 1199  603  924 1096  636  827 1087  891  965 1355 1434 1010  977  863  812  972 1111 1335  889 1121 1045 1364 1039  793  682  731 1264 1444 1071 1288  978  826    0  799  725  603  896 1418  646 
 932  866  735  989 1012 1049  801 1054  793 1190  982  819  820 1094  891 1258 1353 1348 1223 1304  976  759 1031  809  936 1310 1080  890 1426 1223  782  770  970  917 1204  698  830  579 1212 1299 1192 1369  670  864 1233  858  684 1155 1036  943 1217 1238 1121 1095 1083  930 1009  945 1417 1015 1404 1021 1261  842  567  669  759 1278 1222 1032 1247 1015  699  799    0  823  665  965 1292  820 
1065  679  630 1139 1100 1154  778  936  695 1148  959 1037  642 1345  876 1104 1177 1197 1146 1088  936  863  971  623  885 1158 1240 1060 1186 1225  718  828  918 1031 1370  832  611  829 1275 1471 1256 1049  807 1016 1187  647  721  912 1034 1006 1135 1273  983 1021  995 1085 1035  885 1136 1023 1152 1099 1307 1115  675  859  872 1178 1313  987 1210  891  851  725  823    0  566  937 1223  622 
 912  678  745 1154 1060 1212  850 1098  627  899  846 1055  763 1267 1096 1339 1089 1311 1215 1393 1003  631  934  604 1037 1074 1234 1151 1231 1301  568  635 1056 1129 1367  820  704  855 1365 1121 1303 1307  707  940 1281  847  636  920 1116  930 1241 1114 1025  998 1086 1118  955  911 1197  898 1125  962 1463 1033  628  601  762 1108 1169  804 1170 1024  697  603  665  566    0  936 1395  652 
1105  871  981 1302 1291 1461  990 1226  908 1261 1193 1137 1014 1392 1275 1657 1578 1683 1414 1509 1129 1099 1384 1105 1213 1638 1411 1264 1415 1429  878  894 1376 1190 1597  938  966  906 1406 1413 1328 1414  901 1210 1560 1053 1094 1142 1387 1299 1697 1438 1092 1339 1315 1224 1263 1159 1549 1274 1393 1294 1416 1258  869  934  969 1526 1341 1119 1458 1277 1094  896  965  937  936    0 1732  988 
1544 1322 1178 1374 1575 1859 1227 1433 1277 1601 1482 1494 1238 1610 1534 1873 1646 1941 1730 1570 1634 1028 1470 1362 1325 1832 1829 1438 1681 1762 1313 1257 1508 1569 1836 1238 1459 1162 1749 1673 1678 1591 1206 1622 1558 1380 1304 1681 1417 1579 1747 1686 1462 1374 1717 1577 1513 1438 1771 1697 1703 1558 1633 1559 1234 1411 1225 1892 2023 1496 1871 1579 1159 1418 1292 1223 1395 1732    0 1217 
1095  652  754  939 1066 1228  647  836  700  905  935 1019  708 1336 1064 1276 1245 1299 1267 1131  983  635  868  660  915 1303 1206  895 1330 1258  760  784  921  932 1226  859  783  622 1143 1172 1365 1337  563  939 1358  798  683  878  824  917 1286 1272  974 1058  892  867 1097 1099 1319  980 1046  794 1096 1045  692  658  705 1275 1232  923 1160 1017  655  646  820  622  652  988 1217    0 

   0  828  655  885 1093  779 1168  871  737 1065 1092  795  826 1157 1178 1111 1088 1173 1157  855 1144  997 1023  752 1052 1114  649  794  631  876 1128  739  647  744  608  707  732  724 1122  762  757  927  912 1098  770  814  604  622  692 1080  726 1138 1137  620  864 1131  834  631  716 1176  853  873  930  681  917  842  845  749  766 1198  765 1018  886  952 1159 1155  637  772 1092  663 
 828    0 1096 1029  938  921 1198  860  619  696  884  788  607  763 1017 1077 1052  992  873  738  777  690  995  986 1091  918 1031  880  642  792 1039 1031 1193  808  665  922  895 1103  731  908  724  925 1069  855 1068 1073  898  819  873 1198 1083  674 1029  900  716  857 1087 1133 1013 1049 1102 1101 1147  857  824  851  629 1002  881  610  673  680 1121 1112 1140  724  966  993 1176  790 
 655 1096    0 1108 1073 1090  862  971  638  729  847 1079  783  830 1196  676  858  773 1160  874 1148  957  905 1188  836 1117 1193  715 1113 1049  916  689  680 1086  944  780  638  636  967  842 1026  707  806  900 1032  705  795  774  760 1006  941 1188 1071  877  870 1113  859  998 1184 1182  976  952 1034 1179 1030 1136  792 1110  736 1151  625  861  904  965 1079  805 1179  722 1094  642 
 885 1029 1108    0  653 1145 1135 1125  842  733  870 1167  737 1099 1090  757 1021  916  706  614 1177  649  600 1077  939  977 1009  911  658  660  966 1187 1027 1193  989 1046  757 1138  738 1036 1187 1070  852  947  929 1069 1191  788 1191 1183 1046 1093  943 1109 1102  973 1068 1060 1179 1167  796 1113  836 1057  942 1115 1149  904  813 1001  707  836  707 1091  813 1179  759 1178 1004  928 
1093  938 1073  653    0 1072  680 1106  780  842 1040 1100 1197 1161 1031  817  870  971  941 1186 1026  934  861  781 1198  619 1082  951 1151  621  856 1011  793  841  852 1143  968  759  966 1134  791 1192 1124 1009 1084  619 1010 1119  700  668  977  892  951  920  745 1180  804  983 1172  672  912  857  883  864 1074  675  760 1150  833  618 1083 1092  707  856  889 1169  991  837  714  877 
 779  921 1090 1145 1072    0 1058  608 1156  814  800 1064  654  971  925  970  846  979  988  699  693  679 1195 1057  731  748 1133  898  849  652 1031  932  791  818  785 1078  693  710 1067  715  856  714  676  863  649  873  994  939  871 1096  870  881  605 1047 1171 1041  921  702  836  945  908  685  674 1039 1047  604  782  829 1039  921 1084  716 1042  873  790  947  733  711  968  736 
1168 1198  862 1135  680 1058    0  883  952 1044 1156 1143 1095  734  684  960  760  824 1184 1193  888  956  938  740  705 1065  997  874  663  764 1003  606 1075  863  678 1080  936  815 1186 1190  684  959  607  624 1176  745  738 1093  794 1172 1117  923  638 1061 1028  746  876  706  958  720 1149  998  854 1149  711  777 1155 1153  797  737 1114  916  871 1059  942  835  702  867  813 1036 
 871  860  971 1125 1106  608  883    0 1175  601  747  717  856 1065  938 1154 1003  950 1173  672  929  825  841  788  815  785 1031  930  769  945  611 1029 1017  724 1138 1124  649  717  611  835  912  974  930  798  657  971  958 1152 1153 1087  885 1056  951  724  995  925  775 1014  956 1189  697  685 1058 1082  837  644  967  960  765 1092  837  610  658  945  962  985  670  786  845  601 
 737  619  638  842  780 1156  952 1175    0  660 1116 1048  853  702  608 1154  943  735 1074  940 1079 1079  699  922  618  775 1043  761  955 1136  650 1058 1096  961  792  938  701  920  785 1068 1182 1102  887  744  789 1154  915  957  867  704  710  924  868 1181 1109  878  791 1167  739 1070  720  903 1035  644  983 1007  928  647  742 1146  907  962  754  923  618 1106 1136 1163 1172  678 
1065  696  729  733  842  814 1044  601  660    0  770 1162 1004 1070  708  637 1070  720  946  649 1119  605  641 1092  863 1119 1122  740  675  650  617  821  782 1178  799  808 1003  796  905 1149 1177 1026 1053  629 1032  900  665  827  947  701 1097  759  642  985 1018 1180 1108  830  606 1173  692 1178  923 1195  882  602  753  739  729  814 1084  905  989  968  986 1096  605  728  695  779 
1092  884  847  870 1040  800 1156  747 1116  770    0 1058 1111 1015  809  627 1072 1123  986  631  880  659 1070 1145 1195  685 1137  768  638 1011  825 1025 1176 1059 1136  649 1048 1088 1103 1161  856  638 1008  810  839  805  843  694  864 1057  613  651  684 1063 1153  821  798 1189 1033  870  981  811 1042  793  658  705 1083 1090  702 1004 1177  666  891  850  878 1054  955  927  745  601 
 795  788 1079 1167 1100 1064 1143  717 1048 1162 1058    0 1178  808 1104  875  896 1069  809  761  906  918  976  707  786  921  950  619  945  723 1160  768  969 1025 1057  776  661  973  901 1153 1130  684  608 1104  703 1140  781  965  798  834  812 1172 1169  987 1060  640 1099  955  807  882  965 1076  603 1148  863  625  690 1191  867  824  753  687 1099  912  653 1004 1009  638  998 1158 
 826  607  783  737 1197  654 1095  856  853 1004 1111 1178    0  651  870  831  934 1198  856 1089  721  656  908 1110 1182  808 1040  765  671  948 1098 1042 1148  889 1073  678 1070  999  715  968 1013  652 1070  989 1074 1064  876 1034 1128  822  838  605  666  685 1083  967  940  758  690  619 1020  731  777 1167  880 1006  737  978  636  718 1044  911 1066 1097 1109  641 1198  674  851 1168 
1157  763  830 1099 1161  971  734 1065  702 1070 1015  808  651    0  853 1007  795  610 1059  986  962 1130  916 1057  907  625 1168  957  757  878  755  779  836  720 1015  860  777  852  631 1049  835 1014  791 1187  869  797  831 1133  816  955  976  825  936  756  751  966  939  640  954  973  661 1030  965  642 1130 1086 1103  604  953  799 1063  639 1099  789  871 1077 1045  865  723  858 
1178 1017 1196 1090 1031  925  684  938  608  708  809 1104  870  853    0  878  891  642 1099  890  648 1163 1195 1154  886 1110  815 1098  830  607  619  608 1195  685 1022  852 1146  873 1131  867 1075  945 1030  911  985 1182  632  842 1152  868  963 1013 1135 1148 1186  916  930  806  897  892 1183 1006  725  608 1051  990 1160 1028  983  800  742  792 1151 1099 1188  984  610 1197  863 1088 
1111 1077  676  757  817  970  960 1154 1154  637  627  875  831 1007  878    0 1038  636  841  967  952  755  914  966  991 1019  809  711  717  930  852  862  970 1134  753  820 1067  776  604 1128  634  744  613  940  864 1093  694  992  993  685  670 1056 1052  714 1173  783  685  850 1144  983  935  747 1164  652  692 1101  802 1185 1084  868  604  841  942 1128 1118 1043  622  705  688  705 
1088 1052  858 1021  870  846  760 1003  943 1070 1072  896  934  795  891 1038    0  915  846 1053  714  794 1032  604  911  828  633 1071  691  803  646 1161  714 1156  856  623  976  614  966 1138 1161 1114  732 1002 1055 1030  890  738 1183  696  614 1192  935  839 1195  810 1177  772  629  734  635  931  951  848  756  897  626  795  610 1168 1071  757  855 1074  706 1083  755  673  813  701 
1173  992  773  916  971  979  824  950  735  720 1123 1069 1198  610  642  636  915    0  889 1144  951  954  981 1171  827  871  749  727 1077  685 1089 1195  607  789  977  878  619  786  858 1120 1029  924  640 1087  692  727  909 1035  688  651 1179  660  682  897  733  672  862  739  745  670  705  621  879 1055 1074 1171  886 1172  996 1070  736 1115  797  972 1174  787 1197 1193 1068 1010 
1157  873 1160  706  941  988 1184 1173 1074  946  986  809  856 1059 1099  841  846  889    0  840  884  604  675 1044 1096  714 1124  880  905 1023  862 1199  959  939  669  911  622 1082  648 1007  666  790 1067 1043  742  885 1062  879 1140 1198  876 1101 1053  610  814  790  745  606  857  859  872 1011  961  620 1002 1098 1035  963  997  849  890 1059  801  750 1017  766  894  806  968  805 
