90 4 16 1174

   0 1438 1217 1378 1274 1438 1188 1109 1397 1012 1468  984 1436  970 1383 1313 1051 1360 1684  943 1242 1211 1139 1397 1535 1374 1372 1494 1456  912 1548 1346 1079 1144 1248 1307 1473 1318 1089 1447 1413 1520 1405 1499 1043 1315 1530 1336  907 1108 1469 1089 1252 1088 1627  883 1004 1431  921 1385 1214  948 1028 1345 1263 1284 1193 1177 1543 1028 1465 1333 1512 1550 1311 1019 1318 1424 1424 1297 1122  963  950 1386 1606 1074 1104 1165 1579 1600 
1438    0 1424 1451 1518 1867 1688 1580 1869 1254 1509 1370 1925 1274 1572 1679 1261 1501 1823 1474 1758 1516 1269 1385 1692 1584 1511 1650 1454 1349 1769 1768 1340 1555 1750 1878 1620 1624 1355 1691 1646 1528 1783 1673 1156 1562 1843 1346 1315 1087 1651 1475 1330 1273 1922 1263 1449 1433 1251 1465 1392 1112 1163 1442 1598 1519 1524 1428 1894 1193 1595 1304 1754 1767 1496 1183 1516 1399 1608 1601 1322 1036 1348 1610 1970 1404 1181 1473 1704 1603 
1217 1424    0 1224 1331 1479 1346 1225 1452 1025 1363  827 1577 1135 1288 1258  966 1337 1614 1061 1239 1314  911 1445 1455 1309 1351 1740 1465  943 1515 1581  955 1307 1219 1608 1355 1187 1085 1608 1390 1455 1649 1536 1090 1202 1539 1068 1109 1100 1322 1251 1206 1041 1671 1037 1033 1159  963 1370 1155 1139  899 1196 1449 1255 1285 1314 1470 1027 1682 1374 1482 1520 1355  920 1456 1262 1541 1447 1194  896  933 1407 1478 1042  946 1325 1607 1569 
1378 1451 1224    0 1344 1345 1360 1181 1456  951 1268 1033 1499 1035 1164 1335 1026 1303 1634 1078 1213 1384  991 1319 1551 1363 1365 1569 1180  949 1579 1327  887 1277 1338 1579 1522 1152  856 1455 1455 1639 1475 1551  988 1199 1520 1170  956  915 1577 1399 1203  886 1543 1075  917 1342 1123 1217 1445 1040  955 1139 1375 1395 1337 1177 1502 1127 1700 1204 1649 1590 1197 1071 1203 1228 1438 1273 1215  965 1005 1151 1462 1134 1087 1145 1526 1695 
1274 1518 1331 1344    0 1375 1122 1243 1593  889 1186  938 1529  917 1371 1085 1024 1217 1397  969 1195 1409 1124 1129 1512 1261 1123 1320 1459 1015 1580 1465 1026 1356 1321 1461 1579 1232 1160 1733 1734 1474 1475 1481 1077 1291 1524 1089  977  942 1593 1223 1428  948 1423  943  895 1337  972 1375 1244  879  978 1157 1152 1163 1268 1408 1567  859 1483 1208 1545 1636 1433 1004 1365 1387 1441 1344 1170  968 1076 1199 1660 1145 1167 1225 1713 1719 
1438 1867 1479 1345 1375    0 1639 1416 1932 1225 1600 1292 1746 1256 1683 1482 1350 1459 1774 1116 1535 1394 1164 1588 1987 1687 1514 1585 1311 1213 1806 1749 1257 1422 1534 1741 1871 1471 1437 1857 1622 1747 1743 1562 1190 1555 1505 1507 1366 1276 1874 1564 1538 1383 2055 1117 1256 1529 1148 1550 1623 1353 1231 1636 1486 1352 1528 1452 1708 1317 1961 1615 1990 1645 1464 1336 1684 1589 1816 1442 1540 1361 1297 1346 1828 1128 1252 1567 1794 1707 
1188 1688 1346 1360 1122 1639    0 1349 1622 1036 1124  905 1371 1033 1325 1236  894 1271 1489 1112 1258 1317  875 1203 1470 1433 1352 1620 1174  969 1309 1576 1083 1301 1441 1529 1472 1161  900 1456 1598 1537 1588 1631  851 1260 1469 1211 1132 1079 1512 1277 1320 1139 1669 1080 1031 1298 1015 1227 1196 1100 1008 1444 1262 1264 1208 1283 1567 1104 1440 1192 1494 1610 1251  908 1363 1312 1447 1255 1401  930  945 1254 1589  895 1090 1405 1440 1471 
1109 1580 1225 1181 1243 1416 1349    0 1493 1059 1309 1050 1482  915 1275 1275 1037 1262 1563 1160 1162 1255  943 1350 1596 1127 1145 1500 1122  981 1437 1489  967 1372 1110 1585 1640 1237 1071 1519 1596 1619 1345 1556 1089 1284 1610 1162 1106 1005 1515 1354 1182  906 1438  985 1072 1302  993 1179 1360 1036 1063 1389 1353 1203 1115 1243 1346  850 1398 1307 1397 1347 1170 1106 1398 1212 1527 1177 1134 1087  998 1168 1563 1049 1023 1298 1582 1450 
1397 1869 1452 1456 1593 1932 1622 1493    0 1213 1448 1341 1576 1334 1449 1474 1313 1423 1921 1429 1597 1447 1360 1361 1732 1543 1521 1846 1505 1406 1939 1770 1130 1591 1481 1698 1716 1577 1433 2036 1773 1765 1869 1866 1432 1597 1658 1500 1275 1039 1713 1353 1770 1300 1866 1238 1302 1581 1380 1619 1614 1229 1145 1550 1599 1461 1402 1577 1966 1170 1825 1582 1874 1750 1533 1235 1677 1458 1748 1447 1507 1363 1077 1398 1823 1272 1279 1537 1870 1752 
1012 1254 1025  951  889 1225 1036 1059 1213    0 1077  706 1077  724  892  946  608  903 1276  857  933 1009  620 1033 1344 1100  993 1167  943  672 1257 1241  847  952  977 1029 1206  946  901 1189 1417 1250 1344 1228  584  961 1132  954  832  607 1121  845  841  785 1307  887  854 1019  730 1062 1100  656  665  935  925  946 1049 1105 1288  693 1254  936 1106 1288 1013  867  893 1089 1257 1096 1082  747  649  958 1151  641  844 1090 1336 1337 
1468 1509 1363 1268 1186 1600 1124 1309 1448 1077    0 1017 1617  852 1192 1216 1082 1291 1513 1136 1324 1215 1025 1147 1581 1366 1248 1552 1297  941 1618 1658  992 1190 1298 1687 1486 1263  952 1404 1574 1581 1543 1638 1077 1125 1650 1192  889 1056 1596 1128 1205  968 1657 1011  972 1408  957 1325 1156  872 1021 1377 1239 1246 1289 1212 1446 1119 1552 1286 1370 1545 1187  973 1386 1295 1524 1432 1215 1072  971 1285 1476 1152  921 1403 1628 1369 
 984 1370  827 1033  938 1292  905 1050 1341  706 1017    0 1390  760  913  872  738 1026 1164  792  988 1048  797  897 1313  986  946 1206  957  621 1088 1235  810  938  958 1159 1088  935  807 1338 1210 1292 1290 1268  847  982 1182  946  729  626 1326 1093 1021  667 1303  774  601 1170  628 1036 1106  860  669 1049 1054  977 1015  843 1243  622 1070  998 1167 1150  945  814  973  847 1368  901 1008  666  816  858 1425  806  658 1039 1386 1137 
1436 1925 1577 1499 1529 1746 1371 1482 1576 1077 1617 1390    0 1042 1568 1509 1263 1556 1754 1000 1546 1592 1366 1527 1781 1343 1459 1921 1598 1118 1685 2017 1337 1653 1534 1960 1501 1337 1103 1859 1631 1787 1617 1785 1325 1492 1837 1655 1243 1234 1640 1538 1598 1400 1734 1241 1055 1500 1237 1647 1711 1178 1376 1758 1462 1344 1356 1436 1870 1360 1842 1283 1907 1646 1629 1253 1432 1533 1883 1464 1508 1111 1379 1543 1959 1228 1203 1467 1609 2009 
 970 1274 1135 1035  917 1256 1033  915 1334  724  852  760 1042    0  905 1037  652  980 1366  623  932 1046  710  923 1323  880  978 1253  927  700 1335 1244  713 1040  968 1339 1234  854  751 1336 1126 1260 1316 1469  878 1071 1440  860  670  659 1139 1030  910  642 1340  601  801 1084  745 1090  944  593  676 1090  935  946 1114  910 1134  741 1186  935 1133 1203 1161  625  992  965 1231  919  879  803  821  939 1231  840  704  922 1219 1277 
1383 1572 1288 1164 1371 1683 1325 1275 1449  892 1192  913 1568  905    0 1384  959 1260 1522  911 1353 1314 1108 1189 1760 1159 1252 1471 1277  827 1353 1476  979 1144 1290 1645 1618 1298 1080 1509 1351 1531 1502 1474  941 1412 1532 1101 1141 1114 1591 1351 1368 1011 1406  975  929 1349 1054 1286 1334 1026  874 1388 1321 1369 1270 1253 1560  910 1708 1303 1555 1683 1093 1067 1370 1297 1375 1190 1203  971 1026 1309 1489  983 1145 1169 1531 1376 
1313 1679 1258 1335 1085 1482 1236 1275 1474  946 1216  872 1509 1037 1384    0 1095 1380 1412  965 1335 1295  869 1334 1553 1438 1390 1645 1338  970 1460 1677 1108 1193 1165 1529 1554 1130 1180 1498 1642 1503 1431 1573 1124 1382 1692 1183 1032  931 1537 1319 1410 1104 1505 1091  998 1336  921 1253 1132  850 1001 1358 1105 1337 1239 1384 1328  865 1371 1329 1522 1696 1247 1022 1215 1368 1549 1204 1305  966 1053 1199 1435 1124  926 1371 1478 1567 
1051 1261  966 1026 1024 1350  894 1037 1313  608 1082  738 1263  652  959 1095    0  939 1096  828 1143 1054  579  859 1165  922  935 1206 1053  697 1165 1259  735  937 1136 1277 1176  895  627 1110 1138 1178 1387 1271  741 1118 1240  969  740  831 1147  890  868  604 1264  801  832 1083  694 1089  908  763  610  979  948  912  915  932 1409  607 1280 1063 1105 1295  951  677  866  929 1076  911 1080  781  650 1128 1124  770  607 1040 1370 1131 
1360 1501 1337 1303 1217 1459 1271 1262 1423  903 1291 1026 1556  980 1260 1380  939    0 1590  909 1177 1343  925 1296 1534 1317 1425 1364 1244  955 1484 1525  919 1242 1235 1700 1732 1134 1115 1601 1439 1597 1411 1506  879 1356 1462 1209 1076  868 1683 1166 1317  838 1471 1005  857 1249  933 1145 1251  953 1059 1389 1351 1085 1205 1175 1717  868 1471 1205 1549 1274 1106 1192 1179 1374 1562 1335 1185 1109 1071 1238 1444 1042  967 1456 1477 1536 
1684 1823 1614 1634 1397 1774 1489 1563 1921 1276 1513 1164 1754 1366 1522 1412 1096 1590    0 1206 1541 1599 1228 1429 1759 1349 1599 2017 1271 1226 1843 1616 1198 1579 1588 1614 1771 1528 1302 1837 1850 1963 1788 1684 1162 1526 1980 1444 1367 1195 1521 1555 1577 1459 1878 1242 1043 1496 1271 1520 1669 1406 1273 1608 1570 1718 1520 1742 1597 1297 1941 1320 1635 1673 1417 1200 1294 1299 1669 1497 1650 1285 1080 1534 1846 1337 1106 1379 1681 1944 
 943 1474 1061 1078  969 1116 1112 1160 1429  857 1136  792 1000  623  911  965  828  909 1206    0 1094 1091  812 1148 1359  946  995 1105  939  847 1151 1340  669 1096 1095 1227 1108  945  679 1344 1285 1404 1219 1293  643 1005 1297  947  630  689 1261  930 1135  727 1372  684  722 1131  609 1092  875  614  650 1052  961  976 1081  909 1113  607 1307 1043 1347 1196  793  789  898 1011 1286 1011  949  692  786 1070 1255  734  665  866 1167 1220 
1242 1758 1239 1213 1195 1535 1258 1162 1597  933 1324  988 1546  932 1353 1335 1143 1177 1541 1094    0 1352 1087 1296 1624 1354 1444 1578 1197  885 1542 1658  849 1376 1340 1507 1601 1194  987 1496 1351 1478 1549 1430  913 1238 1412 1246  929  981 1561 1299 1305  877 1482 1058 1015 1361  955 1349 1387 1083  889 1164 1220 1386 1429 1231 1560  938 1680 1393 1403 1464 1201 1041 1189 1371 1645 1227 1250  999 1004 1382 1530  982  880 1219 1469 1602 
1211 1516 1314 1384 1409 1394 1317 1255 1447 1009 1215 1048 1592 1046 1314 1295 1054 1343 1599 1091 1352    0  895 1142 1663 1341 1359 1341 1100  921 1604 1511 1138 1358 1276 1542 1588 1313 1060 1679 1666 1528 1408 1607  873 1232 1285 1138  869 1013 1487 1215 1152 1115 1608 1135  877 1275 1056 1103 1098  840 1027 1151 1252 1233 1301 1140 1663  930 1496 1281 1554 1565 1389 1007 1279 1441 1470 1338 1339  822 1011 1442 1414 1170 1131 1450 1496 1598 
1139 1269  911  991 1124 1164  875  943 1360  620 1025  797 1366  710 1108  869  579  925 1228  812 1087  895    0  853 1327  972  887 1186  987  685 1210 1217  828  802  945 1200 1147 1050  616 1290 1351 1213 1280 1312  595 1051 1214  910  786  702 1134  965  890  798 1282  774  892  987  857  955 1088  825  837 1052 1045  941  989 1015 1330  693 1274 1067 1145 1239 1040  691 1137 1002 1094  969  974  760  721  963 1379  841  651  974 1198 1228 
1397 1385 1445 1319 1129 1588 1203 1350 1361 1033 1147  897 1527  923 1189 1334  859 1296 1429 1148 1296 1142  853    0 1677 1274 1361 1559 1182 1133 1491 1547  971 1388 1416 1579 1777 1419 1128 1545 1382 1439 1688 1565 1115 1178 1735 1272  987  918 1486 1153 1398  950 1500  935 1080 1184 1038 1233 1406  908 1052 1315 1458 1326 1312 1395 1380 1044 1575 1303 1326 1360 1326  947 1379 1217 1550 1221 1148  958 1100 1220 1626 1037  862 1344 1517 1663 
1535 1692 1455 1551 1512 1987 1470 1596 1732 1344 1581 1313 1781 1323 1760 1553 1165 1534 1759 1359 1624 1663 1327 1677    0 1400 1546 1726 1657 1307 1708 1722 1291 1637 1647 1669 1781 1657 1414 1828 1945 1773 1643 1777 1134 1350 1737 1665 1329 1129 1746 1466 1655 1141 1716 1175 1159 1393 1351 1488 1575 1070 1158 1570 1611 1597 1570 1695 1622 1350 2027 1601 1829 1847 1673 1381 1530 1442 1777 1460 1525 1440 1405 1524 1771 1431 1253 1570 1601 1707 
1374 1584 1309 1363 1261 1687 1433 1127 1543 1100 1366  986 1343  880 1159 1438  922 1317 1349  946 1354 1341  972 1274 1400    0 1442 1456 1252  951 1520 1516  987 1257 1451 1366 1675 1452 1113 1653 1508 1578 1492 1701  934 1195 1377 1160  868 1075 1605 1063 1178 1020 1683  896 1019 1205  845 1212 1379 1022  899 1337 1249 1156 1315 1154 1574 1123 1714 1221 1529 1725 1207  975 1328 1275 1449 1329 1191  981 1100 1101 1727  997  946 1181 1586 1389 
1372 1511 1351 1365 1123 1514 1352 1145 1521  993 1248  946 1459  978 1252 1390  935 1425 1599  995 1444 1359  887 1361 1546 1442    0 1278 1233  948 1367 1549 1030 1176 1309 1620 1568 1416  887 1719 1402 1567 1556 1479 1011 1387 1358 1342  914  957 1509 1256 1276  957 1639  950 1084 1280 1063 1366 1286  956  903 1444 1357 1122 1312 1230 1531  876 1532 1399 1463 1580 1368  847 1349 1257 1440 1184 1397  887 1075 1271 1548  924  960 1292 1500 1682 
1494 1650 1740 1569 1320 1585 1620 1500 1846 1167 1552 1206 1921 1253 1471 1645 1206 1364 2017 1105 1578 1341 1186 1559 1726 1456 1278    0 1428 1351 1625 1772 1301 1506 1636 1763 1899 1443 1218 1639 1728 1815 1858 1836 1219 1557 1623 1612 1238 1161 1773 1695 1475 1128 1883 1128 1345 1670 1344 1339 1565 1199 1118 1475 1690 1492 1473 1292 1882 1110 1818 1430 1544 1799 1422 1257 1580 1473 1957 1624 1532 1137 1183 1337 1737 1145 1425 1441 1669 1860 
1456 1454 1465 1180 1459 1311 1174 1122 1505  943 1297  957 1598  927 1277 1338 1053 1244 1271  939 1197 1100  987 1182 1657 1252 1233 1428    0  919 1529 1561  848 1359 1330 1330 1394 1252 1137 1612 1429 1487 1418 1475  915 1185 1345 1220  966 1007 1528 1426 1174  961 1666 1115 1042 1351  828 1198 1366 1144 1058 1195 1229 1338 1172 1288 1509  922 1584 1275 1471 1574 1362 1050 1161 1226 1686 1363 1275 1109  912 1334 1387  966  886 1152 1599 1533 
 912 1349  943  949 1015 1213  969  981 1406  672  941  621 1118  700  827  970  697  955 1226  847  885  921  685 1133 1307  951  948 1351  919    0 1129 1307  603 1046  954 1265 1124 1041  590 1421 1293 1292 1382 1321  817 1003 1222  960  577  692 1173  987  894  589 1370  618  848  979  544 1128 1092  636  781  977 1006  847  967  829 1227  617 1418  905 1200 1123 1077  791  841 1142 1332 1086  923  803  801 1133 1392  691  677 1061 1271 1220 
1548 1769 1515 1579 1580 1806 1309 1437 1939 1257 1618 1088 1685 1335 1353 1460 1165 1484 1843 1151 1542 1604 1210 1491 1708 1520 1367 1625 1529 1129    0 1812 1241 1658 1446 1887 1660 1528 1294 1686 1797 1693 1789 1946 1313 1511 1772 1491 1368 1210 1756 1399 1576 1433 1853 1259 1308 1376 1410 1651 1659 1219 1323 1580 1441 1509 1545 1394 1803 1336 1885 1587 1617 1774 1490 1210 1302 1583 1770 1592 1496 1287 1096 1500 1769 1390 1139 1553 1813 1791 
1346 1768 1581 1327 1465 1749 1576 1489 1770 1241 1658 1235 2017 1244 1476 1677 1259 1525 1616 1340 1658 1511 1217 1547 1722 1516 1549 1772 1561 1307 1812    0 1053 1604 1415 1771 1954 1378 1242 1865 1872 1825 1565 1963 1171 1440 1835 1395 1185 1242 1483 1494 1486 1242 1840 1119 1228 1398 1205 1591 1601 1228 1305 1641 1363 1471 1433 1508 1599 1106 1863 1354 1619 1658 1380 1347 1453 1319 1756 1624 1507 1280 1394 1431 1643 1421 1106 1532 1637 1768 
1079 1340  955  887 1026 1257 1083  967 1130  847  992  810 1337  713  979 1108  735  919 1198  669  849 1138  828  971 1291  987 1030 1301  848  603 1241 1053    0  826  943 1196 1358  898  749 1237 1320 1229 1439 1280  661  956 1262  936  810  705 1219  988 1057  819 1372  847  834  928  621  885 1050  784  649 1007 1025  951 1143  952 1096  823 1321 1060 1272 1436 1142  824 1066 1063 1294 1001 1080  711  834  924 1384  707  818 1043 1305 1248 
1144 1555 1307 1277 1356 1422 1301 1372 1591  952 1190  938 1653 1040 1144 1193  937 1242 1579 1096 1376 1358  802 1388 1637 1257 1176 1506 1359 1046 1658 1604  826    0 1133 1450 1579 1243  960 1402 1667 1482 1399 1614  881 1193 1629 1224  967  858 1434 1173 1360  885 1684 1075  978 1250 1049 1223 1338  907 1135 1309 1286 1479 1169 1147 1749 1016 1548 1484 1377 1474 1359  849 1399 1201 1504 1230 1375  901 1004 1292 1684  969  813 1285 1386 1425 
1248 1750 1219 1338 1321 1534 1441 1110 1481  977 1298  958 1534  968 1290 1165 1136 1235 1588 1095 1340 1276  945 1416 1647 1451 1309 1636 1330  954 1446 1415  943 1133    0 1553 1377 1361  966 1518 1544 1603 1366 1577  994 1269 1491 1174 1069  938 1556 1236 1318 1014 1654 1001  893 1138  846 1318 1371 1102 1074 1236 1438 1261 1182 1178 1376  919 1397 1215 1559 1373 1255  950 1104 1220 1544 1317 1253 1055  910 1279 1691  955  932 1313 1588 1682 
1307 1878 1608 1579 1461 1741 1529 1585 1698 1029 1687 1159 1960 1339 1645 1529 1277 1700 1614 1227 1507 1542 1200 1579 1669 1366 1620 1763 1330 1265 1887 1771 1196 1450 1553    0 1756 1703 1216 1828 1835 1821 1827 1819 1335 1445 1825 1707 1325 1224 1758 1474 1404 1210 1625 1226 1109 1464 1176 1393 1391 1233 1165 1495 1491 1597 1351 1561 1692 1165 1784 1418 1728 1825 1344 1162 1466 1329 1836 1554 1639 1214 1366 1495 1839 1413 1320 1481 1765 1736 
1473 1620 1355 1522 1579 1871 1472 1640 1716 1206 1486 1088 1501 1234 1618 1554 1176 1732 1771 1108 1601 1588 1147 1777 1781 1675 1568 1899 1394 1124 1660 1954 1358 1579 1377 1756    0 1394 1136 1724 1630 1707 1719 1810 1140 1626 1636 1743 1194 1073 1655 1438 1398 1270 1736 1242 1149 1517 1282 1581 1330 1025 1203 1693 1371 1571 1480 1575 1702 1091 1766 1577 1641 1717 1493 1183 1683 1435 1854 1530 1582 1238 1287 1649 1655 1229 1292 1503 1919 1917 
1318 1624 1187 1152 1232 1471 1161 1237 1577  946 1263  935 1337  854 1298 1130  895 1134 1528  945 1194 1313 1050 1419 1657 1452 1416 1443 1252 1041 1528 1378  898 1243 1361 1703 1394    0 1025 1490 1590 1601 1280 1544  922 1180 1600 1297 1023 1010 1594 1344 1266  963 1415 1025  860 1220 1014 1357 1406  832 1103 1231 1231 1224 1324 1442 1499  861 1597 1247 1531 1630 1229  984 1228 1207 1391 1373 1407  865 1040 1467 1512  879 1016 1239 1590 1562 
1089 1355 1085  856 1160 1437  900 1071 1433  901  952  807 1103  751 1080 1180  627 1115 1302  679  987 1060  616 1128 1414 1113  887 1218 1137  590 1294 1242  749  960  966 1216 1136 1025    0 1202 1203 1137 1396 1155  753 1068 1201 1045  770  741 1270 1135 1105  793 1296  736  810 1083  808 1105 1021  664  803 1042  908 1132  940  940 1199  569 1169  853 1338 1199 1140  799  968  903 1195 1111  962  638  783  990 1294  603  708  877 1119 1260 
1447 1691 1608 1455 1733 1857 1456 1519 2036 1189 1404 1338 1859 1336 1509 1498 1110 1601 1837 1344 1496 1679 1290 1545 1828 1653 1719 1639 1612 1421 1686 1865 1237 1402 1518 1828 1724 1490 1202    0 1574 1876 1907 1925 1197 1653 1709 1450 1153 1399 1794 1507 1554 1108 1613 1259 1192 1419 1415 1385 1352 1186 1148 1640 1545 1611 1609 1545 2046 1031 1777 1487 1554 1688 1667 1419 1560 1486 1692 1428 1752 1173 1397 1492 1602 1394 1145 1572 1739 1668 
1413 1646 1390 1455 1734 1622 1598 1596 1773 1417 1574 1210 1631 1126 1351 1642 1138 1439 1850 1285 1351 1666 1351 1382 1945 1508 1402 1728 1429 1293 1797 1872 1320 1667 1544 1835 1630 1590 1203 1574    0 1761 1696 1872 1306 1564 1774 1549 1153 1351 1874 1611 1576 1373 1772 1258 1175 1383 1291 1498 1492 1178 1066 1746 1411 1460 1564 1457 1579 1369 1699 1344 1863 1604 1549 1083 1527 1540 1977 1536 1375 1097 1291 1431 1846 1331 1075 1555 1929 1618 
1520 1528 1455 1639 1474 1747 1537 1619 1765 1250 1581 1292 1787 1260 1531 1503 1178 1597 1963 1404 1478 1528 1213 1439 1773 1578 1567 1815 1487 1292 1693 1825 1229 1482 1603 1821 1707 1601 1137 1876 1761    0 1710 1644 1031 1523 1588 1403 1287 1257 1534 1389 1589 1232 1970 1458 1263 1402 1213 1432 1449 1259 1331 1426 1462 1602 1591 1428 1963 1289 1726 1685 1713 1790 1537 1344 1588 1415 1807 1547 1401 1358 1211 1527 1668 1155 1308 1300 1785 1618 
1405 1783 1649 1475 1475 1743 1588 1345 1869 1344 1543 1290 1617 1316 1502 1431 1387 1411 1788 1219 1549 1408 1280 1688 1643 1492 1556 1858 1418 1382 1789 1565 1439 1399 1366 1827 1719 1280 1396 1907 1696 1710    0 1699 1403 1351 2014 1491 1276 1122 1852 1590 1357 1107 1826 1145 1312 1437 1257 1483 1598 1383 1198 1624 1774 1433 1375 1527 1873 1274 1895 1477 1803 1683 1547 1171 1396 1639 1704 1482 1552 1158 1345 1429 1896 1275 1391 1465 1443 1828 
1499 1673 1536 1551 1481 1562 1631 1556 1866 1228 1638 1268 1785 1469 1474 1573 1271 1506 1684 1293 1430 1607 1312 1565 1777 1701 1479 1836 1475 1321 1946 1963 1280 1614 1577 1819 1810 1544 1155 1925 1872 1644 1699    0 1280 1465 1697 1610 1046 1198 1936 1476 1374 1322 1785 1342 1340 1493 1179 1585 1512 1387 1266 1393 1423 1483 1455 1549 1927 1185 1747 1620 1724 1705 1442 1218 1660 1410 1751 1351 1282 1126 1192 1497 1572 1326 1093 1387 1748 1774 
1043 1156 1090  988 1077 1190  851 1089 1432  584 1077  847 1325  878  941 1124  741  879 1162  643  913  873  595 1115 1134  934 1011 1219  915  817 1313 1171  661  881  994 1335 1140  922  753 1197 1306 1031 1403 1280    0  964 1067  926  852  749 1248  949  834  604 1141  846  603  872  735  887 1017  718  725 1086  843  972 1111  896 1406  804 1221  970 1270 1248 1092  608  846  893 1332 1173 1060  685  800  849 1007  619  682 1036 1286 1197 
1315 1562 1202 1199 1291 1555 1260 1284 1597  961 1125  982 1492 1071 1412 1382 1118 1356 1526 1005 1238 1232 1051 1178 1350 1195 1387 1557 1185 1003 1511 1440  956 1193 1269 1445 1626 1180 1068 1653 1564 1523 1351 1465  964    0 1371 1349 1052  926 1480 1183 1283 1027 1356  950 1033 1088  901 1316 1135 1101 1061 1168 1395 1179 1251 1344 1537 1061 1598 1211 1482 1681 1283 1007 1327 1245 1500 1367 1367 1100  850 1335 1535  923 1038 1213 1637 1481 
1530 1843 1539 1520 1524 1505 1469 1610 1658 1132 1650 1182 1837 1440 1532 1692 1240 1462 1980 1297 1412 1285 1214 1735 1737 1377 1358 1623 1345 1222 1772 1835 1262 1629 1491 1825 1636 1600 1201 1709 1774 1588 2014 1697 1067 1371    0 1500 1212 1070 1845 1665 1664 1203 1615 1121 1407 1354 1015 1642 1564 1213 1153 1598 1409 1461 1698 1543 1897 1086 1756 1472 1817 1569 1330 1303 1585 1507 1835 1509 1528 1177 1347 1456 1563 1227 1365 1463 1891 1919 
1336 1346 1068 1170 1089 1507 1211 1162 1500  954 1192  946 1655  860 1101 1183  969 1209 1444  947 1246 1138  910 1272 1665 1160 1342 1612 1220  960 1491 1395  936 1224 1174 1707 1743 1297 1045 1450 1549 1403 1491 1610  926 1349 1500    0  961  952 1546 1189 1360  874 1547  949  840 1393 1109 1262 1394  882  819 1324 1264 1247 1348 1363 1328 1080 1544 1373 1554 1602 1385  997 1198 1455 1477 1119 1341 1023  825 1323 1571  868  855 1214 1520 1437 
 907 1315 1109  956  977 1366 1132 1106 1275  832  889  729 1243  670 1141 1032  740 1076 1367  630  929  869  786  987 1329  868  914 1238  966  577 1368 1185  810  967 1069 1325 1194 1023  770 1153 1153 1287 1276 1046  852 1052 1212  961    0  831 1159  829 1037  806 1259  732  621 1104  745  877  899  815  579  977 1080  973  998 1026 1150  709 1016 1033 1214 1244 1009  672  913  938 1207  915 1067  875  874  954 1301  678  766  950 1292 1299 
1108 1087 1100  915  942 1276 1079 1005 1039  607 1056  626 1234  659 1114  931  831  868 1195  689  981 1013  702  918 1129 1075  957 1161 1007  692 1210 1242  705  858  938 1224 1073 1010  741 1399 1351 1257 1122 1198  749  926 1070  952  831    0 1315  930 1084  734 1180  643  689  986  772 1040 1132  822  633 1041  971  939 1015 1018 1134  684 1026 1036 1410 1099 1054  606 1106  910 1226 1079  829  719  743 1115 1231  706  813  919 1243 1322 
1469 1651 1322 1577 1593 1874 1512 1515 1713 1121 1596 1326 1640 1139 1591 1537 1147 1683 1521 1261 1561 1487 1134 1486 1746 1605 1509 1773 1528 1173 1756 1483 1219 1434 1556 1758 1655 1594 1270 1794 1874 1534 1852 1936 1248 1480 1845 1546 1159 1315    0 1569 1650 1281 1658 1236 1035 1532 1172 1641 1474 1343 1301 1404 1730 1612 1775 1415 1942 1352 1589 1624 1761 1759 1639 1253 1577 1463 1829 1623 1620 1080 1297 1601 1947 1447 1188 1609 1535 1977 
1089 1475 1251 1399 1223 1564 1277 1354 1353  845 1128 1093 1538 1030 1351 1319  890 1166 1555  930 1299 1215  965 1153 1466 1063 1256 1695 1426  987 1399 1494  988 1173 1236 1474 1438 1344 1135 1507 1611 1389 1590 1476  949 1183 1665 1189  829  930 1569    0 1261 1017 1623 1045  980 1272 1146 1367 1209  953  894 1357 1157 1307 1154 1234 1578  994 1360 1333 1504 1569 1325  892 1257 1225 1513 1398 1396 1046  877 1120 1660 1050  832 1399 1542 1405 
1252 1330 1206 1203 1428 1538 1320 1182 1770  841 1205 1021 1598  910 1368 1410  868 1317 1577 1135 1305 1152  890 1398 1655 1178 1276 1475 1174  894 1576 1486 1057 1360 1318 1404 1398 1266 1105 1554 1576 1589 1357 1374  834 1283 1664 1360 1037 1084 1650 1261    0  997 1545  892 1018 1167  973 1338 1368 1080 1015 1164 1282 1200 1172 1237 1609 1010 1439 1180 1501 1590 1406  888 1349 1304 1525 1494 1172 1101  922 1348 1513  890  866 1288 1530 1617 
1088 1273 1041  886  948 1383 1139  906 1300  785  968  667 1400  642 1011 1104  604  838 1459  727  877 1115  798  950 1141 1020  957 1128  961  589 1433 1242  819  885 1014 1210 1270  963  793 1108 1373 1232 1107 1322  604 1027 1203  874  806  734 1281 1017  997    0 1166  780  627  934  749 1137 1040  739  781  994  964 1020  800 1039 1204  787 1216  973 1094 1249 1054  804  915  940 1213  934 1101  585  617 1068 1370  667  748 1026 1053 1194 
1627 1922 1671 1543 1423 2055 1669 1438 1866 1307 1657 1303 1734 1340 1406 1505 1264 1471 1878 1372 1482 1608 1282 1500 1716 1683 1639 1883 1666 1370 1853 1840 1372 1684 1654 1625 1736 1415 1296 1613 1772 1970 1826 1785 1141 1356 1615 1547 1259 1180 1658 1623 1545 1166    0 1191 1069 1550 1439 1675 1504 1346 1222 1663 1492 1472 1436 1616 1627 1308 1756 1608 1803 1808 1334 1052 1441 1647 1630 1343 1499 1225 1387 1561 1838 1273 1380 1636 1711 1918 
 883 1263 1037 1075  943 1117 1080  985 1238  887 1011  774 1241  601  975 1091  801 1005 1242  684 1058 1135  774  935 1175  896  950 1128 1115  618 1259 1119  847 1075 1001 1226 1242 1025  736 1259 1258 1458 1145 1342  846  950 1121  949  732  643 1236 1045  892  780 1191    0  697  873  813 1077 1028  629  813  963 1088 1026  892  929 1234  685 1168  858 1283 1198 1121  819  900  819 1057  826 1105  678  752 1000 1194  770  694 1044 1278 1172 
1004 1449 1033  917  895 1256 1031 1072 1302  854  972  601 1055  801  929  998  832  857 1043  722 1015  877  892 1080 1159 1019 1084 1345 1042  848 1308 1228  834  978  893 1109 1149  860  810 1192 1175 1263 1312 1340  603 1033 1407  840  621  689 1035  980 1018  627 1069  697    0 1006  657 1098 1010  587  584  983  989 1036  933 1141 1143  748 1057  921 1107 1112 1027  582 1044  840 1217  948 1109  749  705  963 1168  647  584  915 1246 1394 
1431 1433 1159 1342 1337 1529 1298 1302 1581 1019 1408 1170 1500 1084 1349 1336 1083 1249 1496 1131 1361 1275  987 1184 1393 1205 1280 1670 1351  979 1376 1398  928 1250 1138 1464 1517 1220 1083 1419 1383 1402 1437 1493  872 1088 1354 1393 1104  986 1532 1272 1167  934 1550  873 1006    0  887 1165 1130  992  946 1179 1256 1175 1305 1107 1620 1012 1684 1441 1554 1524 1210  951 1362 1336 1450 1410 1303 1016 1077 1195 1442  782 1140 1345 1471 1685 
 921 1251  963 1123  972 1148 1015  993 1380  730  957  628 1237  745 1054  921  694  933 1271  609  955 1056  857 1038 1351  845 1063 1344  828  544 1410 1205  621 1049  846 1176 1282 1014  808 1415 1291 1213 1257 1179  735  901 1015 1109  745  772 1172 1146  973  749 1439  813  657  887    0 1163 1079  630  691  963  997 1020 1007 1003 1350  718 1222 1008 1199 1253 1059  627 1025  935 1141  876  969  576  846 1008 1278  699  614 1008  997 1105 
1385 1465 1370 1217 1375 1550 1227 1179 1619 1062 1325 1036 1647 1090 1286 1253 1089 1145 1520 1092 1349 1103  955 1233 1488 1212 1366 1339 1198 1128 1651 1591  885 1223 1318 1393 1581 1357 1105 1385 1498 1432 1483 1585  887 1316 1642 1262  877 1040 1641 1367 1338 1137 1675 1077 1098 1165 1163    0 1224 1103  913 1247 1331 1331 1413 1386 1581 1119 1545 1362 1511 1593 1222 1112 1413 1137 1386 1392 1191  964  910 1277 1356  922  986 1231 1542 1337 
1214 1392 1155 1445 1244 1623 1196 1360 1614 1100 1156 1106 1711  944 1334 1132  908 1251 1669  875 1387 1098 1088 1406 1575 1379 1286 1565 1366 1092 1659 1601 1050 1338 1371 1391 1330 1406 1021 1352 1492 1449 1598 1512 1017 1135 1564 1394  899 1132 1474 1209 1368 1040 1504 1028 1010 1130 1079 1224    0  984  941 1211 1240 1280 1425 1404 1668  903 1428 1265 1526 1406 1345  995 1260 1257 1473 1383 1316 1120  953 1299 1752 1066  963 1129 1559 1456 
 948 1112 1139 1040  879 1353 1100 1036 1229  656  872  860 1178  593 1026  850  763  953 1406  614 1083  840  825  908 1070 1022  956 1199 1144  636 1219 1228  784  907 1102 1233 1025  832  664 1186 1178 1259 1383 1387  718 1101 1213  882  815  822 1343  953 1080  739 1346  629  587  992  630 1103  984    0  638 1030 1045 1041  940 1040 1176  687 1091  990 1208 1264 1097  795 1148 1102 1049  912 1077  841  800  963 1298  604  767  918 1092 1186 
1028 1163  899  955  978 1231 1008 1063 1145  665 1021  669 1376  676  874 1001  610 1059 1273  650  889 1027  837 1052 1158  899  903 1118 1058  781 1323 1305  649 1135 1074 1165 1203 1103  803 1148 1066 1331 1198 1266  725 1061 1153  819  579  633 1301  894 1015  781 1222  813  584  946  691  913  941  638    0 1108  928 1067  886  986 1346  815 1175  835 1205 1366  877  810 1076  913 1094  901  924  724  860  974 1265  834  690  916 1188 1102 
1345 1442 1196 1139 1157 1636 1444 1389 1550  935 1377 1049 1758 1090 1388 1358  979 1389 1608 1052 1164 1151 1052 1315 1570 1337 1444 1475 1195  977 1580 1641 1007 1309 1236 1495 1693 1231 1042 1640 1746 1426 1624 1393 1086 1168 1598 1324  977 1041 1404 1357 1164  994 1663  963  983 1179  963 1247 1211 1030 1108    0 1379 1329 1426 1231 1449 1118 1650 1217 1741 1434 1106 1013 1405 1219 1429 1386 1330 1121 1081 1390 1394 1007 1119 1331 1631 1404 
1263 1598 1449 1375 1152 1486 1262 1353 1599  925 1239 1054 1462  935 1321 1105  948 1351 1570  961 1220 1252 1045 1458 1611 1249 1357 1690 1229 1006 1441 1363 1025 1286 1438 1491 1371 1231  908 1545 1411 1462 1774 1423  843 1395 1409 1264 1080  971 1730 1157 1282  964 1492 1088  989 1256  997 1331 1240 1045  928 1379    0 1142 1246 1376 1578 1034 1466 1381 1379 1577 1228  971 1196 1313 1503 1219 1368  888  974 1287 1484 1002 1061 1180 1480 1515 
1284 1519 1255 1395 1163 1352 1264 1203 1461  946 1246  977 1344  946 1369 1337  912 1085 1718  976 1386 1233  941 1326 1597 1156 1122 1492 1338  847 1509 1471  951 1479 1261 1597 1571 1224 1132 1611 1460 1602 1433 1483  972 1179 1461 1247  973  939 1612 1307 1200 1020 1472 1026 1036 1175 1020 1331 1280 1041 1067 1329 1142    0 1353 1323 1557 1134 1698 1338 1524 1462 1287  929 1219 1158 1554 1136 1084  989  986 1238 1380 1018  989 1251 1283 1272 
1193 1524 1285 1337 1268 1528 1208 1115 1402 1049 1289 1015 1356 1114 1270 1239  915 1205 1520 1081 1429 1301  989 1312 1570 1315 1312 1473 1172  967 1545 1433 1143 1169 1182 1351 1480 1324  940 1609 1564 1591 1375 1455 1111 1251 1698 1348  998 1015 1775 1154 1172  800 1436  892  933 1305 1007 1413 1425  940  886 1426 1246 1353    0 1244 1526  926 1457 1335 1704 1620 1327  997 1316 1168 1473 1366 1287  872  997 1189 1460  879  866 1413 1507 1625 
1177 1428 1314 1177 1408 1452 1283 1243 1577 1105 1212  843 1436  910 1253 1384  932 1175 1742  909 1231 1140 1015 1395 1695 1154 1230 1292 1288  829 1394 1508  952 1147 1178 1561 1575 1442  940 1545 1457 1428 1527 1549  896 1344 1543 1363 1026 1018 1415 1234 1237 1039 1616  929 1141 1107 1003 1386 1404 1040  986 1231 1376 1323 1244    0 1627 1031 1457 1312 1285 1727 1397  884 1372 1402 1480 1387 1393  842 1065 1279 1435  991  960 1197 1559 1561 
1543 1894 1470 1502 1567 1708 1567 1346 1966 1288 1446 1243 1870 1134 1560 1328 1409 1717 1597 1113 1560 1663 1330 1380 1622 1574 1531 1882 1509 1227 1803 1599 1096 1749 1376 1692 1702 1499 1199 2046 1579 1963 1873 1927 1406 1537 1897 1328 1150 1134 1942 1578 1609 1204 1627 1234 1143 1620 1350 1581 1668 1176 1346 1449 1578 1557 1526 1627    0 1142 1809 1354 1888 1989 1435 1080 1725 1546 1693 1576 1587 1283 1312 1698 1723 1306 1264 1465 1721 1835 
1028 1193 1027 1127  859 1317 1104  850 1170  693 1119  622 1360  741  910  865  607  868 1297  607  938  930  693 1044 1350 1123  876 1110  922  617 1336 1106  823 1016  919 1165 1091  861  569 1031 1369 1289 1274 1185  804 1061 1086 1080  709  684 1352  994 1010  787 1308  685  748 1012  718 1119  903  687  815 1118 1034 1134  926 1031 1142    0 1268 1078 1424 1211  830  749  868  859 1281 1059  860  665  846 1018 1251  674  754  890 1065 1084 
1465 1595 1682 1700 1483 1961 1440 1398 1825 1254 1552 1070 1842 1186 1708 1371 1280 1471 1941 1307 1680 1496 1274 1575 2027 1714 1532 1818 1584 1418 1885 1863 1321 1548 1397 1784 1766 1597 1169 1777 1699 1726 1895 1747 1221 1598 1756 1544 1016 1026 1589 1360 1439 1216 1756 1168 1057 1684 1222 1545 1428 1091 1175 1650 1466 1698 1457 1457 1809 1268    0 1753 1660 1837 1657 1123 1542 1569 1723 1640 1520 1270 1276 1733 1937 1298 1153 1432 1751 1682 
1333 1304 1374 1204 1208 1615 1192 1307 1582  936 1286  998 1283  935 1303 1329 1063 1205 1320 1043 1393 1281 1067 1303 1601 1221 1399 1430 1275  905 1587 1354 1060 1484 1215 1418 1577 1247  853 1487 1344 1685 1477 1620  970 1211 1472 1373 1033 1036 1624 1333 1180  973 1608  858  921 1441 1008 1362 1265  990  835 1217 1381 1338 1335 1312 1354 1078 1753    0 1665 1584 1228 1144 1490 1423 1319 1257 1243 1078  803 1158 1396  974  917 1172 1631 1375 
1512 1754 1482 1649 1545 1990 1494 1397 1874 1106 1370 1167 1907 1133 1555 1522 1105 1549 1635 1347 1403 1554 1145 1326 1829 1529 1463 1544 1471 1200 1617 1619 1272 1377 1559 1728 1641 1531 1338 1554 1863 1713 1803 1724 1270 1482 1817 1554 1214 1410 1761 1504 1501 1094 1803 1283 1107 1554 1199 1511 1526 1208 1205 1741 1379 1524 1704 1285 1888 1424 1660 1665    0 1578 1545 1176 1615 1618 1702 1522 1346 1263 1065 1393 1840 1179 1181 1618 1744 1714 
1550 1767 1520 1590 1636 1645 1610 1347 1750 1288 1545 1150 1646 1203 1683 1696 1295 1274 1673 1196 1464 1565 1239 1360 1847 1725 1580 1799 1574 1123 1774 1658 1436 1474 1373 1825 1717 1630 1199 1688 1604 1790 1683 1705 1248 1681 1569 1602 1244 1099 1759 1569 1590 1249 1808 1198 1112 1524 1253 1593 1406 1264 1366 1434 1577 1462 1620 1727 1989 1211 1837 1584 1578    0 1559 1383 1548 1431 1634 1403 1632 1362 1199 1415 1810 1199 1194 1585 1944 1615 
1311 1496 1355 1197 1433 1464 1251 1170 1533 1013 1187  945 1629 1161 1093 1247  951 1106 1417  793 1201 1389 1040 1326 1673 1207 1368 1422 1362 1077 1490 1380 1142 1359 1255 1344 1493 1229 1140 1667 1549 1537 1547 1442 1092 1283 1330 1385 1009 1054 1639 1325 1406 1054 1334 1121 1027 1210 1059 1222 1345 1097  877 1106 1228 1287 1327 1397 1435  830 1657 1228 1545 1559    0  998 1362 1124 1637 1330 1407 1155  903 1198 1635  925 1009 1169 1444 1507 
1019 1183  920 1071 1004 1336  908 1106 1235  867  973  814 1253  625 1067 1022  677 1192 1200  789 1041 1007  691  947 1381  975  847 1257 1050  791 1210 1347  824  849  950 1162 1183  984  799 1419 1083 1344 1171 1218  608 1007 1303  997  672  606 1253  892  888  804 1052  819  582  951  627 1112  995  795  810 1013  971  929  997  884 1080  749 1123 1144 1176 1383  998    0 1028  994 1338 1059  881  703  841  984 1255  845  788  979 1086 1474 
1318 1516 1456 1203 1365 1684 1363 1398 1677  893 1386  973 1432  992 1370 1215  866 1179 1294  898 1189 1279 1137 1379 1530 1328 1349 1580 1161  841 1302 1453 1066 1399 1104 1466 1683 1228  968 1560 1527 1588 1396 1660  846 1327 1585 1198  913 1106 1577 1257 1349  915 1441  900 1044 1362 1025 1413 1260 1148 1076 1405 1196 1219 1316 1372 1725  868 1542 1490 1615 1548 1362 1028    0 1215 1469 1206 1188  933  993 1419 1596 1111  959 1241 1490 1464 
1424 1399 1262 1228 1387 1589 1312 1212 1458 1089 1295  847 1533  965 1297 1368  929 1374 1299 1011 1371 1441 1002 1217 1442 1275 1257 1473 1226 1142 1583 1319 1063 1201 1220 1329 1435 1207  903 1486 1540 1415 1639 1410  893 1245 1507 1455  938  910 1463 1225 1304  940 1647  819  840 1336  935 1137 1257 1102  913 1219 1313 1158 1168 1402 1546  859 1569 1423 1618 1431 1124  994 1215    0 1536 1089 1188  989 1085 1165 1573 1154  852 1340 1526 1501 
1424 1608 1541 1438 1441 1816 1447 1527 1748 1257 1524 1368 1883 1231 1375 1549 1076 1562 1669 1286 1645 1470 1094 1550 1777 1449 1440 1957 1686 1332 1770 1756 1294 1504 1544 1836 1854 1391 1195 1692 1977 1807 1704 1751 1332 1500 1835 1477 1207 1226 1829 1513 1525 1213 1630 1057 1217 1450 1141 1386 1473 1049 1094 1429 1503 1554 1473 1480 1693 1281 1723 1319 1702 1634 1637 1338 1469 1536    0 1431 1458 1174 1113 1619 1714 1179 1339 1658 1875 1710 
1297 1601 1447 1273 1344 1442 1255 1177 1447 1096 1432  901 1464  919 1190 1204  911 1335 1497 1011 1227 1338  969 1221 1460 1329 1184 1624 1363 1086 1592 1624 1001 1230 1317 1554 1530 1373 1111 1428 1536 1547 1482 1351 1173 1367 1509 1119  915 1079 1623 1398 1494  934 1343  826  948 1410  876 1392 1383  912  901 1386 1219 1136 1366 1387 1576 1059 1640 1257 1522 1403 1330 1059 1206 1089 1431    0 1268 1027  936 1163 1568 1027  880 1233 1538 1423 
1122 1322 1194 1215 1170 1540 1401 1134 1507 1082 1215 1008 1508  879 1203 1305 1080 1185 1650  949 1250 1339  974 1148 1525 1191 1397 1532 1275  923 1496 1507 1080 1375 1253 1639 1582 1407  962 1752 1375 1401 1552 1282 1060 1367 1528 1341 1067  829 1620 1396 1172 1101 1499 1105 1109 1303  969 1191 1316 1077  924 1330 1368 1084 1287 1393 1587  860 1520 1243 1346 1632 1407  881 1188 1188 1458 1268    0  901 1016 1131 1630 1032 1098 1260 1585 1485 
 963 1036  896  965  968 1361  930 1087 1363  747 1072  666 1111  803  971  966  781 1109 1285  692  999  822  760  958 1440  981  887 1137 1109  803 1287 1280  711  901 1055 1214 1238  865  638 1173 1097 1358 1158 1126  685 1100 1177 1023  875  719 1080 1046 1101  585 1225  678  749 1016  576  964 1120  841  724 1121  888  989  872  842 1283  665 1270 1078 1263 1362 1155  703  933  989 1174 1027  901    0  791 1104 1198  793  822 1057 1155 1291 
 950 1348  933 1005 1076 1297  945  998 1077  649  971  816 1379  821 1026 1053  650 1071 1080  786 1004 1011  721 1100 1405 1100 1075 1183  912  801 1096 1394  834 1004  910 1366 1287 1040  783 1397 1291 1211 1345 1192  800  850 1347  825  874  743 1297  877  922  617 1387  752  705 1077  846  910  953  800  860 1081  974  986  997 1065 1312  846 1276  803 1065 1199  903  841  993 1085 1113  936 1016  791    0  973 1414  692  768  934 1197 1100 
1386 1610 1407 1151 1199 1346 1254 1168 1398  958 1285  858 1543  939 1309 1199 1128 1238 1534 1070 1382 1442  963 1220 1524 1101 1271 1337 1334 1133 1500 1431  924 1292 1279 1495 1649 1467  990 1492 1431 1527 1429 1497  849 1335 1456 1323  954 1115 1601 1120 1348 1068 1561 1000  963 1195 1008 1277 1299  963  974 1390 1287 1238 1189 1279 1698 1018 1733 1158 1393 1415 1198  984 1419 1165 1619 1163 1131 1104  973    0 1581  905 1130 1155 1487 1467 
1606 1970 1478 1462 1660 1828 1589 1563 1823 1151 1476 1425 1959 1231 1489 1435 1124 1444 1846 1255 1530 1414 1379 1626 1771 1727 1548 1737 1387 1392 1769 1643 1384 1684 1691 1839 1655 1512 1294 1602 1846 1668 1896 1572 1007 1535 1563 1571 1301 1231 1947 1660 1513 1370 1838 1194 1168 1442 1278 1356 1752 1298 1265 1394 1484 1380 1460 1435 1723 1251 1937 1396 1840 1810 1635 1255 1596 1573 1714 1568 1630 1198 1414 1581    0 1110 1308 1487 1651 1918 
1074 1404 1042 1134 1145 1128  895 1049 1272  641 1152  806 1228  840  983 1124  770 1042 1337  734  982 1170  841 1037 1431  997  924 1145  966  691 1390 1421  707  969  955 1413 1229  879  603 1394 1331 1155 1275 1326  619  923 1227  868  678  706 1447 1050  890  667 1273  770  647  782  699  922 1066  604  834 1007 1002 1018  879  991 1306  674 1298  974 1179 1199  925  845 1111 1154 1179 1027 1032  793  692  905 1110    0  757 1054 1266 1238 
1104 1181  946 1087 1167 1252 1090 1023 1279  844  921  658 1203  704 1145  926  607  967 1106  665  880 1131  651  862 1253  946  960 1425  886  677 1139 1106  818  813  932 1320 1292 1016  708 1145 1075 1308 1391 1093  682 1038 1365  855  766  813 1188  832  866  748 1380  694  584 1140  614  986  963  767  690 1119 1061  989  866  960 1264  754 1153  917 1181 1194 1009  788  959  852 1339  880 1098  822  768 1130 1308  757    0  931 1368 1335 
1165 1473 1325 1145 1225 1567 1405 1298 1537 1090 1403 1039 1467  922 1169 1371 1040 1456 1379  866 1219 1450  974 1344 1570 1181 1292 1441 1152 1061 1553 1532 1043 1285 1313 1481 1503 1239  877 1572 1555 1300 1465 1387 1036 1213 1463 1214  950  919 1609 1399 1288 1026 1636 1044  915 1345 1008 1231 1129  918  916 1331 1180 1251 1413 1197 1465  890 1432 1172 1618 1585 1169  979 1241 1340 1658 1233 1260 1057  934 1155 1487 1054  931    0 1424 1294 
