10 4 24 186

   0  770  916  788  847  903  727  854  902  901 
 770    0  691  820  685  682  808  795  899  839 
 916  691    0  910  927  705  697  699  831  869 
 788  820  910    0  817  681  947  692  849  855 
 847  685  927  817    0  846  786  918  684  690 
 903  682  705  681  846    0  811  776  809  863 
 727  808  697  947  786  811    0  686  820  750 
 854  795  699  692  918  776  686    0  886  788 
 902  899  831  849  684  809  820  886    0  850 
 901  839  869  855  690  863  750  788  850    0 

   0  618  854  712  982  622 1034  825  840 1079 
 618    0  745 1147 1180 1047  756 1071  792 1163 
 854  745    0  809  810 1056  954  676  608 1070 
 712 1147  809    0  979  988  835 1183 1034  916 
 982 1180  810  979    0  815  790 1100  713  783 
 622 1047 1056  988  815    0 1011 1192 1024  916 
1034  756  954  835  790 1011    0  860  750 1150 
 825 1071  676 1183 1100 1192  860    0 1154  957 
 840  792  608 1034  713 1024  750 1154    0 1165 
1079 1163 1070  916  783  916 1150  957 1165    0 

0 454 734
1 335 822
2 309 1082
3 533 818
4 684 906
5 368 965
6 450 999
7 462 800
8 592 1001
9 466 1063

0 5 6707 8150 2709 
0 2 317 2229 2748 
0 6 6444 9122 1454 
0 5 6662 8615 1806 
0 7 4874 7489 1708 
0 2 3130 6323 2748 
0 9 1555 4608 2703 
0 3 3706 5336 3152 
0 9 7554 11729 2703 
1 6 1013 2978 1616 
1 5 1853 4522 2728 
1 5 1890 5051 1364 
1 8 3795 5608 3596 
1 4 374 2946 2055 
1 7 6041 9821 1590 
1 4 466 4548 2740 
1 9 4806 7666 1678 
1 0 7275 9431 3080 
1 2 7126 9383 2764 
1 7 7675 10448 2385 
1 0 3158 5302 2310 
1 0 6039 8337 2310 
1 3 5850 8992 3280 
1 9 3247 6910 2517 
2 8 6280 7976 2493 
2 1 2855 5715 1382 
2 7 6970 9586 1398 
2 8 1069 2935 3324 
2 0 4302 6146 2748 
2 7 6330 8506 2796 
2 1 3160 5275 2764 
2 5 4239 6361 2115 
2 8 6558 8929 3324 
2 6 2253 5973 2091 
2 9 7244 9919 2607 
2 0 5985 9178 1832 
2 7 3070 5422 2796 
2 5 6516 9367 2115 
2 3 4395 6919 1820 
2 8 4080 5715 2493 
2 6 7452 9970 2091 
2 3 3100 5292 2730 
2 8 3470 5719 1662 
2 3 6503 9585 3640 
2 1 226 1768 1382 
2 3 6374 9529 2730 
3 6 4457 6277 3788 
3 0 5677 8233 2364 
3 9 5715 8188 1710 
3 1 5099 8161 1640 
3 5 6137 8616 1362 
3 8 6988 10245 1698 
3 6 1542 3771 3788 
3 7 1293 4262 2768 
3 8 2896 5057 2547 
3 7 5741 8864 2076 
3 0 7237 8945 1576 
3 4 4885 7753 2451 
3 1 765 4458 3280 
3 1 6957 9698 1640 
3 8 1163 4978 3396 
3 1 4168 6943 2460 
4 5 6910 9542 2538 
4 6 6366 8333 3144 
4 7 4542 8898 3672 
4 3 3615 6131 1634 
4 3 2883 6397 1634 
4 0 7205 10632 1694 
4 2 6808 8849 3708 
4 2 5666 8452 2781 
4 6 6713 9083 3144 
4 9 1273 3324 1380 
4 6 24 2220 1572 
4 7 929 4449 2754 
4 0 3372 5434 3388 
4 2 2237 3881 1854 
4 5 3666 5589 1692 
4 3 7882 10975 1634 
4 1 2011 4878 1370 
4 0 4035 6293 3388 
4 0 7085 9235 1694 
4 0 4327 7911 1694 
4 5 4466 6862 3384 
4 0 6022 9557 2541 
5 2 544 3310 2820 
5 8 4875 8008 2427 
5 6 6055 8501 3244 
5 2 7462 10344 2115 
5 0 100 2270 3612 
5 9 2035 5149 3452 
5 7 7222 9844 3104 
5 9 1847 4869 2589 
5 4 6886 9730 2538 
5 3 1669 4297 2043 
5 4 4022 7102 2538 
5 0 5831 7473 2709 
5 4 3012 4764 3384 
5 0 756 3206 1806 
5 2 7487 10750 2115 
5 1 977 4955 2728 
5 4 3902 5858 3384 
5 4 5056 7647 2538 
6 4 5705 7956 3144 
6 2 1776 3741 2788 
6 5 4819 6972 2433 
6 8 1683 3558 3280 
6 1 1310 3963 3232 
6 1 3531 5821 2424 
6 4 5058 6954 2358 
6 9 2046 5415 2250 
6 7 7633 10823 2744 
6 5 7317 9581 2433 
6 7 5909 9030 2058 
6 7 135 3489 2058 
6 4 915 3956 2358 
6 9 7542 11785 1500 
6 1 6110 7697 3232 
6 4 5587 7364 1572 
6 8 355 2432 2460 
6 4 7563 9956 3144 
6 3 6855 9460 1894 
6 0 4999 9072 2181 
6 3 1672 4026 1894 
6 2 7247 10337 1394 
6 5 6728 9063 3244 
6 9 5655 10128 3000 
7 9 4054 6350 1576 
7 0 6553 8764 1708 
7 2 2053 4148 2796 
7 8 4437 7922 3544 
7 3 3984 6811 1384 
7 1 7311 11327 1590 
7 9 4739 6739 1576 
7 2 4229 6426 2097 
7 3 3118 6489 2768 
7 1 7011 10920 1590 
7 2 4009 5712 2796 
7 3 7365 11505 2076 
7 1 2009 4536 1590 
7 2 4693 6355 2097 
7 3 3883 8520 2768 
7 5 1683 5354 1552 
8 7 665 3861 3544 
8 7 4782 8786 2658 
8 4 1113 3608 1368 
8 2 5038 6776 3324 
8 3 2928 5109 2547 
8 2 577 2571 1662 
8 2 4244 6055 1662 
8 9 7273 11012 2550 
8 1 6029 8587 3596 
8 0 1728 5062 2706 
8 9 6888 9625 3400 
8 9 6731 10260 2550 
8 7 4857 7972 1772 
8 5 4734 6782 2427 
8 4 272 2154 2736 
8 6 4919 7259 3280 
8 6 3517 6382 3280 
8 1 7511 9657 1798 
8 1 3127 4845 3596 
8 3 6292 9828 3396 
8 4 6587 8590 2052 
8 2 3425 5249 3324 
8 6 4352 6452 3280 
8 3 4587 8433 2547 
9 2 958 4007 1738 
9 7 3667 5973 1576 
9 1 3606 7257 2517 
9 0 3182 5782 1802 
9 5 4529 6626 3452 
9 4 433 2570 2070 
9 2 673 4311 2607 
9 0 4107 6739 2703 
9 6 956 5073 2250 
9 4 5897 7580 2760 
9 8 3824 7819 2550 
9 5 5687 8370 2589 
9 2 97 2322 3476 
9 6 1082 3462 3000 
9 8 4008 8236 3400 
9 1 4354 6889 2517 
9 0 3079 5312 1802 
9 6 2306 6262 1500 
9 8 7453 11635 3400 
9 7 7004 9262 2364 

0 1 0 3916
0 1 1 3916
0 1 2 3916
0 1 3 0
0 1 4 0
0 2 0 0
0 2 1 0
0 2 2 0
0 2 3 0
0 2 4 0
0 3 0 3038
0 3 1 3038
0 3 2 3038
0 3 3 0
0 3 4 0
0 4 0 3761
0 4 1 3761
0 4 2 3761
0 4 3 0
0 4 4 0
0 5 0 0
0 5 1 0
0 5 2 0
0 5 3 0
0 5 4 0
0 6 0 0
0 6 1 0
0 6 2 0
0 6 3 0
0 6 4 0
0 7 0 0
0 7 1 0
0 7 2 0
0 7 3 0
0 7 4 0
0 8 0 0
0 8 1 0
0 8 2 0
0 8 3 0
0 8 4 0
0 9 0 0
0 9 1 0
0 9 2 0
0 9 3 0
0 9 4 0
1 0 0 3916
1 0 1 3916
1 0 2 3916
1 0 3 0
1 0 4 0
1 2 0 3916
1 2 1 3916
1 2 2 3916
1 2 3 0
1 2 4 0
1 3 0 3659
1 3 1 3659
1 3 2 3659
1 3 3 0
1 3 4 0
1 4 0 0
1 4 1 0
1 4 2 0
1 4 3 0
1 4 4 0
1 5 0 3789
1 5 1 3789
1 5 2 3789
1 5 3 0
1 5 4 0
1 6 0 0
1 6 1 0
1 6 2 0
1 6 3 0
1 6 4 0
1 7 0 0
1 7 1 0
1 7 2 0
1 7 3 0
1 7 4 0
1 8 0 0
1 8 1 0
1 8 2 0
1 8 3 0
1 8 4 0
1 9 0 3933
1 9 1 3933
1 9 2 0
1 9 3 0
1 9 4 0
2 0 0 0
2 0 1 0
2 0 2 0
2 0 3 0
2 0 4 0
2 1 0 3916
2 1 1 3916
2 1 2 3916
2 1 3 0
2 1 4 0
2 3 0 0
2 3 1 0
2 3 2 0
2 3 3 0
2 3 4 0
2 4 0 0
2 4 1 0
2 4 2 0
2 4 3 0
2 4 4 0
2 5 0 0
2 5 1 0
2 5 2 0
2 5 3 0
2 5 4 0
2 6 0 0
2 6 1 0
2 6 2 0
2 6 3 0
2 6 4 0
2 7 0 0
2 7 1 0
2 7 2 0
2 7 3 0
2 7 4 0
2 8 0 0
2 8 1 0
2 8 2 0
2 8 3 0
2 8 4 0
2 9 0 0
2 9 1 0
2 9 2 0
2 9 3 0
2 9 4 0
3 0 0 3038
3 0 1 3038
3 0 2 3038
3 0 3 0
3 0 4 0
3 1 0 3659
3 1 1 3659
3 1 2 3659
3 1 3 0
3 1 4 0
3 2 0 0
3 2 1 0
3 2 2 0
3 2 3 0
3 2 4 0
3 4 0 0
3 4 1 0
3 4 2 0
3 4 3 0
3 4 4 0
3 5 0 3438
3 5 1 3438
3 5 2 3438
3 5 3 0
3 5 4 0
3 6 0 3966
3 6 1 3966
3 6 2 0
3 6 3 0
3 6 4 0
3 7 0 0
3 7 1 0
3 7 2 0
3 7 3 0
3 7 4 0
3 8 0 0
3 8 1 0
3 8 2 0
3 8 3 0
3 8 4 0
3 9 0 0
3 9 1 0
3 9 2 0
3 9 3 0
3 9 4 0
4 0 0 3761
4 0 1 3761
4 0 2 3761
4 0 3 0
4 0 4 0
4 1 0 0
4 1 1 0
4 1 2 0
4 1 3 0
4 1 4 0
4 2 0 0
4 2 1 0
4 2 2 0
4 2 3 0
4 2 4 0
4 3 0 0
4 3 1 0
4 3 2 0
4 3 3 0
4 3 4 0
4 5 0 0
4 5 1 0
4 5 2 0
4 5 3 0
4 5 4 0
4 6 0 0
4 6 1 0
4 6 2 0
4 6 3 0
4 6 4 0
4 7 0 0
4 7 1 0
4 7 2 0
4 7 3 0
4 7 4 0
4 8 0 3137
4 8 1 3137
4 8 2 0
4 8 3 0
4 8 4 0
4 9 0 0
4 9 1 0
4 9 2 0
4 9 3 0
4 9 4 0
5 0 0 0
5 0 1 0
5 0 2 0
5 0 3 0
5 0 4 0
5 1 0 3789
5 1 1 3789
5 1 2 3789
5 1 3 0
5 1 4 0
5 2 0 0
5 2 1 0
5 2 2 0
5 2 3 0
5 2 4 0
5 3 0 3438
5 3 1 3438
5 3 2 3438
5 3 3 0
5 3 4 0
5 4 0 0
5 4 1 0
5 4 2 0
5 4 3 0
5 4 4 0
5 6 0 0
5 6 1 0
5 6 2 0
5 6 3 0
5 6 4 0
5 7 0 3068
5 7 1 3068
5 7 2 0
5 7 3 0
5 7 4 0
5 8 0 3824
5 8 1 3824
5 8 2 0
5 8 3 0
5 8 4 0
5 9 0 3449
5 9 1 3449
5 9 2 0
5 9 3 0
5 9 4 0
6 0 0 0
6 0 1 0
6 0 2 0
6 0 3 0
6 0 4 0
6 1 0 0
6 1 1 0
6 1 2 0
6 1 3 0
6 1 4 0
6 2 0 0
6 2 1 0
6 2 2 0
6 2 3 0
6 2 4 0
6 3 0 3966
6 3 1 3966
6 3 2 0
6 3 3 0
6 3 4 0
6 4 0 0
6 4 1 0
6 4 2 0
6 4 3 0
6 4 4 0
6 5 0 0
6 5 1 0
6 5 2 0
6 5 3 0
6 5 4 0
6 7 0 0
6 7 1 0
6 7 2 0
6 7 3 0
6 7 4 0
6 8 0 0
6 8 1 0
6 8 2 0
6 8 3 0
6 8 4 0
6 9 0 0
6 9 1 0
6 9 2 0
6 9 3 0
6 9 4 0
7 0 0 0
7 0 1 0
7 0 2 0
7 0 3 0
7 0 4 0
7 1 0 0
7 1 1 0
7 1 2 0
7 1 3 0
7 1 4 0
7 2 0 0
7 2 1 0
7 2 2 0
7 2 3 0
7 2 4 0
7 3 0 0
7 3 1 0
7 3 2 0
7 3 3 0
7 3 4 0
7 4 0 0
7 4 1 0
7 4 2 0
7 4 3 0
7 4 4 0
7 5 0 3068
7 5 1 3068
7 5 2 0
7 5 3 0
7 5 4 0
7 6 0 0
7 6 1 0
7 6 2 0
7 6 3 0
7 6 4 0
7 8 0 0
7 8 1 0
7 8 2 0
7 8 3 0
7 8 4 0
7 9 0 0
7 9 1 0
7 9 2 0
7 9 3 0
7 9 4 0
8 0 0 0
8 0 1 0
8 0 2 0
8 0 3 0
8 0 4 0
8 1 0 0
8 1 1 0
8 1 2 0
8 1 3 0
8 1 4 0
8 2 0 0
8 2 1 0
8 2 2 0
8 2 3 0
8 2 4 0
8 3 0 0
8 3 1 0
8 3 2 0
8 3 3 0
8 3 4 0
8 4 0 3137
8 4 1 3137
8 4 2 0
8 4 3 0
8 4 4 0
8 5 0 3824
8 5 1 3824
8 5 2 0
8 5 3 0
8 5 4 0
8 6 0 0
8 6 1 0
8 6 2 0
8 6 3 0
8 6 4 0
8 7 0 0
8 7 1 0
8 7 2 0
8 7 3 0
8 7 4 0
8 9 0 3111
8 9 1 3111
8 9 2 0
8 9 3 0
8 9 4 0
9 0 0 0
9 0 1 0
9 0 2 0
9 0 3 0
9 0 4 0
9 1 0 3933
9 1 1 3933
9 1 2 0
9 1 3 0
9 1 4 0
9 2 0 0
9 2 1 0
9 2 2 0
9 2 3 0
9 2 4 0
9 3 0 0
9 3 1 0
9 3 2 0
9 3 3 0
9 3 4 0
9 4 0 0
9 4 1 0
9 4 2 0
9 4 3 0
9 4 4 0
9 5 0 3449
9 5 1 3449
9 5 2 0
9 5 3 0
9 5 4 0
9 6 0 0
9 6 1 0
9 6 2 0
9 6 3 0
9 6 4 0
9 7 0 0
9 7 1 0
9 7 2 0
9 7 3 0
9 7 4 0
9 8 0 3111
9 8 1 3111
9 8 2 0
9 8 3 0
9 8 4 0

