150 4 24 2429

   0  729  776  920  737  861  713  880  784  742  699  730  853  791  885  819  822  838  689  850  869  863  897  951  855  715  764  951  930  808  874  740  844  908  703  762  787  930  847  816  676  847  802  743  828  680  951  770  726  860  856  960  811  839  932  909  792  921  961  943  833  859  739  905  872  781  719  742  850  910  770  836  731  845  778  954  704  778  879  699  781  957  856  859  680  684  963  910  752  736  690  690  759  856  816  808  794  843  716  697  758  701  883  951  900  755  740  774  894  880  935  677  692  710  778  734  755  823  868  779  710  798  752  921  729  677  933  951  726  861  858  824  715  961  772  692  832  734  897  789  727  713  858  702  684  945  915  852  698  920 
 729    0  935  856  691  845  818  804  719  721  749  828  881  687  873  699  829  713  965  911  868  794  904  845  715  708  865  813  740  831  725  848  711  697  824  934  943  757  942  682  842  805  685  909  716  725  703  775  760  783  829  814  758  741  867  915  692  940  943  746  832  958  688  894  731  921  832  738  832  847  692  855  769  917  702  830  897  705  903  827  945  718  903  753  827  932  858  694  918  729  792  683  864  955  855  768  707  789  746  783  707  876  828  823  772  930  941  736  743  797  841  868  913  931  796  773  800  938  703  819  803  789  762  784  732  886  783  960  790  946  759  702  730  689  814  849  676  825  908  814  902  785  854  700  909  732  940  964  696  705 
 776  935    0  837  777  821  724  855  855  791  903  771  749  913  934  899  924  880  740  957  808  965  705  929  884  732  717  842  826  906  706  782  873  806  846  860  828  944  781  904  909  684  772  794  708  683  696  849  872  952  698  844  817  867  899  813  693  804  900  747  898  781  683  765  729  835  780  698  831  815  966  753  948  804  875  808  840  891  703  763  941  909  780  916  714  904  806  721  903  927  795  887  691  959  723  697  745  828  768  948  836  797  882  944  721  954  859  861  696  774  952  917  813  937  881  764  876  694  694  940  760  838  878  921  926  947  764  857  712  819  692  789  847  687  944  802  895  868  693  920  945  870  919  894  852  859  927  901  934  744 
 920  856  837    0  831  769  777  734  725  775  708  918  805  888  694  892  691  893  764  944  687  942  897  679  836  868  698  809  834  691  880  960  867  815  883  708  781  797  751  681  693  931  957  769  902  904  855  948  701  853  736  709  756  876  837  915  962  798  881  819  924  773  761  874  738  966  729  840  812  856  754  686  703  803  920  772  870  796  934  819  803  886  683  716  743  763  806  820  772  956  689  860  716  858  928  691  895  917  956  780  890  847  843  799  700  885  786  747  937  919  773  911  749  949  781  900  880  823  706  733  691  689  784  678  782  955  922  842  962  963  900  766  754  966  880  772  774  947  759  889  742  709  834  749  852  800  919  755  874  820 
 737  691  777  831    0  948  806  707  719  909  851  705  678  966  873  883  906  721  880  894  888  773  870  811  858  703  827  682  767  813  777  691  816  833  721  777  695  932  896  716  926  761  818  822  805  858  793  805  708  709  702  751  705  759  945  781  690  788  853  859  886  786  910  685  766  961  682  932  918  923  788  824  764  868  852  885  724  790  945  956  879  701  766  930  685  948  777  739  844  908  926  851  866  767  818  873  921  829  886  924  859  754  727  805  706  893  951  704  704  877  906  841  749  840  688  692  931  788  723  771  707  731  855  700  741  801  746  921  946  728  965  915  887  886  712  873  914  804  903  958  839  813  715  743  901  814  925  696  735  876 
 861  845  821  769  948    0  779  925  804  702  874  850  789  691  752  745  889  849  858  837  962  715  913  920  769  936  691  932  828  679  806  741  965  962  788  724  730  688  819  877  710  807  945  817  764  803  774  878  776  813  702  791  707  844  731  923  965  871  784  716  837  893  787  771  954  826  772  909  686  963  936  790  961  929  704  810  780  845  735  885  779  716  944  879  851  927  839  943  894  911  737  813  806  923  901  965  739  772  867  913  958  678  928  914  852  908  909  805  837  743  845  946  938  730  883  966  676  775  677  838  856  841  710  848  736  686  855  847  810  829  910  747  860  832  926  713  754  829  829  951  938  932  836  800  738  802  836  740  808  944 
 713  818  724  777  806  779    0  726  899  834  809  939  737  930  956  700  895  822  926  814  710  932  717  827  843  961  731  737  811  866  722  896  911  927  779  898  883  714  746  702  862  964  806  867  741  933  807  763  802  746  767  691  868  791  949  747  759  928  780  698  881  750  805  684  779  711  753  842  785  856  818  831  722  949  943  711  769  883  742  904  926  713  829  784  877  813  788  795  707  899  751  796  719  850  866  835  810  962  943  924  774  711  676  752  799  821  713  772  909  689  850  850  786  708  961  896  913  915  877  719  956  923  955  901  936  722  750  931  736  959  825  892  703  870  747  793  966  700  954  723  948  728  791  729  909  872  733  726  864  787 
 880  804  855  734  707  925  726    0  849  959  933  847  781  845  678  870  693  716  895  827  762  696  780  703  806  689  778  920  831  727  853  691  734  722  807  796  948  760  845  765  907  841  962  962  682  713  840  922  736  684  843  729  780  825  857  698  958  867  808  855  745  793  817  790  775  877  834  684  738  796  738  726  943  841  754  720  774  900  686  923  736  854  799  802  917  741  901  758  765  927  956  909  818  716  741  957  697  717  786  781  759  889  827  839  837  791  689  890  894  720  698  807  703  885  955  751  760  918  879  797  829  696  916  758  717  835  935  779  738  857  781  899  806  707  820  817  738  685  825  760  948  897  776  803  805  895  711  724  720  683 
 784  719  855  725  719  804  899  849    0  697  908  796  920  818  874  939  751  772  720  711  855  845  940  920  696  705  901  784  743  899  932  741  781  816  680  964  758  721  791  817  955  900  725  879  824  818  887  713  903  732  961  935  785  800  726  924  966  941  930  800  767  848  705  790  851  947  796  910  689  732  759  848  810  866  756  930  847  927  814  678  930  939  872  898  947  728  928  940  898  935  690  775  841  693  755  690  786  831  699  879  952  870  707  916  744  728  938  839  778  831  703  727  964  766  700  887  754  796  799  874  764  963  963  678  927  718  683  925  812  881  696  916  930  761  921  845  806  791  687  715  804  828  870  883  858  858  760  940  836  850 
 742  721  791  775  909  702  834  959  697    0  845  877  795  895  788  696  678  770  937  827  707  874  928  820  692  877  734  704  946  838  878  936  928  776  680  892  782  757  728  789  881  820  734  936  778  831  900  825  914  720  724  961  681  813  788  720  885  898  907  692  846  763  824  765  678  794  927  745  750  697  693  845  860  838  930  938  929  810  874  751  805  700  679  742  727  934  773  960  804  885  902  844  961  809  712  900  914  851  924  912  677  682  870  922  966  775  760  778  958  927  699  730  918  812  717  879  800  715  691  826  958  750  733  804  957  925  678  917  681  892  719  883  791  770  953  700  802  817  814  776  889  871  950  880  699  775  788  929  702  852 
 699  749  903  708  851  874  809  933  908  845    0  706  861  918  838  805  867  807  941  692  898  701  764  861  921  818  843  755  719  951  714  782  678  762  676  927  729  866  747  816  809  778  877  867  896  708  709  853  758  794  924  725  913  877  696  827  719  791  955  916  918  710  706  798  888  812  897  752  767  849  679  877  803  929  846  767  807  925  880  765  738  817  697  871  837  688  944  825  912  942  927  852  930  813  715  679  826  775  867  899  894  885  722  733  679  780  750  933  914  767  789  815  792  676  787  883  706  834  742  810  871  936  868  863  951  948  920  920  926  694  789  920  933  909  705  820  917  683  817  678  768  869  892  726  917  834  843  806  943  954 
 730  828  771  918  705  850  939  847  796  877  706    0  691  772  906  928  944  843  698  845  945  882  689  923  924  892  865  788  721  736  848  769  801  947  832  756  684  783  888  954  805  693  795  852  894  729  936  859  677  927  685  751  735  722  921  847  947  960  886  849  944  929  688  843  808  886  914  757  790  835  846  725  897  952  888  733  726  682  834  805  871  905  771  901  901  919  747  919  938  863  828  880  763  714  837  847  825  755  748  903  874  888  940  843  768  715  841  791  929  724  775  746  696  923  911  714  917  884  878  914  689  931  740  955  700  959  897  685  721  760  807  747  745  746  810  683  814  868  782  803  756  688  892  742  720  783  700  755  751  932 
 853  881  749  805  678  789  737  781  920  795  861  691    0  872  803  916  913  828  733  780  875  891  863  768  705  906  940  702  887  693  926  677  958  939  714  712  794  744  696  688  755  702  770  919  949  941  688  938  859  701  678  821  757  732  681  889  922  848  961  902  835  719  868  693  719  939  748  804  887  721  882  758  944  825  727  864  797  964  930  890  707  822  715  904  876  877  744  715  705  708  745  825  910  800  707  964  934  803  773  893  850  818  896  790  934  904  877  864  955  826  684  842  748  769  710  727  722  685  688  922  804  891  858  912  701  742  829  894  820  942  765  867  711  809  874  820  780  698  820  825  712  894  698  748  929  680  866  892  926  809 
 791  687  913  888  966  691  930  845  818  895  918  772  872    0  805  904  752  802  694  876  769  714  946  756  765  879  685  756  831  946  687  764  720  882  906  964  735  791  694  680  856  681  794  685  699  752  828  749  965  700  916  920  837  842  786  820  870  700  960  678  726  680  862  944  820  891  834  889  906  736  815  876  778  940  909  877  914  844  857  839  928  768  839  929  717  797  681  717  838  767  893  950  707  929  839  924  801  960  701  874  678  841  882  704  894  906  924  696  851  730  842  851  953  940  937  869  955  959  695  947  894  844  947  932  886  762  723  789  686  898  711  872  702  771  908  810  706  889  771  791  815  706  688  695  825  786  739  909  794  677 
 885  873  934  694  873  752  956  678  874  788  838  906  803  805    0  847  730  868  852  761  935  825  890  753  857  790  793  831  805  909  893  925  849  715  889  957  850  794  792  736  806  807  734  701  842  852  766  892  852  766  815  893  955  882  872  778  685  793  711  719  797  737  780  696  761  902  890  755  882  811  844  929  797  757  726  682  891  964  832  948  763  950  911  848  777  863  746  846  761  907  821  847  766  884  713  758  898  728  922  773  919  751  733  949  690  947  806  885  957  823  899  810  722  740  954  702  859  960  798  906  872  823  752  684  888  799  928  856  907  943  874  789  966  878  805  900  737  779  830  923  799  860  891  695  931  800  746  871  925  761 
 819  699  899  892  883  745  700  870  939  696  805  928  916  904  847    0  797  927  919  879  815  738  905  903  685  693  902  961  918  751  818  797  958  905  838  944  923  861  778  955  915  901  830  868  879  948  845  873  704  957  921  953  896  812  700  768  707  871  876  843  912  711  710  729  807  764  893  916  732  817  822  850  863  757  677  920  830  690  864  719  959  775  833  927  693  812  941  712  865  725  822  949  702  831  900  926  854  929  683  928  700  725  943  961  869  891  956  705  930  777  732  805  846  758  959  867  931  931  692  901  686  896  963  939  873  912  742  748  919  715  743  757  848  856  770  862  731  844  930  795  852  951  750  738  889  897  787  955  807  941 
 822  829  924  691  906  889  895  693  751  678  867  944  913  752  730  797    0  793  903  704  877  705  836  770  809  788  808  712  850  911  939  776  777  839  751  725  937  907  886  954  825  837  684  689  796  732  801  899  724  944  783  941  880  794  720  715  826  676  708  893  687  727  793  875  802  718  680  793  928  904  865  877  701  943  844  854  721  803  777  724  909  700  817  963  676  690  855  716  856  951  957  909  702  956  927  942  767  760  797  713  767  931  792  886  934  865  696  836  897  772  731  765  893  864  788  875  803  841  870  887  784  963  877  919  697  728  903  876  794  705  699  681  894  768  907  825  876  725  858  803  814  934  932  682  762  757  693  740  841  764 
 838  713  880  893  721  849  822  716  772  770  807  843  828  802  868  927  793    0  804  684  830  783  927  744  780  746  934  847  879  906  894  911  891  834  878  750  805  726  883  697  911  826  834  810  771  884  793  741  906  846  703  766  800  864  792  687  908  894  882  837  831  690  817  871  945  901  841  763  930  807  754  827  895  912  829  714  751  911  920  734  846  773  739  849  901  752  942  826  943  704  796  692  742  696  696  853  798  687  879  771  694  760  733  874  895  959  676  873  765  817  764  816  700  698  732  687  686  893  898  909  702  933  840  825  875  889  848  876  966  891  964  959  697  817  875  761  772  730  778  881  921  906  750  863  767  767  689  950  865  772 
 689  965  740  764  880  858  926  895  720  937  941  698  733  694  852  919  903  804    0  848  807  729  818  959  821  778  798  931  909  709  879  784  796  709  939  695  717  930  804  903  716  853  920  871  709  895  720  794  838  860  892  791  755  940  817  746  709  750  910  867  822  755  825  789  839  848  770  727  810  923  938  708  926  766  926  688  954  952  821  772  872  954  906  868  827  929  752  678  913  730  863  846  727  870  785  908  875  753  908  724  829  726  892  730  761  685  953  903  758  710  687  934  856  959  907  680  821  712  959  712  847  710  677  801  866  778  757  905  848  810  935  828  808  689  770  813  911  914  946  682  862  779  869  725  758  965  778  847  831  792 
 850  911  957  944  894  837  814  827  711  827  692  845  780  876  761  879  704  684  848    0  786  867  962  728  919  818  853  689  678  721  917  933  865  864  795  948  794  862  883  819  819  914  686  854  923  758  815  821  781  921  797  702  802  821  931  929  731  842  956  832  715  941  877  910  915  861  731  725  716  732  754  743  743  830  707  710  696  780  786  777  856  719  842  931  761  895  821  692  734  853  933  934  859  705  680  924  924  717  692  777  928  922  694  906  801  809  832  838  850  718  760  722  912  907  698  759  935  778  738  905  821  862  960  741  927  787  729  745  927  763  935  777  945  775  922  704  873  966  810  883  819  851  868  829  709  909  921  887  780  687 
 869  868  808  687  888  962  710  762  855  707  898  945  875  769  935  815  877  830  807  786    0  776  868  858  745  759  953  790  859  769  831  817  732  862  823  864  740  879  747  923  933  689  790  852  827  761  793  792  820  858  696  800  843  834  750  731  700  825  946  840  947  878  816  861  737  698  802  897  871  867  934  939  722  708  824  730  704  829  710  745  885  802  693  683  893  681  884  942  905  733  761  773  793  943  851  832  750  683  850  904  813  760  926  824  962  827  802  758  838  689  783  933  866  824  764  926  952  764  780  852  811  709  864  860  728  720  782  760  895  896  839  916  923  827  836  798  804  899  733  947  834  873  799  764  958  833  759  690  854  821 
 863  794  965  942  773  715  932  696  845  874  701  882  891  714  825  738  705  783  729  867  776    0  694  841  723  761  810  965  735  820  685  878  751  846  826  734  682  909  891  935  888  853  825  838  941  790  882  772  934  753  839  878  957  744  932  906  920  736  874  836  747  728  794  691  744  694  782  734  861  950  722  927  958  860  720  788  776  710  745  828  771  926  714  876  930  758  801  901  899  841  941  682  938  855  817  892  692  964  690  886  840  935  822  842  677  815  837  744  715  706  726  938  887  775  820  946  795  900  764  765  838  712  686  885  897  767  683  925  803  912  732  926  704  776  691  893  788  682  805  943  790  951  750  736  750  787  793  819  930  779 
 897  904  705  897  870  913  717  780  940  928  764  689  863  946  890  905  836  927  818  962  868  694    0  866  863  709  877  966  777  871  780  835  782  731  679  876  702  830  830  924  738  790  904  966  745  752  736  734  690  904  818  875  812  726  865  796  961  932  823  853  857  866  957  717  834  693  885  875  702  848  684  765  820  738  714  809  908  761  899  931  781  942  678  914  886  922  735  872  784  909  692  782  741  788  821  872  836  821  767  681  713  740  901  909  966  901  814  837  962  809  812  717  834  901  835  787  711  744  766  761  961  838  698  680  691  892  871  728  864  702  737  729  927  729  858  814  918  702  872  929  846  950  874  733  939  789  888  908  945  944 
 951  845  929  679  811  920  827  703  920  820  861  923  768  756  753  903  770  744  959  728  858  841  866    0  914  826  807  832  949  784  846  740  711  690  787  946  756  716  781  808  732  807  732  712  683  753  904  897  714  919  746  767  692  899  906  935  880  772  716  924  929  775  882  777  691  868  677  743  736  710  927  744  918  912  728  832  694  693  779  891  875  854  805  918  922  807  781  835  702  710  700  830  888  814  874  867  965  775  863  945  780  859  857  833  747  797  786  771  727  922  693  771  778  745  761  947  871  820  814  827  690  794  680  885  914  909  785  706  802  677  950  753  944  687  871  851  756  816  928  732  792  821  696  790  817  914  875  770  892  732 
 855  715  884  836  858  769  843  806  696  692  921  924  705  765  857  685  809  780  821  919  745  723  863  914    0  728  750  850  882  898  934  704  914  747  752  966  944  742  800  832  847  863  875  705  910  739  956  907  890  888  796  961  907  785  685  772  830  760  680  763  939  749  854  779  877  835  888  690  890  825  820  757  962  781  925  751  951  822  846  818  724  733  701  815  679  921  683  945  892  802  700  922  743  761  851  802  927  886  825  822  809  766  758  757  735  749  795  914  742  819  943  803  810  852  895  957  748  863  894  700  891  742  897  759  941  850  701  796  857  855  749  739  696  801  765  821  876  710  808  850  721  859  892  688  893  763  831  958  701  743 
 715  708  732  868  703  936  961  689  705  877  818  892  906  879  790  693  788  746  778  818  759  761  709  826  728    0  793  904  765  816  842  912  767  841  965  857  720  924  847  963  829  730  799  953  782  959  770  782  790  929  724  896  863  852  735  898  864  777  935  812  878  793  864  779  852  880  733  683  761  697  964  725  774  894  792  704  793  796  897  680  843  809  677  813  680  923  714  781  747  923  918  854  737  902  836  964  936  964  869  921  777  701  779  919  733  859  941  919  926  861  948  908  882  946  732  767  912  719  768  768  891  811  844  947  691  912  692  948  698  941  763  829  763  766  960  858  721  793  723  763  926  802  744  884  898  707  847  870  863  680 
 764  865  717  698  827  691  731  778  901  734  843  865  940  685  793  902  808  934  798  853  953  810  877  807  750  793    0  901  893  903  857  728  793  928  757  722  897  851  808  885  959  791  837  789  942  802  949  699  817  845  961  926  877  816  947  785  782  733  836  891  876  842  921  742  742  962  780  756  725  705  814  866  774  953  683  831  797  863  679  936  858  704  750  745  853  959  737  804  926  681  693  810  889  935  720  913  868  789  918  919  856  959  721  957  794  954  880  900  677  712  935  784  905  770  917  853  705  712  810  909  753  770  742  799  740  934  749  781  732  719  925  762  880  785  717  740  793  924  908  699  929  857  771  903  701  694  693  803  886  843 
 951  813  842  809  682  932  737  920  784  704  755  788  702  756  831  961  712  847  931  689  790  965  966  832  850  904  901    0  935  787  775  852  719  763  682  813  895  851  840  848  907  886  896  804  848  881  913  843  815  697  727  684  727  713  761  842  706  791  964  776  790  921  815  798  704  679  898  714  835  965  959  710  851  793  753  814  838  804  780  764  886  836  854  854  960  886  796  790  769  963  955  739  956  718  886  965  720  701  679  825  800  766  742  907  741  865  809  716  841  951  847  705  766  724  853  914  726  792  759  827  922  830  684  894  876  787  779  856  959  868  698  690  817  805  795  720  734  730  879  815  812  757  769  764  909  957  955  864  820  823 
 930  740  826  834  767  828  811  831  743  946  719  721  887  831  805  918  850  879  909  678  859  735  777  949  882  765  893  935    0  856  741  741  838  715  695  896  722  825  867  743  942  794  712  704  795  686  735  929  896  767  881  729  734  676  821  954  917  962  695  843  712  716  691  729  800  727  807  743  677  897  950  903  858  910  762  831  832  750  914  896  887  775  788  887  965  947  722  827  805  895  860  772  801  917  794  922  824  782  960  703  722  710  842  927  732  851  761  782  870  873  717  905  931  851  812  799  695  805  681  805  772  814  806  898  834  941  957  774  907  819  693  848  731  863  827  945  863  704  679  807  786  953  787  932  740  745  811  699  773  828 
 808  831  906  691  813  679  866  727  899  838  951  736  693  946  909  751  911  906  709  721  769  820  871  784  898  816  903  787  856    0  698  870  854  882  792  734  935  867  697  898  763  812  823  878  727  864  914  677  795  940  827  835  721  781  799  774  896  713  869  676  864  733  910  886  807  836  948  801  911  901  717  804  807  835  873  804  768  869  844  889  841  912  922  879  908  688  796  928  892  941  882  727  955  888  719  775  794  807  696  720  783  682  927  868  761  892  825  961  889  822  902  888  845  769  907  748  803  901  897  956  742  841  742  822  896  803  944  685  810  850  847  954  721  852  786  769  763  677  768  952  754  962  864  739  777  820  775  918  824  843 
 874  725  706  880  777  806  722  853  932  878  714  848  926  687  893  818  939  894  879  917  831  685  780  846  934  842  857  775  741  698    0  841  829  935  856  851  897  916  873  731  770  861  826  809  710  696  779  886  825  722  914  899  699  813  908  941  676  732  774  857  728  729  825  843  684  915  886  731  685  937  750  940  943  892  817  849  799  889  956  724  884  839  857  761  791  741  751  954  818  921  792  894  826  888  703  796  723  777  934  769  875  732  852  877  884  744  828  702  773  700  957  700  676  805  676  942  855  825  949  798  758  690  725  849  838  955  754  785  847  847  754  877  904  755  857  917  913  840  849  796  739  728  889  877  922  893  755  678  778  927 
 740  848  782  960  691  741  896  691  741  936  782  769  677  764  925  797  776  911  784  933  817  878  835  740  704  912  728  852  741  870  841    0  689  800  901  904  756  738  942  903  802  914  960  879  896  722  703  736  922  696  765  856  733  904  772  734  698  935  765  683  765  886  823  937  800  724  718  923  765  738  760  919  862  727  904  691  791  897  752  964  745  918  814  821  906  856  859  747  812  922  921  926  882  725  701  959  966  935  730  686  786  727  932  758  955  894  930  745  843  877  745  714  916  912  905  711  783  755  954  769  737  906  939  692  689  805  962  894  933  829  693  905  896  927  904  846  769  880  934  692  677  887  751  751  696  899  771  857  695  933 
 844  711  873  867  816  965  911  734  781  928  678  801  958  720  849  958  777  891  796  865  732  751  782  711  914  767  793  719  838  854  829  689    0  805  840  691  798  832  683  911  791  728  857  872  755  891  719  865  848  728  834  937  812  693  776  725  678  927  944  931  714  778  782  782  898  714  858  845  941  785  851  860  747  779  822  735  905  730  726  915  866  953  755  824  721  803  774  871  687  872  729  851  966  943  710  759  729  891  759  864  939  868  921  885  729  937  852  949  794  895  722  721  764  930  907  853  833  804  765  757  818  740  859  862  946  701  697  911  904  879  682  709  706  677  683  731  784  925  817  792  711  907  910  762  842  795  926  761  926  703 
 908  697  806  815  833  962  927  722  816  776  762  947  939  882  715  905  839  834  709  864  862  846  731  690  747  841  928  763  715  882  935  800  805    0  890  876  913  766  957  858  898  820  749  743  729  708  865  770  933  803  743  767  894  913  908  833  738  747  743  919  867  826  892  885  743  855  885  836  857  866  738  920  852  789  930  682  896  848  762  859  822  898  788  767  851  854  830  959  911  690  727  702  886  924  858  931  859  738  903  923  822  867  710  680  800  966  732  959  925  862  735  692  809  966  678  838  734  911  844  950  829  947  793  833  704  726  739  848  823  703  752  826  732  739  888  709  810  893  758  920  849  749  717  805  777  889  805  774  728  803 
 703  824  846  883  721  788  779  807  680  680  676  832  714  906  889  838  751  878  939  795  823  826  679  787  752  965  757  682  695  792  856  901  840  890    0  782  774  742  798  876  966  819  708  715  952  727  749  826  743  740  943  803  954  743  694  800  762  931  884  790  765  912  725  813  939  834  923  917  705  754  917  742  917  960  852  771  869  743  699  944  914  757  748  889  906  882  838  714  961  949  854  837  786  902  819  929  751  870  868  684  910  924  929  804  886  788  933  808  822  945  839  814  744  798  847  803  771  833  745  712  695  737  797  836  691  803  701  921  946  819  736  888  871  871  865  840  834  890  696  937  931  959  755  963  848  695  678  874  940  687 
 762  934  860  708  777  724  898  796  964  892  927  756  712  964  957  944  725  750  695  948  864  734  876  946  966  857  722  813  896  734  851  904  691  876  782    0  765  835  873  818  938  857  954  862  771  798  909  713  706  862  958  754  813  920  929  850  905  778  803  961  963  704  834  915  812  768  943  848  839  722  754  831  713  714  896  828  728  860  760  691  693  840  736  751  681  719  746  711  831  862  932  791  699  806  816  746  919  713  731  809  789  719  749  932  868  777  730  696  852  836  901  942  932  746  719  775  905  785  948  799  827  879  893  721  704  943  892  869  693  907  851  895  843  881  726  798  717  871  792  955  783  807  953  947  873  941  844  927  865  919 
 787  943  828  781  695  730  883  948  758  782  729  684  794  735  850  923  937  805  717  794  740  682  702  756  944  720  897  895  722  935  897  756  798  913  774  765    0  785  904  748  902  856  693  735  847  682  847  729  713  931  815  762  692  771  684  887  798  909  766  855  919  702  819  859  954  719  867  699  692  827  808  940  926  712  902  776  785  771  933  836  811  841  815  828  862  897  949  922  797  804  832  878  798  961  894  686  866  715  795  954  843  759  752  846  859  891  920  808  676  747  963  849  863  704  818  798  708  804  896  860  858  913  704  773  714  724  680  928  739  697  876  888  900  887  909  866  881  900  690  930  852  934  883  806  803  938  765  892  891  938 
 930  757  944  797  932  688  714  760  721  757  866  783  744  791  794  861  907  726  930  862  879  909  830  716  742  924  851  851  825  867  916  738  832  766  742  835  785    0  693  884  941  926  717  874  947  773  966  676  900  713  713  750  740  686  913  906  911  844  702  888  722  822  800  712  886  815  908  923  915  852  730  680  753  778  697  689  793  826  777  854  779  772  798  788  945  722  922  899  852  900  937  776  805  880  932  951  766  844  879  816  755  960  807  776  850  709  726  721  885  758  762  722  893  888  949  840  826  727  845  920  746  789  875  861  927  743  789  885  771  957  854  903  915  781  716  854  889  798  844  710  707  952  804  965  910  684  945  917  916  942 
 847  942  781  751  896  819  746  845  791  728  747  888  696  694  792  778  886  883  804  883  747  891  830  781  800  847  808  840  867  697  873  942  683  957  798  873  904  693    0  702  897  799  887  946  710  861  782  742  717  793  698  794  758  797  926  877  738  914  845  942  863  904  845  779  900  953  962  757  736  882  953  677  846  950  710  729  874  733  838  691  914  822  787  859  938  916  712  714  807  885  895  866  744  853  962  782  801  762  844  960  945  693  791  889  864  946  831  695  685  795  784  701  745  883  731  757  843  863  831  922  941  681  832  721  729  746  707  727  796  931  807  697  848  955  942  803  845  916  734  925  811  893  830  884  961  914  752  923  854  697 
 816  682  904  681  716  877  702  765  817  789  816  954  688  680  736  955  954  697  903  819  923  935  924  808  832  963  885  848  743  898  731  903  911  858  876  818  748  884  702    0  798  848  756  855  958  746  845  783  801  695  749  867  699  812  743  773  938  696  713  733  845  826  692  823  764  876  712  952  907  874  709  715  752  935  944  715  832  790  764  705  853  814  781  705  965  951  687  940  942  945  707  826  905  869  936  734  818  775  864  770  687  729  731  873  932  803  884  710  786  901  859  778  795  795  871  854  953  955  741  804  805  877  684  789  900  966  862  898  922  783  736  883  698  748  949  722  685  704  858  857  927  737  917  930  896  751  730  939  957  684 
 676  842  909  693  926  710  862  907  955  881  809  805  755  856  806  915  825  911  716  819  933  888  738  732  847  829  959  907  942  763  770  802  791  898  966  938  902  941  897  798    0  841  824  708  738  707  947  769  930  841  717  754  743  784  960  688  743  745  870  801  878  942  741  795  734  839  856  712  722  797  735  761  890  926  702  823  705  689  844  818  945  715  882  907  781  787  884  826  951  962  703  884  803  769  681  933  764  935  901  711  744  723  928  857  835  934  794  893  893  864  816  837  865  850  752  736  840  849  918  940  877  748  781  702  758  821  681  962  721  693  947  703  957  825  722  940  903  914  698  879  820  908  770  862  797  851  966  802  852  806 
 847  805  684  931  761  807  964  841  900  820  778  693  702  681  807  901  837  826  853  914  689  853  790  807  863  730  791  886  794  812  861  914  728  820  819  857  856  926  799  848  841    0  839  761  857  821  738  877  960  788  956  694  867  769  884  895  911  810  929  713  800  682  720  960  754  934  763  711  868  962  834  893  798  754  922  783  725  677  791  791  856  854  938  767  787  705  779  889  963  875  941  825  955  809  822  772  841  848  765  738  818  730  952  778  888  762  779  877  917  800  877  917  877  938  851  900  782  862  939  858  762  896  821  716  822  874  852  691  803  934  906  959  812  859  932  681  732  689  696  692  958  852  933  781  919  816  723  770  942  897 
 802  685  772  957  818  945  806  962  725  734  877  795  770  794  734  830  684  834  920  686  790  825  904  732  875  799  837  896  712  823  826  960  857  749  708  954  693  717  887  756  824  839    0  863  953  877  719  845  940  751  923  722  847  825  864  876  823  866  835  739  689  693  773  763  703  741  792  792  824  924  752  904  875  856  934  751  792  881  856  684  851  763  819  821  711  789  912  931  779  775  776  867  755  720  754  695  879  878  920  693  829  833  865  849  743  765  740  811  900  860  918  737  911  779  953  896  787  918  692  948  825  769  803  887  820  806  808  824  964  779  782  711  737  802  718  805  725  763  962  964  802  892  830  687  904  804  838  702  688  841 
 743  909  794  769  822  817  867  962  879  936  867  852  919  685  701  868  689  810  871  854  852  838  966  712  705  953  789  804  704  878  809  879  872  743  715  862  735  874  946  855  708  761  863    0  711  727  679  920  685  837  688  936  847  759  947  688  909  688  765  810  777  819  839  963  724  729  820  872  954  944  855  858  921  817  709  826  864  915  828  914  942  942  963  738  925  728  778  872  725  710  881  707  950  685  879  912  957  853  676  914  749  796  747  693  708  832  896  832  957  854  729  744  876  899  897  763  893  760  702  741  933  924  918  799  884  750  944  938  842  751  949  897  923  780  920  835  815  867  931  696  711  796  717  778  888  944  769  851  686  915 
 828  716  708  902  805  764  741  682  824  778  896  894  949  699  842  879  796  771  709  923  827  941  745  683  910  782  942  848  795  727  710  896  755  729  952  771  847  947  710  958  738  857  953  711    0  868  773  835  727  697  744  774  817  860  802  897  888  808  746  928  889  859  903  866  815  711  829  798  908  739  817  916  961  785  719  676  713  851  947  958  799  890  950  788  841  806  816  825  691  916  957  770  686  933  879  773  924  757  700  817  756  693  861  833  845  901  773  791  923  881  906  951  839  817  704  884  865  865  955  907  927  696  681  891  757  708  713  797  753  934  758  861  692  956  926  863  729  885  829  702  897  793  902  693  902  889  920  935  916  895 
 680  725  683  904  858  803  933  713  818  831  708  729  941  752  852  948  732  884  895  758  761  790  752  753  739  959  802  881  686  864  696  722  891  708  727  798  682  773  861  746  707  821  877  727  868    0  872  726  858  780  922  708  965  926  953  843  965  682  923  928  815  928  703  820  862  950  925  743  721  959  908  821  868  798  870  722  873  827  933  734  680  736  928  893  744  774  774  823  894  881  694  698  792  839  828  806  691  831  739  754  746  829  808  747  686  806  745  872  711  779  712  859  891  692  751  744  957  901  937  696  869  938  726  693  907  928  917  866  946  883  760  950  952  802  736  867  891  750  677  868  849  941  790  911  941  943  729  926  755  753 
 951  703  696  855  793  774  807  840  887  900  709  936  688  828  766  845  801  793  720  815  793  882  736  904  956  770  949  913  735  914  779  703  719  865  749  909  847  966  782  845  947  738  719  679  773  872    0  831  948  932  711  678  938  777  925  717  690  731  924  765  933  713  763  903  708  915  681  841  694  691  815  840  811  694  773  722  737  785  715  851  785  957  915  953  845  699  805  753  783  961  872  700  799  950  903  899  897  783  696  762  763  897  849  960  717  951  788  874  838  730  720  891  686  765  734  955  725  829  848  758  891  930  800  845  962  931  897  921  954  696  927  715  937  883  687  861  780  778  706  854  695  779  892  922  782  938  847  842  919  769 
 770  775  849  948  805  878  763  922  713  825  853  859  938  749  892  873  899  741  794  821  792  772  734  897  907  782  699  843  929  677  886  736  865  770  826  713  729  676  742  783  769  877  845  920  835  726  831    0  706  887  702  920  884  955  814  889  963  949  689  859  801  676  695  912  745  740  745  923  693  959  911  864  724  876  912  729  757  814  689  863  740  735  774  818  874  712  941  803  745  749  842  848  825  958  767  817  750  875  758  870  726  842  830  832  942  941  911  843  820  891  776  901  745  910  904  688  798  897  964  801  833  753  810  879  798  878  688  760  854  917  681  858  939  899  933  744  778  679  963  836  912  790  964  944  757  815  831  947  956  825 
 726  760  872  701  708  776  802  736  903  914  758  677  859  965  852  704  724  906  838  781  820  934  690  714  890  790  817  815  896  795  825  922  848  933  743  706  713  900  717  801  930  960  940  685  727  858  948  706    0  768  697  898  766  806  885  848  848  951  697  750  891  829  785  869  821  797  808  809  957  842  728  951  921  884  796  830  803  760  798  700  737  786  746  741  734  863  922  796  866  679  687  904  902  942  904  732  813  781  803  754  742  728  956  780  810  897  874  739  782  892  845  707  686  720  832  757  740  959  698  915  801  772  812  806  895  810  948  904  954  807  890  814  763  855  796  863  788  690  937  907  916  843  884  819  836  945  755  943  707  716 
 860  783  952  853  709  813  746  684  732  720  794  927  701  700  766  957  944  846  860  921  858  753  904  919  888  929  845  697  767  940  722  696  728  803  740  862  931  713  793  695  841  788  751  837  697  780  932  887  768    0  747  936  863  928  851  888  723  809  949  757  790  709  858  904  842  821  696  897  772  739  717  726  919  869  773  923  931  696  816  850  700  863  964  862  905  763  783  839  897  784  767  866  908  693  941  900  758  679  699  847  840  724  911  825  876  817  723  773  768  687  887  795  742  962  784  683  948  789  916  827  726  698  851  742  950  708  761  746  955  956  682  958  832  711  680  735  894  706  840  920  711  735  814  755  821  924  932  722  765  906 
 856  829  698  736  702  702  767  843  961  724  924  685  678  916  815  921  783  703  892  797  696  839  818  746  796  724  961  727  881  827  914  765  834  743  943  958  815  713  698  749  717  956  923  688  744  922  711  702  697  747    0  837  913  706  919  957  699  845  955  678  692  790  772  932  931  871  901  793  817  805  960  705  908  947  737  884  784  944  771  794  934  707  869  865  767  764  938  963  738  801  857  795  824  919  936  928  689  774  947  828  746  698  781  841  735  836  911  954  887  785  700  813  853  762  747  772  828  914  947  927  845  900  845  784  892  854  801  678  711  763  701  807  910  911  823  723  901  718  863  918  908  802  850  738  867  856  872  828  965  891 
 960  814  844  709  751  791  691  729  935  961  725  751  821  920  893  953  941  766  791  702  800  878  875  767  961  896  926  684  729  835  899  856  937  767  803  754  762  750  794  867  754  694  722  936  774  708  678  920  898  936  837    0  898  678  875  753  917  812  949  827  765  837  771  931  681  963  775  874  748  771  788  865  919  935  935  883  775  965  943  903  963  816  940  747  861  926  958  945  689  738  772  855  931  900  796  954  911  860  695  848  800  877  923  902  742  908  780  828  837  960  680  867  824  787  710  959  730  929  739  720  677  803  964  919  942  832  931  733  684  681  686  944  695  714  711  910  888  947  734  798  823  840  769  759  811  766  879  859  744  768 
 811  758  817  756  705  707  868  780  785  681  913  735  757  837  955  896  880  800  755  802  843  957  812  692  907  863  877  727  734  721  699  733  812  894  954  813  692  740  758  699  743  867  847  847  817  965  938  884  766  863  913  898    0  897  938  784  931  918  844  894  897  896  858  836  938  955  825  731  829  767  843  783  737  690  861  743  840  891  758  721  698  842  732  851  819  928  881  709  851  797  884  890  839  687  805  947  835  787  755  796  958  692  705  688  687  847  935  959  797  830  683  676  910  763  882  879  823  897  750  876  790  894  788  677  758  924  797  743  947  762  787  720  733  894  955  956  726  949  832  956  721  702  812  879  717  939  760  832  816  850 
