200 4 24 3208

   0  761  869  874  835  958  784  715  949  773  779  813  848  867  862  932  959  738  836  906  956  705  865  752  885  834  678  832  783  961  765  885  886  914  885  827  743  682  741  916  887  866  733  782  689  824  923  829  756  700  780  739  779  847  762  801  747  950  966  917  860  710  693  775  828  944  678  965  807  770  773  707  723  767  728  841  760  849  833  722  785  729  914  935  920  832  719  749  860  703  695  829  734  926  843  723  920  796  690  927  704  726  955  679  891  906  677  781  807  873  790  697  759  859  946  951  951  824  756  696  902  874  928  789  946  708  867  946  897  882  830  862  774  731  785  914  947  963  822  730  955  801  888  752  912  895  687  934  881  785  844  711  837  803  798  716  910  943  953  926  907  867  694  685  748  943  883  936  799  920  750  805  889  864  711  958  777  765  921  793  682  776  678  818  920  815  928  813  818  917  895  862  863  944  678  935  847  797  953  924 
 761    0  815  698  848  713  727  803  725  884  702  753  844  713  884  770  726  715  702  840  884  923  832  770  786  681  732  728  699  692  741  751  940  910  782  811  784  785  678  745  948  761  683  913  679  817  818  724  878  819  844  927  791  766  910  903  740  681  711  891  828  709  821  718  920  766  947  961  911  766  737  733  709  778  831  782  813  868  948  737  698  751  778  723  701  690  803  943  818  888  767  766  772  923  750  817  751  966  860  800  751  910  879  729  806  683  905  953  916  966  896  892  685  910  752  755  830  745  699  900  748  826  802  685  747  847  922  681  766  900  709  915  913  831  862  848  712  879  897  913  815  859  829  779  775  956  949  914  729  855  810  754  909  735  837  811  716  921  817  791  730  850  797  791  888  822  830  711  724  861  735  914  789  744  714  720  854  920  801  748  811  702  911  879  883  936  714  844  864  757  882  728  829  887  723  912  845  709  889  850 
 869  815    0  924  902  932  691  807  699  835  899  939  852  721  916  830  833  864  684  724  893  853  958  890  835  717  872  855  925  905  713  938  770  769  959  705  709  890  914  765  905  803  952  828  706  892  916  876  735  791  784  678  851  746  749  884  751  877  815  900  958  823  865  899  693  694  706  927  885  826  745  774  781  838  783  797  807  911  838  902  879  953  837  765  779  869  808  805  906  723  770  723  708  773  875  848  740  678  785  719  830  954  690  872  722  784  736  843  742  838  949  731  736  715  938  793  730  768  857  885  706  752  923  734  790  871  782  889  698  823  760  910  779  788  795  963  943  857  902  800  872  909  766  867  815  683  935  927  772  798  687  934  764  963  800  951  908  712  801  766  867  909  693  771  752  888  765  821  775  952  879  923  768  771  859  926  687  915  819  877  881  965  902  861  815  797  716  703  904  933  867  779  728  801  917  921  677  822  887  722 
 874  698  924    0  820  936  767  899  832  714  871  678  958  677  853  953  758  692  777  966  876  950  787  962  811  892  916  753  908  800  808  891  965  739  877  930  917  699  933  951  846  909  686  757  947  839  749  718  766  738  873  777  896  920  819  854  685  815  892  903  811  942  941  860  707  730  919  936  718  920  732  732  791  942  946  725  776  777  720  739  823  871  767  676  698  814  703  677  834  813  919  728  936  766  877  731  820  937  853  794  741  786  833  722  779  862  788  891  738  950  902  722  809  741  794  856  913  766  835  802  946  875  891  933  837  887  912  712  961  748  760  836  853  739  891  833  887  894  927  729  878  849  701  848  854  868  718  855  935  940  890  681  786  876  943  868  707  901  733  965  691  887  721  908  798  719  714  816  686  965  800  686  829  811  729  676  762  956  832  832  797  826  808  944  897  860  865  798  721  776  708  730  693  737  713  902  948  933  957  841 
 835  848  902  820    0  934  948  782  845  910  851  694  822  762  823  963  697  866  760  855  720  853  871  803  915  877  687  941  779  918  726  713  807  680  678  916  738  893  826  964  807  677  832  869  811  873  696  948  753  919  807  692  720  828  718  965  753  755  774  877  901  869  934  824  711  930  737  790  822  893  758  683  854  780  709  804  759  724  738  688  763  728  951  711  798  727  792  924  700  797  801  692  785  826  795  859  808  822  752  876  952  762  957  738  843  698  690  950  800  954  702  904  821  866  732  760  820  824  780  961  725  680  962  830  831  859  849  815  864  812  689  687  881  929  879  829  910  948  901  754  727  712  693  925  769  850  885  952  836  828  836  890  778  831  900  782  696  702  878  692  799  817  828  820  786  678  792  833  763  757  733  854  697  963  694  723  907  771  713  677  680  937  704  942  794  965  748  710  861  930  779  730  876  926  722  915  679  828  902  750 
 958  713  932  936  934    0  910  856  948  823  879  841  864  920  869  712  831  817  837  961  883  773  690  735  903  814  834  682  909  940  693  749  706  707  706  878  839  820  737  747  701  905  932  828  715  687  920  802  774  776  816  905  819  740  774  943  679  685  774  745  930  759  882  704  679  781  843  871  686  704  718  793  747  912  703  793  926  770  954  932  920  686  838  909  953  740  699  874  818  940  852  761  849  731  895  677  854  938  912  812  940  829  848  825  765  870  687  911  775  758  911  864  798  950  726  899  785  735  741  732  920  951  963  746  903  711  865  715  895  784  918  843  812  865  812  839  691  717  876  859  704  771  828  877  841  902  843  709  925  925  927  714  795  879  779  962  862  792  738  860  780  890  705  777  677  899  862  824  955  895  685  736  742  757  726  832  923  954  924  946  929  814  917  715  855  690  921  825  729  718  844  737  924  873  772  909  729  789  825  700 
 784  727  691  767  948  910    0  676  835  942  722  921  844  962  873  951  856  773  724  705  966  765  680  842  845  913  811  795  771  919  891  953  963  753  921  702  692  745  785  922  927  801  725  803  762  768  842  855  740  964  926  912  720  682  718  880  855  697  843  881  882  917  756  696  964  824  741  729  707  884  922  805  787  882  963  704  881  755  868  826  951  922  762  870  766  918  758  880  962  815  799  811  875  830  915  882  711  939  959  713  828  961  716  927  704  772  746  940  824  882  946  910  874  723  689  887  921  838  832  959  918  886  754  869  693  925  901  927  946  713  732  844  935  914  921  685  941  705  797  893  799  856  722  709  748  861  835  804  722  952  792  855  685  720  860  872  753  818  815  744  879  707  925  727  679  719  889  734  693  879  931  933  907  714  873  907  904  742  935  863  695  882  885  854  960  954  709  927  894  916  808  791  682  681  731  897  886  749  953  706 
 715  803  807  899  782  856  676    0  817  800  691  905  783  890  966  756  888  828  865  846  792  813  945  687  782  721  899  734  726  856  965  920  677  697  763  786  928  949  792  957  925  860  804  765  946  692  905  933  927  723  696  819  915  917  676  758  859  801  715  860  916  783  896  887  871  772  841  922  821  783  838  883  897  884  849  706  751  926  761  745  931  916  809  848  851  941  883  966  824  760  737  942  909  884  843  715  964  819  858  791  882  745  696  780  762  765  840  914  728  752  830  923  960  687  847  765  743  732  789  838  697  764  694  846  919  864  861  681  795  823  734  687  849  849  718  794  878  763  749  878  711  942  931  831  874  782  821  805  741  701  771  679  705  869  686  962  866  700  709  802  773  957  750  961  759  859  785  928  933  737  740  956  887  915  758  787  807  740  710  678  823  838  790  767  933  683  830  804  685  824  832  712  925  879  688  685  941  872  706  685 
 949  725  699  832  845  948  835  817    0  891  737  885  805  871  829  751  791  921  694  857  852  683  708  741  706  868  874  856  755  889  888  737  776  734  729  701  731  801  910  864  878  916  767  751  901  863  942  881  927  892  905  694  685  777  905  740  828  837  782  692  853  781  823  735  797  884  776  958  746  740  689  940  891  807  903  737  779  719  682  928  781  894  891  839  929  696  732  957  676  742  808  864  953  947  892  780  727  693  776  893  901  933  721  888  950  742  766  739  908  939  855  902  784  906  705  941  822  905  749  847  693  691  958  930  680  698  818  700  893  854  963  774  782  682  805  892  960  934  689  912  941  870  857  741  870  705  881  957  881  770  922  794  943  829  904  933  934  750  715  837  718  873  832  777  905  931  783  952  910  761  902  899  758  848  881  900  940  802  743  748  865  943  677  937  820  869  794  823  811  889  855  943  816  696  698  742  737  879  942  938 
 773  884  835  714  910  823  942  800  891    0  877  854  773  715  939  750  868  719  806  757  907  840  764  862  819  707  904  965  788  857  862  908  852  762  779  713  780  881  963  836  684  773  728  830  850  922  723  869  865  867  719  916  952  726  737  899  855  925  821  842  770  730  934  783  829  781  930  705  780  788  874  832  731  954  770  695  759  876  801  919  896  723  950  963  942  677  889  848  686  946  799  780  868  685  874  783  835  844  857  958  883  830  683  951  859  685  811  776  838  710  816  737  744  822  932  850  830  753  853  687  719  815  925  691  758  805  877  833  961  723  760  859  873  700  786  943  883  851  686  738  857  753  931  919  806  875  876  739  761  742  844  686  936  683  839  691  710  789  728  807  755  821  866  933  962  923  868  849  721  870  839  687  716  714  787  908  946  934  790  823  716  857  725  949  839  696  857  877  833  821  733  819  856  897  847  870  902  703  737  775 
 779  702  899  871  851  879  722  691  737  877    0  915  680  754  882  963  784  891  844  894  746  765  808  806  870  826  948  845  928  854  909  899  814  792  869  842  692  693  685  812  841  776  774  706  844  869  683  767  774  938  763  709  930  926  729  804  802  830  849  828  688  963  897  692  758  798  728  736  938  830  891  938  699  785  846  778  757  783  825  706  680  795  701  963  750  836  940  965  754  830  718  942  908  881  864  708  957  823  760  779  717  720  756  899  764  800  764  808  790  814  794  727  934  847  820  869  687  728  727  913  847  854  679  676  706  737  807  700  742  699  923  848  860  843  750  907  790  789  832  688  728  962  871  853  820  786  877  965  862  689  693  693  812  761  745  908  935  751  707  724  746  782  949  683  955  718  850  840  842  782  949  704  751  963  729  824  920  875  867  839  807  715  771  771  755  924  763  865  927  814  864  729  691  731  807  709  880  818  892  764 
 813  753  939  678  694  841  921  905  885  854  915    0  710  748  846  832  795  695  834  744  911  802  911  703  740  771  763  752  912  789  872  750  702  966  916  801  786  895  707  696  792  716  749  696  789  710  786  857  848  763  871  962  777  830  724  696  874  795  904  777  845  785  813  805  916  807  768  855  906  811  745  920  722  712  737  725  678  808  857  958  832  869  965  853  928  755  783  766  886  745  946  711  774  935  737  732  928  952  768  767  894  770  849  880  809  953  855  783  929  715  925  827  949  738  812  964  866  896  875  842  794  904  906  952  881  795  687  803  736  882  893  887  900  829  720  881  893  747  847  922  830  855  859  902  866  711  724  812  870  875  791  726  957  766  775  749  904  964  825  801  786  860  742  944  688  808  821  857  745  762  721  691  917  725  883  902  946  858  699  681  886  828  966  719  849  721  758  821  831  877  738  849  708  828  710  963  738  818  922  842 
 848  844  852  958  822  864  844  783  805  773  680  710    0  825  942  817  929  866  745  762  765  895  816  770  691  825  722  679  880  928  726  742  904  906  896  775  699  757  697  874  870  684  794  916  859  713  787  863  799  960  757  729  759  936  773  944  686  908  926  843  958  768  704  882  810  924  803  941  846  835  695  882  894  751  958  815  847  851  876  740  877  861  830  852  964  705  940  799  815  678  703  805  802  924  957  961  771  763  901  897  778  947  789  708  751  787  893  696  797  742  942  948  698  890  914  679  858  757  919  935  714  861  883  789  709  894  707  854  797  724  789  774  783  742  679  882  753  712  760  700  678  869  684  682  806  692  728  807  956  878  860  826  789  809  959  797  787  689  831  876  910  895  709  714  896  789  678  922  936  818  834  800  850  831  938  796  880  916  745  798  763  734  771  907  818  878  944  828  895  779  896  859  742  689  784  680  853  722  831  789 
 867  713  721  677  762  920  962  890  871  715  754  748  825    0  705  716  751  740  960  805  763  849  848  839  677  854  814  795  913  954  709  926  908  777  701  868  732  954  687  816  782  941  885  681  749  885  759  798  898  911  755  834  812  834  938  690  761  722  874  824  765  717  964  826  918  718  843  882  951  826  927  963  941  951  870  690  940  889  824  889  907  716  894  903  895  724  753  772  939  846  808  745  821  678  760  826  808  902  956  915  792  814  837  891  910  696  893  698  775  809  922  722  755  909  802  925  795  817  780  829  746  693  929  829  844  889  798  899  699  830  717  816  806  824  792  790  920  747  912  941  880  742  921  919  768  789  815  744  782  691  767  858  701  894  833  693  685  682  688  861  772  826  717  778  697  800  779  927  911  695  866  885  852  820  873  727  919  708  906  781  747  768  758  756  860  751  747  820  861  699  691  787  738  808  716  865  954  835  736  948 
 862  884  916  853  823  869  873  966  829  939  882  846  942  705    0  819  714  794  806  847  921  841  870  717  796  796  688  786  929  815  910  809  791  700  751  810  866  677  944  829  935  689  900  868  884  843  874  867  752  953  736  810  838  731  809  771  717  891  868  961  910  897  910  712  733  764  777  697  787  757  685  928  730  890  932  748  700  777  857  933  764  708  872  892  812  863  783  760  958  881  721  840  948  853  775  855  825  766  768  890  866  709  783  742  830  911  707  934  714  802  777  773  885  925  879  686  760  933  698  765  788  961  864  831  912  787  892  813  795  744  708  850  895  786  751  848  708  796  718  741  866  849  888  779  905  820  878  803  698  709  953  812  705  850  796  787  813  807  734  811  903  838  857  823  935  908  933  888  837  922  872  908  958  921  763  825  909  700  691  778  852  902  680  862  747  712  943  940  707  807  964  771  773  885  770  909  966  715  826  798 
 932  770  830  953  963  712  951  756  751  750  963  832  817  716  819    0  936  835  885  691  823  741  692  889  875  681  886  924  897  894  838  880  956  751  901  847  793  923  748  737  906  815  867  710  883  789  698  741  731  878  820  771  681  684  754  726  958  921  917  945  719  958  893  706  914  868  843  796  899  839  726  746  822  953  857  904  680  915  955  937  943  854  783  685  729  791  817  835  795  747  928  690  760  851  793  880  851  829  873  865  714  950  921  897  918  850  851  856  727  829  861  909  724  783  819  880  843  824  707  849  731  864  818  789  687  870  864  954  940  733  678  753  777  793  908  815  955  914  834  716  854  804  863  755  807  788  958  950  943  905  913  742  932  744  830  911  895  918  859  703  840  779  753  886  847  844  748  767  936  956  894  779  861  948  727  749  823  794  701  811  686  823  952  722  767  767  847  867  883  906  791  897  853  917  884  726  714  959  758  904 
 959  726  833  758  697  831  856  888  791  868  784  795  929  751  714  936    0  746  941  824  843  762  690  709  931  871  776  935  696  813  899  830  763  766  953  683  908  713  702  864  846  822  733  731  753  963  707  747  903  866  764  873  844  777  750  965  870  945  802  908  807  702  772  686  893  942  954  787  956  822  946  784  848  946  725  762  776  697  724  777  855  904  825  869  697  931  865  916  954  691  752  910  734  814  793  740  849  966  870  782  849  877  775  909  849  843  851  733  689  688  900  933  898  706  870  811  861  756  736  703  806  693  723  692  848  714  797  707  889  923  904  862  915  921  793  865  681  897  880  862  820  924  961  909  886  711  799  687  777  810  826  717  807  900  739  873  796  698  695  961  922  899  892  749  697  859  688  706  689  913  914  889  826  846  766  889  898  716  730  823  844  927  802  785  698  858  802  785  888  924  873  735  792  815  827  739  868  924  680  854 
 738  715  864  692  866  817  773  828  921  719  891  695  866  740  794  835  746    0  761  821  688  953  742  860  883  782  783  878  884  725  964  864  803  878  853  703  787  906  764  827  741  966  756  829  920  880  734  741  951  878  778  904  853  718  921  885  843  868  789  714  938  757  893  873  868  807  776  866  841  959  791  865  888  752  888  812  724  695  733  958  930  833  733  925  935  828  810  932  777  806  704  685  905  700  704  835  759  809  898  909  920  825  953  775  808  723  680  933  768  913  924  691  765  908  741  888  854  931  817  756  881  684  718  962  722  726  791  898  713  796  777  810  731  844  916  738  703  947  906  844  689  689  926  829  963  966  849  682  862  837  733  782  846  725  727  729  772  769  814  780  749  872  898  900  781  708  894  790  855  753  820  956  806  737  853  790  936  775  758  965  962  873  734  955  896  765  685  812  729  695  754  816  956  696  815  875  742  795  837  833 
 836  702  684  777  760  837  724  865  694  806  844  834  745  960  806  885  941  761    0  850  775  901  930  898  830  900  954  751  931  689  765  966  948  779  723  742  835  718  874  829  941  795  733  737  703  951  902  799  955  901  739  875  908  748  897  847  848  713  802  720  834  864  803  843  733  808  676  867  809  836  700  944  776  796  702  907  827  741  803  766  732  798  709  837  775  894  708  688  839  837  787  879  952  683  761  780  930  835  917  896  817  754  955  755  966  765  928  953  727  953  817  909  887  680  690  888  776  880  793  678  782  849  692  924  835  946  677  773  958  793  883  696  893  942  738  912  818  963  950  956  958  961  778  896  833  895  718  904  694  765  954  818  939  713  919  797  760  703  762  860  691  813  803  786  854  879  723  835  676  694  755  954  696  947  758  844  963  837  688  712  677  902  936  810  921  758  859  688  843  808  951  769  750  823  883  945  716  798  833  849 
 906  840  724  966  855  961  705  846  857  757  894  744  762  805  847  691  824  821  850    0  819  916  879  821  886  744  717  908  728  850  708  737  720  710  725  915  913  826  808  913  932  886  708  680  757  893  897  787  686  816  826  746  696  813  739  910  742  943  801  943  796  903  802  772  956  826  777  915  801  781  863  757  952  684  852  815  733  829  945  757  821  931  751  880  858  933  767  888  902  788  805  782  948  759  796  689  836  723  913  749  694  690  752  678  732  815  744  795  920  758  751  899  842  962  898  835  741  687  735  961  910  924  708  765  785  962  899  947  883  804  786  923  805  938  873  916  705  843  920  692  743  831  781  869  906  847  806  817  758  910  744  762  919  943  960  814  769  864  775  738  762  886  926  937  937  949  966  907  738  741  870  739  949  702  882  741  949  750  776  895  794  955  690  694  925  962  793  885  718  950  819  903  919  962  936  911  935  698  680  860 
 956  884  893  876  720  883  966  792  852  907  746  911  765  763  921  823  843  688  775  819    0  955  708  850  913  884  813  774  716  757  896  880  899  719  835  683  769  882  742  783  692  723  741  937  717  713  727  721  956  931  827  815  934  856  713  941  716  813  874  843  776  835  806  907  690  747  887  748  892  770  747  756  799  702  777  951  926  802  695  883  693  930  899  919  840  894  894  829  676  879  679  874  745  716  759  765  760  908  835  891  688  703  795  891  889  846  748  954  833  874  909  695  957  811  852  691  879  844  692  783  842  686  926  683  686  826  738  951  885  758  718  855  788  929  935  735  795  818  959  958  744  876  887  832  930  794  772  913  843  677  884  727  723  767  767  706  911  683  787  863  880  945  897  773  847  964  748  884  687  793  926  889  919  940  844  752  770  740  829  716  887  962  727  829  740  827  893  889  874  927  943  833  955  833  883  866  878  689  748  781 
 705  923  853  950  853  773  765  813  683  840  765  802  895  849  841  741  762  953  901  916  955    0  834  765  886  883  756  820  819  904  853  907  750  717  944  950  825  733  721  740  919  742  909  823  953  852  715  766  917  811  909  881  745  857  966  717  701  765  774  922  905  936  836  966  821  929  786  791  956  792  877  714  717  750  844  819  794  681  690  725  857  725  921  938  841  857  852  855  899  682  807  862  731  784  946  692  708  702  840  881  783  892  828  838  890  958  749  746  848  843  860  802  822  817  910  920  901  817  946  856  756  697  932  741  911  744  808  957  807  932  783  881  899  929  815  722  723  696  886  861  684  766  845  962  786  809  708  965  789  723  870  849  793  742  774  855  952  940  732  761  840  922  720  765  791  749  712  960  699  953  709  679  913  806  770  699  861  692  859  763  950  684  870  956  807  773  784  762  943  688  952  784  851  880  822  875  754  839  729  910 
 865  832  958  787  871  690  680  945  708  764  808  911  816  848  870  692  690  742  930  879  708  834    0  739  833  854  848  807  924  805  890  726  718  873  784  895  810  825  882  793  903  907  855  851  938  871  824  908  700  808  756  853  817  708  857  798  817  859  928  741  851  926  950  784  713  738  817  833  931  948  963  895  754  863  907  704  902  692  786  758  780  818  795  801  778  825  955  739  717  687  847  914  789  742  807  707  943  745  731  736  701  678  829  810  917  908  828  932  957  772  798  814  849  828  691  947  818  713  947  801  732  833  785  884  772  899  847  778  721  963  762  867  719  954  915  913  904  792  781  682  909  699  923  764  847  829  752  709  865  751  741  726  686  761  830  906  896  799  693  786  907  722  763  963  826  717  887  841  793  798  715  793  855  742  861  901  690  941  838  726  911  831  928  868  789  878  795  822  739  877  884  831  765  933  776  700  698  869  874  785 
 752  770  890  962  803  735  842  687  741  862  806  703  770  839  717  889  709  860  898  821  850  765  739    0  753  872  774  757  727  687  774  676  738  947  943  703  837  772  934  849  761  845  688  826  816  680  735  932  873  716  808  918  946  902  757  908  927  683  948  824  694  772  928  957  685  933  796  751  704  784  929  842  762  920  945  817  777  900  707  840  682  949  885  941  788  699  876  696  911  727  898  834  929  922  881  846  727  825  896  744  696  829  781  760  699  848  685  867  855  935  911  682  783  894  708  732  846  879  808  834  745  700  711  799  855  762  942  859  800  790  719  965  940  908  874  831  744  738  732  930  766  688  921  731  753  930  745  833  819  712  755  687  794  774  960  731  891  943  883  788  878  898  925  706  816  719  886  785  813  768  711  956  700  862  710  877  786  930  911  910  755  961  682  818  757  842  843  872  701  704  877  685  911  764  735  764  932  752  779  907 
 885  786  835  811  915  903  845  782  706  819  870  740  691  677  796  875  931  883  830  886  913  886  833  753    0  914  724  787  955  966  747  822  691  877  948  848  923  771  686  776  939  720  812  741  706  718  724  680  801  708  767  847  839  794  849  788  751  683  867  914  818  947  721  809  877  941  762  739  709  927  908  749  796  743  721  879  762  790  790  853  893  695  956  760  736  843  769  684  771  782  949  836  839  731  913  786  708  867  747  905  744  942  829  887  913  686  790  862  869  895  791  900  860  808  690  862  903  773  841  686  922  682  676  719  964  877  682  810  828  696  823  932  750  714  741  710  853  683  792  899  737  893  834  784  689  726  744  921  796  745  854  779  902  704  757  927  959  902  705  865  679  797  688  889  791  961  802  718  791  781  685  926  719  770  774  806  857  748  849  904  859  694  696  815  896  797  864  855  826  909  713  755  901  870  813  749  873  778  688  936 
 834  681  717  892  877  814  913  721  868  707  826  771  825  854  796  681  871  782  900  744  884  883  854  872  914    0  811  710  729  845  809  691  915  965  823  679  812  790  775  738  822  815  710  772  685  963  793  893  946  794  936  887  808  798  825  718  699  915  790  766  735  919  947  944  848  964  827  829  921  878  754  938  910  791  877  935  907  746  916  792  695  768  720  851  934  817  886  878  771  777  693  691  756  683  839  830  845  904  966  724  714  840  941  896  684  689  736  700  834  878  781  903  863  800  854  745  708  898  760  832  703  754  918  729  857  852  938  940  872  814  779  683  736  896  842  804  725  850  814  852  830  716  843  769  885  714  748  759  887  861  682  686  865  779  902  694  715  820  892  701  819  719  936  825  729  933  833  797  838  735  734  755  808  804  745  814  874  732  942  826  954  721  941  786  792  829  809  782  769  937  687  891  851  747  685  901  677  688  880  787 
 678  732  872  916  687  834  811  899  874  904  948  763  722  814  688  886  776  783  954  717  813  756  848  774  724  811    0  928  785  734  684  808  887  942  881  698  777  724  856  699  749  713  720  876  758  941  879  892  757  891  833  827  731  755  862  870  844  948  805  712  676  723  712  709  965  894  824  789  703  806  679  797  707  811  906  681  821  937  723  678  957  911  788  760  899  907  762  915  946  944  713  936  946  702  947  926  884  936  964  744  938  821  796  713  904  758  944  741  910  747  733  724  724  962  849  884  713  821  740  779  903  887  729  703  903  926  776  783  682  821  814  848  854  839  873  914  795  778  794  817  679  876  780  707  719  677  765  835  909  721  858  962  705  678  726  840  719  922  902  776  769  816  882  843  800  777  725  718  789  915  826  712  819  810  766  901  864  792  870  752  696  923  687  762  710  857  818  822  789  832  723  894  701  729  868  862  829  937  902  734 
 832  728  855  753  941  682  795  734  856  965  845  752  679  795  786  924  935  878  751  908  774  820  807  757  787  710  928    0  729  692  835  914  731  756  865  949  931  879  751  935  792  718  706  936  946  915  829  694  685  761  951  965  927  828  763  846  925  826  878  828  886  789  911  785  797  775  873  686  941  797  696  677  682  821  901  689  824  864  882  885  902  841  935  944  809  737  921  782  946  912  693  820  738  959  861  836  924  785  684  771  704  930  825  713  946  756  951  693  820  946  698  763  874  828  877  855  895  783  939  926  800  935  821  718  889  714  960  747  720  904  804  829  923  724  680  710  877  886  738  813  790  823  702  787  789  796  719  913  878  934  828  882  851  953  729  890  680  849  965  765  713  688  847  729  923  735  741  787  863  728  703  932  728  908  917  873  702  782  790  763  823  699  779  760  697  757  787  846  930  700  934  884  899  955  922  707  925  815  794  869 
 783  699  925  908  779  909  771  726  755  788  928  912  880  913  929  897  696  884  931  728  716  819  924  727  955  729  785  729    0  703  816  800  944  877  741  730  864  783  856  926  816  696  683  699  824  858  868  706  690  846  766  750  910  741  736  770  889  698  931  809  926  706  784  784  698  690  966  933  936  895  942  824  686  716  794  790  923  916  842  749  947  936  730  886  867  743  839  688  719  738  931  872  851  946  753  851  867  685  711  749  897  781  927  686  811  833  766  910  707  730  963  815  756  858  739  716  757  755  704  946  820  913  781  728  874  900  932  826  921  703  964  803  777  870  789  914  771  898  678  864  688  855  726  826  898  750  761  955  922  913  843  867  947  884  792  941  851  853  802  741  920  719  851  858  817  711  763  849  912  785  954  873  950  958  816  868  833  776  821  871  751  702  750  732  701  795  747  746  690  734  917  953  820  903  892  907  776  772  705  904 
 961  692  905  800  918  940  919  856  889  857  854  789  928  954  815  894  813  725  689  850  757  904  805  687  966  845  734  692  703    0  956  794  800  694  922  874  785  875  841  882  714  723  782  822  877  922  739  925  957  833  859  691  812  869  826  693  965  839  925  702  904  722  694  892  697  965  893  721  849  881  815  803  810  841  898  909  826  681  684  935  910  854  701  749  746  681  745  879  772  719  934  775  691  728  920  956  947  755  781  955  844  778  828  936  721  913  963  777  699  922  814  914  679  814  890  867  890  910  924  761  941  853  745  854  876  688  869  939  692  714  780  918  754  725  914  825  874  811  711  743  797  846  719  737  682  780  852  817  745  947  787  884  881  736  813  848  898  927  837  695  755  680  781  874  759  743  709  788  819  702  730  772  863  910  874  706  870  768  936  831  884  918  822  760  929  798  932  716  926  928  898  742  679  847  771  903  837  884  734  813 
 765  741  713  808  726  693  891  965  888  862  909  872  726  709  910  838  899  964  765  708  896  853  890  774  747  809  684  835  816  956    0  925  875  837  936  847  908  896  909  842  744  711  781  747  862  713  796  952  721  880  872  746  736  908  741  822  889  952  844  702  829  829  914  850  926  891  771  722  841  937  935  721  732  783  761  785  799  799  782  701  833  886  795  696  836  734  842  720  718  932  701  677  703  838  884  902  864  966  854  725  921  697  736  803  940  804  918  785  841  906  930  681  766  873  705  908  876  840  807  901  954  882  933  877  892  684  952  796  878  888  705  883  813  937  696  737  822  942  863  848  782  814  778  873  681  918  814  726  884  771  824  725  877  782  946  808  953  884  719  947  874  813  824  790  856  741  928  761  831  700  781  869  745  843  928  787  750  676  923  803  810  896  928  891  826  945  717  700  877  681  743  958  874  885  945  936  841  954  688  869 
 885  751  938  891  713  749  953  920  737  908  899  750  742  926  809  880  830  864  966  737  880  907  726  676  822  691  808  914  800  794  925    0  956  910  850  889  887  739  726  752  855  835  876  830  871  787  764  930  853  738  676  810  751  852  901  770  911  822  910  907  942  917  710  710  903  811  709  742  760  730  698  738  940  901  801  873  852  782  757  722  724  731  784  958  930  784  799  913  788  966  726  729  731  744  701  687  731  966  926  932  763  880  693  952  783  771  817  677  688  825  827  726  906  724  699  873  754  753  820  803  955  710  741  739  684  909  736  908  679  935  775  704  924  801  931  900  923  966  801  944  934  699  679  700  888  964  826  835  704  756  783  848  759  714  885  956  906  910  676  784  817  723  920  792  957  816  717  957  743  884  680  779  893  899  914  869  742  752  690  921  714  683  881  694  952  922  847  961  894  957  753  883  874  786  735  904  955  681  776  916 
 886  940  770  965  807  706  963  677  776  852  814  702  904  908  791  956  763  803  948  720  899  750  718  738  691  915  887  731  944  800  875  956    0  906  899  896  877  725  707  755  754  778  768  911  883  753  851  917  921  778  735  771  829  765  747  754  961  755  868  922  839  704  800  688  800  807  842  831  803  908  875  900  925  964  747  938  852  881  827  945  762  883  706  912  717  785  747  834  831  721  806  954  944  890  896  810  747  714  878  850  788  740  830  787  784  927  868  730  928  904  718  866  736  753  963  756  867  730  681  701  823  750  719  760  835  843  819  936  776  845  805  842  856  887  883  746  778  759  835  823  943  893  816  833  829  869  685  769  681  877  923  901  746  706  764  783  683  854  779  879  848  783  815  865  828  710  836  896  832  678  678  872  763  839  727  848  858  965  839  830  863  783  935  950  930  923  850  700  858  846  770  885  687  755  904  905  782  948  966  732 
 914  910  769  739  680  707  753  697  734  762  792  966  906  777  700  751  766  878  779  710  719  717  873  947  877  965  942  756  877  694  837  910  906    0  692  790  764  927  917  940  948  811  748  890  863  746  807  966  766  850  886  873  695  877  711  946  855  864  890  937  941  767  708  682  926  763  917  680  862  796  797  792  702  821  892  680  819  899  753  879  833  684  940  783  871  799  784  795  703  749  829  812  949  945  741  777  962  935  725  702  898  746  874  895  740  878  864  953  754  790  961  876  745  957  894  949  949  816  773  708  749  725  921  740  763  759  810  677  807  746  849  859  955  919  884  796  897  713  704  822  697  955  852  710  887  917  952  798  772  918  692  858  922  709  944  683  781  915  752  730  737  939  852  756  810  745  712  889  959  716  857  802  891  877  919  808  722  764  736  925  865  911  700  874  696  924  788  952  688  720  844  858  742  818  937  875  688  813  906  733 
 885  782  959  877  678  706  921  763  729  779  869  916  896  701  751  901  953  853  723  725  835  944  784  943  948  823  881  865  741  922  936  850  899  692    0  900  948  773  773  928  900  752  873  890  833  680  886  747  708  750  710  893  919  921  759  736  688  747  899  888  820  839  832  916  713  823  909  827  731  722  910  902  723  838  876  936  954  812  820  909  682  879  933  725  726  768  781  806  683  961  726  728  869  817  944  875  840  777  810  736  810  676  874  953  904  882  707  886  689  689  874  900  843  744  927  691  864  853  822  886  797  798  883  700  858  950  954  912  938  700  855  876  897  837  966  677  887  960  700  895  841  913  678  710  844  790  747  958  822  885  813  941  819  872  849  966  871  911  958  842  919  784  913  865  785  712  797  822  809  948  811  781  892  692  796  842  858  728  892  710  812  860  743  810  879  897  773  769  724  894  710  749  687  964  715  857  807  850  916  953 
 827  811  705  930  916  878  702  786  701  713  842  801  775  868  810  847  683  703  742  915  683  950  895  703  848  679  698  949  730  874  847  889  896  790  900    0  910  861  686  957  813  743  693  734  865  821  731  841  713  835  960  716  749  844  957  934  831  917  725  820  713  843  956  845  855  751  770  735  783  683  759  799  828  964  829  854  959  720  774  794  890  860  709  755  948  711  750  961  699  879  768  816  885  816  796  718  840  903  741  748  943  723  744  865  768  789  680  899  701  918  692  785  915  755  814  712  704  702  869  947  957  676  781  892  785  719  824  728  922  687  869  916  906  958  738  729  957  812  833  838  744  946  830  869  900  742  706  881  928  868  789  824  744  729  947  775  860  939  909  733  820  936  852  738  935  702  873  915  804  754  773  687  807  886  755  822  692  695  753  959  947  712  834  773  903  697  698  763  853  848  954  949  855  795  741  863  704  923  791  910 
 743  784  709  917  738  839  692  928  731  780  692  786  699  732  866  793  908  787  835  913  769  825  810  837  923  812  777  931  864  785  908  887  877  764  948  910    0  901  857  692  785  708  729  939  781  679  890  690  739  835  806  896  692  848  881  810  725  841  941  839  910  897  860  765  815  806  928  808  737  756  720  785  826  964  788  958  779  798  905  720  875  891  937  902  904  878  705  781  751  782  820  884  800  900  738  754  745  953  866  695  954  945  757  849  887  680  702  889  921  725  958  878  896  885  861  756  809  797  815  699  679  676  922  865  879  894  905  951  957  734  798  840  740  899  682  913  858  815  895  728  803  963  678  858  955  861  710  687  756  713  805  892  853  871  841  761  891  756  907  730  931  772  927  786  680  712  902  899  958  866  769  851  960  759  746  821  726  916  700  725  696  757  793  934  789  770  780  827  710  960  808  749  940  755  962  703  846  839  836  908 
 682  785  890  699  893  820  745  949  801  881  693  895  757  954  677  923  713  906  718  826  882  733  825  772  771  790  724  879  783  875  896  739  725  927  773  861  901    0  930  901  686  684  781  715  848  878  910  851  790  820  883  845  720  694  860  871  793  760  807  900  905  861  951  823  695  727  804  777  715  699  786  861  689  791  885  874  728  910  856  916  898  720  828  919  699  692  839  794  731  711  730  744  912  746  683  703  703  802  944  965  885  966  815  915  727  837  685  774  765  924  943  833  685  677  815  876  786  809  714  906  705  797  804  855  716  792  942  923  893  906  737  762  876  719  881  697  834  700  769  731  935  813  776  837  769  920  903  927  682  700  691  748  850  710  719  860  840  748  833  728  847  818  718  706  911  724  835  703  901  816  924  728  683  823  879  863  864  836  814  778  903  957  902  726  749  931  705  869  876  953  840  860  935  758  791  952  868  702  915  958 
 741  678  914  933  826  737  785  792  910  963  685  707  697  687  944  748  702  764  874  808  742  721  882  934  686  775  856  751  856  841  909  726  707  917  773  686  857  930    0  903  722  892  889  676  743  823  781  886  896  813  797  916  779  939  886  946  812  712  958  822  877  789  778  678  805  699  859  909  785  938  893  900  863  833  714  880  718  922  738  721  790  764  731  709  828  900  745  841  728  882  870  903  928  957  741  731  960  782  794  905  940  702  862  745  849  922  832  739  837  777  877  919  767  952  695  676  896  926  739  741  915  779  719  707  820  848  713  960  734  864  912  784  846  689  687  961  960  820  727  796  902  782  804  839  937  688  885  801  725  676  714  861  712  805  815  691  681  763  762  798  772  845  808  761  711  841  818  758  756  961  890  840  901  798  760  911  687  692  873  834  697  954  739  803  948  842  787  788  701  872  949  747  949  693  966  821  866  734  712  713 
