20 4 24 311

   0  900  927  838  735  764  921  792  964  819  933  724  872  802  947  816  799  826  730  736 
 900    0  714  791  895  855  731  774  865  899  908  775  829  848  682  761  937  814  878  743 
 927  714    0  781  798  750  869  793  842  768  899  966  820  885  918  792  678  878  850  917 
 838  791  781    0  873  904  951  892  680  693  902  748  902  733  730  954  796  799  841  789 
 735  895  798  873    0  788  809  803  928  936  734  856  915  714  916  757  847  869  952  706 
 764  855  750  904  788    0  925  741  755  843  875  828  769  939  902  940  961  817  833  683 
 921  731  869  951  809  925    0  964  800  702  772  812  891  809  828  706  962  834  772  929 
 792  774  793  892  803  741  964    0  857  782  869  964  898  815  816  841  854  761  793  901 
 964  865  842  680  928  755  800  857    0  946  915  740  689  883  850  857  966  955  965  691 
 819  899  768  693  936  843  702  782  946    0  869  851  677  884  677  935  804  735  927  955 
 933  908  899  902  734  875  772  869  915  869    0  794  782  711  683  935  912  877  780  854 
 724  775  966  748  856  828  812  964  740  851  794    0  748  962  818  919  762  779  712  941 
 872  829  820  902  915  769  891  898  689  677  782  748    0  847  745  944  898  705  707  848 
 802  848  885  733  714  939  809  815  883  884  711  962  847    0  730  850  931  845  833  688 
 947  682  918  730  916  902  828  816  850  677  683  818  745  730    0  886  880  797  786  862 
 816  761  792  954  757  940  706  841  857  935  935  919  944  850  886    0  778  741  727  838 
 799  937  678  796  847  961  962  854  966  804  912  762  898  931  880  778    0  859  834  888 
 826  814  878  799  869  817  834  761  955  735  877  779  705  845  797  741  859    0  768  803 
 730  878  850  841  952  833  772  793  965  927  780  712  707  833  786  727  834  768    0  682 
 736  743  917  789  706  683  929  901  691  955  854  941  848  688  862  838  888  803  682    0 

   0 1042  813  864 1079  880  611  821  871 1014  642 1186 1022  762  941 1093 1018  659 1112 1118 
1042    0 1138  702 1008  772  861  762  725  941  613  703  805  609 1063  809  665  998 1191 1004 
 813 1138    0  912  809 1042  627  675  600  843  903  760  661 1124  724  612  603  676 1046 1060 
 864  702  912    0 1195  752  855  838  626  891 1031  720  637  816  693 1168  721  860  873  834 
1079 1008  809 1195    0  791 1188  785  804  834  734 1190 1034 1048  818  987  880 1045  862  702 
 880  772 1042  752  791    0  902  677  723  857  909  754  664 1083 1146  944 1165  619  784  817 
 611  861  627  855 1188  902    0  833  658  638  623  835  672 1190  791  866  993  659  904  637 
 821  762  675  838  785  677  833    0 1080  915  708  933  817 1081  908  608  706  929  843  760 
 871  725  600  626  804  723  658 1080    0 1128  793  942  758 1181  851  976  930  964 1184 1111 
1014  941  843  891  834  857  638  915 1128    0 1065  665 1000  944  663  825  618  633  920  732 
 642  613  903 1031  734  909  623  708  793 1065    0  783  681  978  906  996 1125  930  672  729 
1186  703  760  720 1190  754  835  933  942  665  783    0  602  766  694  830 1168  683 1190  769 
1022  805  661  637 1034  664  672  817  758 1000  681  602    0  682  905 1136  666 1151  643  952 
 762  609 1124  816 1048 1083 1190 1081 1181  944  978  766  682    0  758  729  735 1086  692  934 
 941 1063  724  693  818 1146  791  908  851  663  906  694  905  758    0 1152 1181  681  702 1017 
1093  809  612 1168  987  944  866  608  976  825  996  830 1136  729 1152    0  715  615 1144  815 
1018  665  603  721  880 1165  993  706  930  618 1125 1168  666  735 1181  715    0  779  899  682 
 659  998  676  860 1045  619  659  929  964  633  930  683 1151 1086  681  615  779    0 1090  712 
1112 1191 1046  873  862  784  904  843 1184  920  672 1190  643  692  702 1144  899 1090    0 1191 
1118 1004 1060  834  702  817  637  760 1111  732  729  769  952  934 1017  815  682  712 1191    0 

0 244 889
1 456 788
2 225 753
3 249 1023
4 694 967
5 243 846
6 590 887
7 447 890
8 561 1099
9 439 1070
10 407 736
11 439 822
12 312 871
13 602 1056
14 345 1016
15 696 1024
16 670 1042
17 244 1052
18 321 1063
19 290 953

0 1 15711 18430 2700 
0 15 7031 9829 1632 
0 2 8858 11589 1854 
0 14 4467 7007 1894 
0 2 10338 13150 1854 
0 5 6237 8067 1528 
0 14 546 3707 2841 
0 1 3593 6072 2700 
0 6 11142 12901 2763 
0 17 12726 14399 1652 
0 18 16988 20624 2920 
1 14 1062 4346 2728 
1 10 4224 6461 3632 
1 3 15773 17549 3164 
1 15 16390 18420 2283 
1 0 5221 8117 1800 
1 18 11230 13921 3512 
1 0 16896 18980 3600 
1 15 2174 4342 3044 
1 4 813 4290 3580 
1 13 1262 2662 2544 
1 0 11152 15069 2700 
2 14 15218 18048 1836 
2 19 14370 16617 3668 
2 15 6778 8473 2376 
2 8 8959 10261 3368 
2 1 137 4142 2856 
2 10 2141 5662 2697 
2 6 9488 10861 1738 
2 17 11308 13511 3512 
2 11 7124 9875 1932 
2 9 17114 19524 2304 
2 13 13899 16753 3540 
2 9 1118 3309 2304 
2 19 12721 16399 3668 
2 10 713 3223 2697 
3 0 16445 19780 2514 
3 1 2858 4514 3164 
3 4 217 4232 3492 
3 2 14980 16804 1562 
3 7 3753 6861 2676 
3 7 16472 19086 3568 
3 13 13268 16238 2932 
3 8 13893 16046 2040 
3 19 3743 5427 1578 
3 9 12873 15349 1386 
3 9 7258 10394 2772 
3 2 12841 16333 3124 
3 8 8146 9473 1360 
3 16 454 3100 3184 
4 0 9352 11607 2940 
4 11 17370 20023 2568 
4 12 16527 18936 3660 
4 8 10125 12826 1856 
4 11 436 4696 3424 
4 18 7636 9825 1904 
4 14 1878 4577 2748 
4 2 1455 3380 3192 
4 19 7851 9964 2824 
4 3 5193 8837 2619 
5 2 8788 11570 3000 
5 9 1942 4341 2529 
5 4 14615 16552 2364 
5 6 631 2444 3700 
5 4 3830 5435 2364 
5 0 7453 10594 1528 
5 6 15131 17710 3700 
5 6 12987 16315 3700 
5 11 881 3655 2484 
5 10 7855 9872 1750 
5 2 17281 21396 2250 
5 19 14664 17025 1366 
5 17 756 2879 2451 
5 14 8465 11811 2706 
5 11 10518 13043 1656 
6 2 7568 9969 3476 
6 15 13273 16139 2118 
6 9 724 3224 2808 
6 10 15453 17720 2316 
6 9 10088 12442 2106 
6 18 3124 5790 3088 
6 13 2438 6127 1618 
6 19 4862 6142 3716 
6 3 9847 11950 2853 
6 4 15535 19859 1618 
6 19 907 2722 2787 
6 11 6946 9267 2436 
6 19 15459 16860 3716 
6 19 4237 5612 1858 
6 2 4147 5789 1738 
6 16 10215 13481 1924 
6 12 14911 16483 1782 
6 4 10965 15087 2427 
7 13 2826 5906 3260 
7 3 3422 5508 1784 
7 17 13684 16870 1522 
7 14 5145 7115 2448 
7 16 15526 18131 2562 
7 18 13687 16721 2379 
7 14 10658 13944 3264 
7 1 4150 7129 3096 
7 16 2264 4269 1708 
7 1 218 2976 3096 
7 1 13291 16140 2322 
7 11 1830 4237 2892 
7 5 1246 3216 1482 
7 18 4464 7465 3172 
7 8 17176 20308 2571 
7 15 14501 15771 2523 
7 5 16032 17758 1482 
7 0 14614 17093 3168 
7 13 10255 13443 2445 
7 15 3665 5245 3364 
8 5 129 2977 1510 
8 12 8000 9743 1378 
8 0 1509 3895 2892 
8 10 15384 18357 3660 
8 14 7454 10032 2550 
8 11 9371 11462 1480 
8 12 3860 5724 2756 
8 19 17395 20605 2073 
8 3 9700 12197 2040 
8 15 6185 8195 1714 
9 6 1897 3957 1404 
9 17 2437 4285 1470 
9 2 15952 18253 3072 
9 8 6293 9812 2838 
9 18 10860 13794 2781 
9 10 2926 6919 3476 
9 6 7860 9391 1404 
9 5 16485 19081 3372 
9 13 12602 14593 1768 
9 18 10177 12881 2781 
9 5 16044 19420 2529 
9 3 8718 10660 1386 
9 8 8869 11519 1892 
9 8 7668 11040 1892 
9 15 6585 8441 3740 
9 11 7624 10004 2553 
9 6 12375 14582 2106 
9 17 17550 18980 1470 
9 17 3273 4899 1470 
9 1 3515 7090 3596 
9 7 2027 5128 2346 
9 18 271 2230 2781 
9 16 2948 5389 2412 
10 15 1085 3136 2805 
10 17 6292 10002 1754 
10 0 6660 9176 2799 
10 8 5037 7281 2745 
10 6 2647 4385 2316 
10 14 16617 19407 2732 
10 5 13026 16243 3500 
10 4 4617 6628 2202 
10 5 14921 18011 1750 
10 12 17466 19604 2346 
10 17 14475 18148 1754 
10 8 8271 11284 3660 
10 18 13261 14846 1560 
10 15 134 2902 3740 
10 3 6747 10169 3608 
10 13 16870 19226 2844 
10 1 14986 16543 1816 
10 17 10210 12972 3508 
10 18 16394 18127 2340 
10 0 1661 3554 2799 
10 16 7011 11432 1824 
10 9 1343 4921 3476 
10 5 8372 10589 3500 
10 5 1572 5108 3500 
11 15 7353 10465 2757 
11 8 6876 9758 1480 
11 6 1747 4176 1624 
11 3 6608 8861 1496 
11 15 7940 10164 2757 
11 7 8776 12368 2892 
11 13 9257 12060 1924 
11 3 11229 13295 1496 
11 2 15087 18066 2898 
11 0 7159 10800 2172 
11 2 7955 10964 1932 
11 2 3503 5357 2898 
11 4 11334 13761 1712 
11 2 13338 15055 2898 
11 2 16355 18855 3864 
11 15 8041 10132 3676 
11 8 303 2818 2960 
11 8 6207 9014 1480 
11 5 4513 6307 2484 
11 7 12864 14972 1928 
11 8 4329 6222 2960 
11 10 9097 11829 1588 
12 5 15286 17702 2307 
12 2 4162 6111 3280 
12 19 2112 5701 3392 
12 8 7419 10125 2756 
12 13 6192 8831 2541 
12 16 3454 5884 3592 
12 10 9261 10827 1564 
12 16 4861 6639 1796 
12 16 16230 18481 3592 
12 3 15559 17903 2706 
12 7 147 2164 1796 
12 5 10788 13072 3076 
12 9 1712 4972 2708 
12 5 3981 5973 1538 
12 7 13423 16429 3592 
12 11 13017 14889 2244 
13 7 6287 9962 2445 
13 16 7046 8530 2793 
13 12 15077 16652 3388 
13 8 11353 14884 1766 
13 16 15902 18364 3724 
13 17 1134 4283 3380 
13 17 12974 15287 3380 
13 1 3894 5647 2544 
13 1 2106 3750 1696 
13 5 1595 5190 3756 
13 17 7204 11537 2535 
14 8 12944 15658 1700 
14 19 8558 11649 1724 
14 12 6418 9721 2235 
14 0 2777 6258 2841 
14 16 8967 12663 3520 
14 9 12465 14507 1354 
14 13 13986 15509 2920 
14 19 10502 12607 3448 
14 8 13521 16448 3400 
15 2 4250 6086 1584 
15 16 2564 5373 1556 
15 8 13987 16436 2571 
15 17 14460 16409 1482 
15 3 6795 11139 1908 
15 17 6187 7859 1482 
15 1 10018 12275 2283 
15 0 16642 20369 2448 
15 10 10959 13289 3740 
15 8 12547 15465 3428 
15 8 12923 16397 3428 
15 9 10536 12284 1870 
15 16 13424 16233 3112 
15 19 17196 19070 3352 
15 16 15713 17557 3112 
15 12 2161 5739 1888 
15 1 2177 4474 1522 
15 17 10638 12624 2223 
15 17 2903 4711 2964 
15 17 17075 19036 1482 
15 12 7689 10120 1888 
15 10 15136 18064 2805 
15 9 16625 19619 3740 
16 12 13406 15430 1796 
16 9 7549 9755 1608 
16 9 6611 8854 3216 
16 1 14809 16943 3748 
16 8 1956 4959 1932 
16 5 244 2574 1922 
16 6 7801 11643 1924 
16 10 13504 17092 1824 
16 18 108 2535 2502 
16 3 5240 7511 1592 
16 15 8063 10401 2334 
16 9 13893 16272 3216 
16 7 321 1747 2562 
16 0 15824 19173 3196 
16 11 12498 16959 3048 
16 4 10292 12104 3388 
16 2 9251 10541 1356 
16 3 9404 12042 3184 
16 11 2824 5580 1524 
16 5 14226 17313 3844 
17 19 6261 8688 3212 
17 16 16932 18965 1718 
17 8 14231 16322 1910 
17 3 11381 14055 3196 
17 0 15886 17922 2478 
17 16 13323 14974 3436 
17 2 13153 15559 2634 
17 1 2831 5795 3256 
17 10 2193 5271 1754 
17 18 12847 15245 1536 
18 19 1862 5935 2728 
18 4 17024 19230 2856 
18 6 10648 12754 1544 
18 15 7259 10553 1454 
18 0 7923 11659 2190 
18 14 15677 18063 2358 
18 9 15922 19252 1854 
18 1 2441 5132 2634 
18 2 4742 7587 2550 
18 19 12570 16178 2046 
18 7 8145 10842 1586 
18 11 15261 19854 1424 
18 2 8031 11576 2550 
18 6 16568 18882 1544 
18 19 12845 15334 2046 
18 5 13976 15959 2499 
18 6 1023 4015 3088 
18 15 2759 7014 2181 
18 7 8784 12004 1586 
18 14 7074 9643 3144 
18 9 8134 11473 1854 
19 14 9384 12485 2586 
19 4 11127 13534 2824 
19 10 2799 4497 2562 
19 5 7147 8985 1366 
19 17 2414 4649 3212 
19 3 79 2806 3156 
19 3 10054 12564 2367 
19 3 11398 14333 2367 
19 12 1920 4699 3392 

0 1 0 0
0 1 1 0
0 1 2 0
0 1 3 0
0 1 4 0
0 2 0 0
0 2 1 0
0 2 2 0
0 2 3 0
0 2 4 0
0 3 0 0
0 3 1 0
0 3 2 0
0 3 3 0
0 3 4 0
0 4 0 0
0 4 1 0
0 4 2 0
0 4 3 0
0 4 4 0
0 5 0 3871
0 5 1 3871
0 5 2 0
0 5 3 0
0 5 4 0
0 6 0 3489
0 6 1 3489
0 6 2 3489
0 6 3 0
0 6 4 0
0 7 0 0
0 7 1 0
0 7 2 0
0 7 3 0
0 7 4 0
0 8 0 0
0 8 1 0
0 8 2 0
0 8 3 0
0 8 4 0
0 9 0 0
0 9 1 0
0 9 2 0
0 9 3 0
0 9 4 0
0 10 0 0
0 10 1 0
0 10 2 0
0 10 3 0
0 10 4 0
0 11 0 0
0 11 1 0
0 11 2 0
0 11 3 0
0 11 4 0
0 12 0 0
0 12 1 0
0 12 2 0
0 12 3 0
0 12 4 0
0 13 0 0
0 13 1 0
0 13 2 0
0 13 3 0
0 13 4 0
0 14 0 0
0 14 1 0
0 14 2 0
0 14 3 0
0 14 4 0
0 15 0 0
0 15 1 0
0 15 2 0
0 15 3 0
0 15 4 0
0 16 0 3025
0 16 1 3025
0 16 2 3025
0 16 3 0
0 16 4 0
0 17 0 3542
0 17 1 3542
0 17 2 0
0 17 3 0
0 17 4 0
0 18 0 0
0 18 1 0
0 18 2 0
0 18 3 0
0 18 4 0
0 19 0 3581
0 19 1 3581
0 19 2 0
0 19 3 0
0 19 4 0
1 0 0 0
1 0 1 0
1 0 2 0
1 0 3 0
1 0 4 0
1 2 0 0
1 2 1 0
1 2 2 0
1 2 3 0
1 2 4 0
1 3 0 0
1 3 1 0
1 3 2 0
1 3 3 0
1 3 4 0
1 4 0 3595
1 4 1 3595
1 4 2 0
1 4 3 0
1 4 4 0
1 5 0 0
1 5 1 0
1 5 2 0
1 5 3 0
1 5 4 0
1 6 0 0
1 6 1 0
1 6 2 0
1 6 3 0
1 6 4 0
1 7 0 0
1 7 1 0
1 7 2 0
1 7 3 0
1 7 4 0
1 8 0 0
1 8 1 0
1 8 2 0
1 8 3 0
1 8 4 0
1 9 0 3879
1 9 1 3879
1 9 2 0
1 9 3 0
1 9 4 0
1 10 0 0
1 10 1 0
1 10 2 0
1 10 3 0
1 10 4 0
1 11 0 0
1 11 1 0
1 11 2 0
1 11 3 0
1 11 4 0
1 12 0 0
1 12 1 0
1 12 2 0
1 12 3 0
1 12 4 0
1 13 0 0
1 13 1 0
1 13 2 0
1 13 3 0
1 13 4 0
1 14 0 0
1 14 1 0
1 14 2 0
1 14 3 0
1 14 4 0
1 15 0 0
1 15 1 0
1 15 2 0
1 15 3 0
1 15 4 0
1 16 0 3571
1 16 1 3571
1 16 2 3571
1 16 3 0
1 16 4 0
1 17 0 0
1 17 1 0
1 17 2 0
1 17 3 0
1 17 4 0
1 18 0 0
1 18 1 0
1 18 2 0
1 18 3 0
1 18 4 0
1 19 0 3731
1 19 1 3731
1 19 2 3731
1 19 3 0
1 19 4 0
2 0 0 0
2 0 1 0
2 0 2 0
2 0 3 0
2 0 4 0
2 1 0 0
2 1 1 0
2 1 2 0
2 1 3 0
2 1 4 0
2 3 0 0
2 3 1 0
2 3 2 0
2 3 3 0
2 3 4 0
2 4 0 0
2 4 1 0
2 4 2 0
2 4 3 0
2 4 4 0
2 5 0 0
2 5 1 0
2 5 2 0
2 5 3 0
2 5 4 0
2 6 0 0
2 6 1 0
2 6 2 0
2 6 3 0
2 6 4 0
2 7 0 0
2 7 1 0
2 7 2 0
2 7 3 0
2 7 4 0
2 8 0 0
2 8 1 0
2 8 2 0
2 8 3 0
2 8 4 0
2 9 0 3370
2 9 1 3370
2 9 2 0
2 9 3 0
2 9 4 0
2 10 0 0
2 10 1 0
2 10 2 0
2 10 3 0
2 10 4 0
2 11 0 3861
2 11 1 3861
2 11 2 3861
2 11 3 0
2 11 4 0
2 12 0 0
2 12 1 0
2 12 2 0
2 12 3 0
2 12 4 0
2 13 0 0
2 13 1 0
2 13 2 0
2 13 3 0
2 13 4 0
2 14 0 0
2 14 1 0
2 14 2 0
2 14 3 0
2 14 4 0
2 15 0 0
2 15 1 0
2 15 2 0
2 15 3 0
2 15 4 0
2 16 0 3654
2 16 1 3654
2 16 2 3654
2 16 3 0
2 16 4 0
2 17 0 0
2 17 1 0
2 17 2 0
2 17 3 0
2 17 4 0
2 18 0 3986
2 18 1 3986
2 18 2 0
2 18 3 0
2 18 4 0
2 19 0 0
2 19 1 0
2 19 2 0
2 19 3 0
2 19 4 0
3 0 0 0
3 0 1 0
3 0 2 0
3 0 3 0
3 0 4 0
3 1 0 0
3 1 1 0
3 1 2 0
3 1 3 0
3 1 4 0
3 2 0 0
3 2 1 0
3 2 2 0
3 2 3 0
3 2 4 0
3 4 0 0
3 4 1 0
3 4 2 0
3 4 3 0
3 4 4 0
3 5 0 3050
3 5 1 3050
3 5 2 0
3 5 3 0
3 5 4 0
3 6 0 0
3 6 1 0
3 6 2 0
3 6 3 0
3 6 4 0
3 7 0 0
3 7 1 0
3 7 2 0
3 7 3 0
3 7 4 0
3 8 0 3822
3 8 1 3822
3 8 2 0
3 8 3 0
3 8 4 0
3 9 0 0
3 9 1 0
3 9 2 0
3 9 3 0
3 9 4 0
3 10 0 3427
3 10 1 3427
3 10 2 3427
3 10 3 0
3 10 4 0
3 11 0 3646
3 11 1 3646
3 11 2 3646
3 11 3 0
3 11 4 0
3 12 0 0
3 12 1 0
3 12 2 0
3 12 3 0
3 12 4 0
3 13 0 3974
3 13 1 3974
3 13 2 3974
3 13 3 0
3 13 4 0
3 14 0 0
3 14 1 0
3 14 2 0
3 14 3 0
3 14 4 0
3 15 0 0
3 15 1 0
3 15 2 0
3 15 3 0
3 15 4 0
3 16 0 0
3 16 1 0
3 16 2 0
3 16 3 0
3 16 4 0
3 17 0 0
3 17 1 0
3 17 2 0
3 17 3 0
3 17 4 0
3 18 0 0
3 18 1 0
3 18 2 0
3 18 3 0
3 18 4 0
3 19 0 0
3 19 1 0
3 19 2 0
3 19 3 0
3 19 4 0
4 0 0 0
4 0 1 0
4 0 2 0
4 0 3 0
4 0 4 0
4 1 0 3595
4 1 1 3595
4 1 2 0
4 1 3 0
4 1 4 0
4 2 0 0
4 2 1 0
4 2 2 0
4 2 3 0
4 2 4 0
4 3 0 0
4 3 1 0
4 3 2 0
4 3 3 0
4 3 4 0
4 5 0 0
4 5 1 0
4 5 2 0
4 5 3 0
4 5 4 0
4 6 0 3599
4 6 1 3599
4 6 2 3599
4 6 3 0
4 6 4 0
4 7 0 3971
4 7 1 3971
4 7 2 0
4 7 3 0
4 7 4 0
4 8 0 0
4 8 1 0
4 8 2 0
4 8 3 0
4 8 4 0
4 9 0 3891
4 9 1 3891
4 9 2 3891
4 9 3 0
4 9 4 0
4 10 0 0
4 10 1 0
4 10 2 0
4 10 3 0
4 10 4 0
4 11 0 3880
4 11 1 3880
4 11 2 0
4 11 3 0
4 11 4 0
4 12 0 0
4 12 1 0
4 12 2 0
4 12 3 0
4 12 4 0
4 13 0 0
4 13 1 0
4 13 2 0
4 13 3 0
4 13 4 0
4 14 0 0
4 14 1 0
4 14 2 0
4 14 3 0
4 14 4 0
4 15 0 0
4 15 1 0
4 15 2 0
4 15 3 0
4 15 4 0
4 16 0 3778
4 16 1 3778
4 16 2 3778
4 16 3 0
4 16 4 0
4 17 0 0
4 17 1 0
4 17 2 0
4 17 3 0
4 17 4 0
4 18 0 0
4 18 1 0
4 18 2 0
4 18 3 0
4 18 4 0
4 19 0 0
4 19 1 0
4 19 2 0
4 19 3 0
4 19 4 0
5 0 0 3871
5 0 1 3871
5 0 2 0
5 0 3 0
5 0 4 0
5 1 0 0
5 1 1 0
5 1 2 0
5 1 3 0
5 1 4 0
5 2 0 0
5 2 1 0
5 2 2 0
5 2 3 0
5 2 4 0
5 3 0 3050
5 3 1 3050
5 3 2 0
5 3 3 0
5 3 4 0
5 4 0 0
5 4 1 0
5 4 2 0
5 4 3 0
5 4 4 0
5 6 0 3487
5 6 1 3487
5 6 2 3487
5 6 3 0
5 6 4 0
5 7 0 0
5 7 1 0
5 7 2 0
5 7 3 0
5 7 4 0
5 8 0 3184
5 8 1 3184
5 8 2 3184
5 8 3 0
5 8 4 0
5 9 0 0
5 9 1 0
5 9 2 0
5 9 3 0
5 9 4 0
5 10 0 3694
5 10 1 3694
5 10 2 3694
5 10 3 0
5 10 4 0
5 11 0 0
5 11 1 0
5 11 2 0
5 11 3 0
5 11 4 0
5 12 0 3299
5 12 1 3299
5 12 2 0
5 12 3 0
5 12 4 0
5 13 0 3150
5 13 1 3150
5 13 2 0
5 13 3 0
5 13 4 0
5 14 0 0
5 14 1 0
5 14 2 0
5 14 3 0
5 14 4 0
5 15 0 0
5 15 1 0
5 15 2 0
5 15 3 0
5 15 4 0
5 16 0 0
5 16 1 0
5 16 2 0
5 16 3 0
5 16 4 0
5 17 0 0
5 17 1 0
5 17 2 0
5 17 3 0
5 17 4 0
5 18 0 0
5 18 1 0
5 18 2 0
5 18 3 0
5 18 4 0
5 19 0 0
5 19 1 0
5 19 2 0
5 19 3 0
5 19 4 0
6 0 0 3489
6 0 1 3489
6 0 2 3489
6 0 3 0
6 0 4 0
6 1 0 0
6 1 1 0
6 1 2 0
6 1 3 0
6 1 4 0
6 2 0 0
6 2 1 0
6 2 2 0
6 2 3 0
6 2 4 0
6 3 0 0
6 3 1 0
6 3 2 0
6 3 3 0
6 3 4 0
6 4 0 3599
6 4 1 3599
6 4 2 3599
6 4 3 0
6 4 4 0
6 5 0 3487
6 5 1 3487
6 5 2 3487
6 5 3 0
6 5 4 0
6 7 0 0
6 7 1 0
6 7 2 0
6 7 3 0
6 7 4 0
6 8 0 0
6 8 1 0
6 8 2 0
6 8 3 0
6 8 4 0
6 9 0 0
6 9 1 0
6 9 2 0
6 9 3 0
6 9 4 0
6 10 0 0
6 10 1 0
6 10 2 0
6 10 3 0
6 10 4 0
6 11 0 3538
6 11 1 3538
6 11 2 0
6 11 3 0
6 11 4 0
6 12 0 0
6 12 1 0
6 12 2 0
6 12 3 0
6 12 4 0
6 13 0 3854
6 13 1 3854
6 13 2 0
6 13 3 0
6 13 4 0
6 14 0 3895
6 14 1 3895
6 14 2 3895
6 14 3 0
6 14 4 0
6 15 0 0
6 15 1 0
6 15 2 0
6 15 3 0
6 15 4 0
6 16 0 0
6 16 1 0
6 16 2 0
6 16 3 0
6 16 4 0
6 17 0 0
6 17 1 0
6 17 2 0
6 17 3 0
6 17 4 0
6 18 0 3479
6 18 1 3479
6 18 2 0
6 18 3 0
6 18 4 0
6 19 0 0
6 19 1 0
6 19 2 0
6 19 3 0
6 19 4 0
7 0 0 0
7 0 1 0
7 0 2 0
7 0 3 0
7 0 4 0
7 1 0 0
7 1 1 0
7 1 2 0
7 1 3 0
7 1 4 0
7 2 0 0
7 2 1 0
7 2 2 0
7 2 3 0
7 2 4 0
7 3 0 0
7 3 1 0
7 3 2 0
7 3 3 0
7 3 4 0
7 4 0 3971
7 4 1 3971
7 4 2 0
7 4 3 0
7 4 4 0
7 5 0 0
7 5 1 0
7 5 2 0
7 5 3 0
7 5 4 0
7 6 0 0
7 6 1 0
7 6 2 0
7 6 3 0
7 6 4 0
7 8 0 0
7 8 1 0
7 8 2 0
7 8 3 0
7 8 4 0
7 9 0 0
7 9 1 0
7 9 2 0
7 9 3 0
7 9 4 0
7 10 0 0
7 10 1 0
7 10 2 0
7 10 3 0
7 10 4 0
7 11 0 0
7 11 1 0
7 11 2 0
7 11 3 0
7 11 4 0
7 12 0 0
7 12 1 0
7 12 2 0
7 12 3 0
7 12 4 0
7 13 0 0
7 13 1 0
7 13 2 0
7 13 3 0
7 13 4 0
7 14 0 0
7 14 1 0
7 14 2 0
7 14 3 0
7 14 4 0
7 15 0 0
7 15 1 0
7 15 2 0
7 15 3 0
7 15 4 0
7 16 0 0
7 16 1 0
7 16 2 0
7 16 3 0
7 16 4 0
7 17 0 0
7 17 1 0
7 17 2 0
7 17 3 0
7 17 4 0
7 18 0 3409
7 18 1 3409
7 18 2 0
7 18 3 0
7 18 4 0
7 19 0 0
7 19 1 0
7 19 2 0
7 19 3 0
7 19 4 0
8 0 0 0
8 0 1 0
8 0 2 0
8 0 3 0
8 0 4 0
8 1 0 0
8 1 1 0
8 1 2 0
8 1 3 0
8 1 4 0
8 2 0 0
8 2 1 0
8 2 2 0
8 2 3 0
8 2 4 0
8 3 0 3822
8 3 1 3822
8 3 2 0
8 3 3 0
8 3 4 0
8 4 0 0
8 4 1 0
8 4 2 0
8 4 3 0
8 4 4 0
8 5 0 3184
8 5 1 3184
8 5 2 3184
8 5 3 0
8 5 4 0
8 6 0 0
8 6 1 0
8 6 2 0
8 6 3 0
8 6 4 0
8 7 0 0
8 7 1 0
8 7 2 0
8 7 3 0
8 7 4 0
8 9 0 0
8 9 1 0
8 9 2 0
8 9 3 0
8 9 4 0
8 10 0 0
8 10 1 0
8 10 2 0
8 10 3 0
8 10 4 0
8 11 0 3300
8 11 1 3300
8 11 2 0
8 11 3 0
8 11 4 0
8 12 0 0
8 12 1 0
8 12 2 0
8 12 3 0
8 12 4 0
8 13 0 0
8 13 1 0
8 13 2 0
8 13 3 0
8 13 4 0
8 14 0 0
8 14 1 0
8 14 2 0
8 14 3 0
8 14 4 0
8 15 0 0
8 15 1 0
8 15 2 0
8 15 3 0
8 15 4 0
8 16 0 0
8 16 1 0
8 16 2 0
8 16 3 0
8 16 4 0
8 17 0 3127
8 17 1 3127
8 17 2 3127
8 17 3 0
8 17 4 0
8 18 0 3162
8 18 1 3162
8 18 2 3162
8 18 3 0
8 18 4 0
8 19 0 0
8 19 1 0
8 19 2 0
8 19 3 0
8 19 4 0
9 0 0 0
9 0 1 0
9 0 2 0
9 0 3 0
9 0 4 0
9 1 0 3879
9 1 1 3879
9 1 2 0
9 1 3 0
9 1 4 0
9 2 0 3370
9 2 1 3370
9 2 2 0
9 2 3 0
9 2 4 0
9 3 0 0
9 3 1 0
9 3 2 0
9 3 3 0
9 3 4 0
9 4 0 3891
9 4 1 3891
9 4 2 3891
9 4 3 0
9 4 4 0
9 5 0 0
9 5 1 0
9 5 2 0
9 5 3 0
9 5 4 0
9 6 0 0
9 6 1 0
9 6 2 0
9 6 3 0
9 6 4 0
9 7 0 0
9 7 1 0
9 7 2 0
9 7 3 0
9 7 4 0
9 8 0 0
9 8 1 0
9 8 2 0
9 8 3 0
9 8 4 0
9 10 0 0
9 10 1 0
9 10 2 0
9 10 3 0
9 10 4 0
9 11 0 0
9 11 1 0
9 11 2 0
9 11 3 0
9 11 4 0
9 12 0 3781
9 12 1 3781
9 12 2 0
9 12 3 0
9 12 4 0
9 13 0 0
9 13 1 0
9 13 2 0
9 13 3 0
9 13 4 0
9 14 0 0
9 14 1 0
9 14 2 0
9 14 3 0
9 14 4 0
9 15 0 0
9 15 1 0
9 15 2 0
9 15 3 0
9 15 4 0
9 16 0 0
9 16 1 0
9 16 2 0
9 16 3 0
9 16 4 0
9 17 0 0
9 17 1 0
9 17 2 0
9 17 3 0
9 17 4 0
9 18 0 0
9 18 1 0
9 18 2 0
9 18 3 0
9 18 4 0
9 19 0 0
9 19 1 0
9 19 2 0
9 19 3 0
9 19 4 0
10 0 0 0
10 0 1 0
10 0 2 0
10 0 3 0
10 0 4 0
10 1 0 0
10 1 1 0
10 1 2 0
10 1 3 0
10 1 4 0
10 2 0 0
10 2 1 0
10 2 2 0
10 2 3 0
10 2 4 0
10 3 0 3427
10 3 1 3427
10 3 2 3427
10 3 3 0
10 3 4 0
10 4 0 0
10 4 1 0
10 4 2 0
10 4 3 0
10 4 4 0
10 5 0 3694
10 5 1 3694
10 5 2 3694
10 5 3 0
10 5 4 0
10 6 0 0
10 6 1 0
10 6 2 0
10 6 3 0
10 6 4 0
10 7 0 0
10 7 1 0
10 7 2 0
10 7 3 0
10 7 4 0
10 8 0 0
10 8 1 0
10 8 2 0
10 8 3 0
10 8 4 0
10 9 0 0
10 9 1 0
10 9 2 0
10 9 3 0
10 9 4 0
10 11 0 3446
10 11 1 3446
10 11 2 3446
10 11 3 0
10 11 4 0
10 12 0 0
10 12 1 0
10 12 2 0
10 12 3 0
10 12 4 0
10 13 0 0
10 13 1 0
10 13 2 0
10 13 3 0
10 13 4 0
10 14 0 0
10 14 1 0
10 14 2 0
10 14 3 0
10 14 4 0
10 15 0 0
10 15 1 0
10 15 2 0
10 15 3 0
10 15 4 0
10 16 0 0
10 16 1 0
10 16 2 0
10 16 3 0
10 16 4 0
10 17 0 0
10 17 1 0
10 17 2 0
10 17 3 0
10 17 4 0
10 18 0 0
10 18 1 0
10 18 2 0
10 18 3 0
10 18 4 0
10 19 0 3560
10 19 1 3560
10 19 2 3560
10 19 3 0
10 19 4 0
11 0 0 0
11 0 1 0
11 0 2 0
11 0 3 0
11 0 4 0
11 1 0 0
11 1 1 0
11 1 2 0
11 1 3 0
11 1 4 0
11 2 0 3861
11 2 1 3861
11 2 2 3861
11 2 3 0
11 2 4 0
11 3 0 3646
11 3 1 3646
11 3 2 3646
11 3 3 0
11 3 4 0
11 4 0 3880
11 4 1 3880
11 4 2 0
11 4 3 0
11 4 4 0
11 5 0 0
11 5 1 0
11 5 2 0
11 5 3 0
11 5 4 0
11 6 0 3538
11 6 1 3538
11 6 2 0
11 6 3 0
11 6 4 0
11 7 0 0
11 7 1 0
11 7 2 0
11 7 3 0
11 7 4 0
11 8 0 3300
11 8 1 3300
11 8 2 0
11 8 3 0
11 8 4 0
11 9 0 0
11 9 1 0
11 9 2 0
11 9 3 0
11 9 4 0
11 10 0 3446
11 10 1 3446
11 10 2 3446
11 10 3 0
11 10 4 0
11 12 0 0
11 12 1 0
11 12 2 0
11 12 3 0
11 12 4 0
11 13 0 3714
11 13 1 3714
11 13 2 0
11 13 3 0
11 13 4 0
11 14 0 0
11 14 1 0
11 14 2 0
11 14 3 0
11 14 4 0
11 15 0 0
11 15 1 0
11 15 2 0
11 15 3 0
11 15 4 0
11 16 0 3577
11 16 1 3577
11 16 2 3577
11 16 3 0
11 16 4 0
11 17 0 0
11 17 1 0
11 17 2 0
11 17 3 0
11 17 4 0
11 18 0 0
11 18 1 0
11 18 2 0
11 18 3 0
11 18 4 0
11 19 0 0
11 19 1 0
11 19 2 0
11 19 3 0
11 19 4 0
12 0 0 0
12 0 1 0
12 0 2 0
12 0 3 0
12 0 4 0
12 1 0 0
12 1 1 0
12 1 2 0
12 1 3 0
12 1 4 0
12 2 0 0
12 2 1 0
12 2 2 0
12 2 3 0
12 2 4 0
12 3 0 0
12 3 1 0
12 3 2 0
12 3 3 0
12 3 4 0
12 4 0 0
12 4 1 0
12 4 2 0
12 4 3 0
12 4 4 0
12 5 0 3299
12 5 1 3299
12 5 2 0
12 5 3 0
12 5 4 0
12 6 0 0
12 6 1 0
12 6 2 0
12 6 3 0
12 6 4 0
12 7 0 0
12 7 1 0
12 7 2 0
12 7 3 0
12 7 4 0
12 8 0 0
12 8 1 0
12 8 2 0
12 8 3 0
12 8 4 0
12 9 0 3781
12 9 1 3781
12 9 2 0
12 9 3 0
12 9 4 0
12 10 0 0
12 10 1 0
12 10 2 0
12 10 3 0
12 10 4 0
12 11 0 0
12 11 1 0
12 11 2 0
12 11 3 0
12 11 4 0
12 13 0 0
12 13 1 0
12 13 2 0
12 13 3 0
12 13 4 0
12 14 0 3486
12 14 1 3486
12 14 2 3486
12 14 3 0
12 14 4 0
12 15 0 0
12 15 1 0
12 15 2 0
12 15 3 0
12 15 4 0
12 16 0 0
12 16 1 0
12 16 2 0
12 16 3 0
12 16 4 0
12 17 0 0
12 17 1 0
12 17 2 0
12 17 3 0
12 17 4 0
12 18 0 0
12 18 1 0
12 18 2 0
12 18 3 0
12 18 4 0
12 19 0 0
12 19 1 0
12 19 2 0
12 19 3 0
12 19 4 0
13 0 0 0
13 0 1 0
13 0 2 0
13 0 3 0
13 0 4 0
13 1 0 0
13 1 1 0
13 1 2 0
13 1 3 0
13 1 4 0
13 2 0 0
13 2 1 0
13 2 2 0
13 2 3 0
13 2 4 0
13 3 0 3974
13 3 1 3974
13 3 2 3974
13 3 3 0
13 3 4 0
13 4 0 0
13 4 1 0
13 4 2 0
13 4 3 0
13 4 4 0
13 5 0 3150
13 5 1 3150
13 5 2 0
13 5 3 0
13 5 4 0
13 6 0 3854
13 6 1 3854
13 6 2 0
13 6 3 0
13 6 4 0
13 7 0 0
13 7 1 0
13 7 2 0
13 7 3 0
13 7 4 0
13 8 0 0
13 8 1 0
13 8 2 0
13 8 3 0
13 8 4 0
13 9 0 0
13 9 1 0
13 9 2 0
13 9 3 0
13 9 4 0
13 10 0 0
13 10 1 0
13 10 2 0
13 10 3 0
13 10 4 0
13 11 0 3714
13 11 1 3714
13 11 2 0
13 11 3 0
13 11 4 0
13 12 0 0
13 12 1 0
13 12 2 0
13 12 3 0
13 12 4 0
13 14 0 0
13 14 1 0
13 14 2 0
13 14 3 0
13 14 4 0
13 15 0 0
13 15 1 0
13 15 2 0
13 15 3 0
13 15 4 0
13 16 0 0
13 16 1 0
13 16 2 0
13 16 3 0
13 16 4 0
13 17 0 0
13 17 1 0
13 17 2 0
13 17 3 0
13 17 4 0
13 18 0 0
13 18 1 0
13 18 2 0
13 18 3 0
13 18 4 0
13 19 0 3902
13 19 1 3902
13 19 2 0
13 19 3 0
13 19 4 0
14 0 0 0
14 0 1 0
14 0 2 0
14 0 3 0
14 0 4 0
14 1 0 0
14 1 1 0
14 1 2 0
14 1 3 0
14 1 4 0
14 2 0 0
14 2 1 0
14 2 2 0
14 2 3 0
14 2 4 0
14 3 0 0
14 3 1 0
14 3 2 0
14 3 3 0
14 3 4 0
14 4 0 0
14 4 1 0
14 4 2 0
14 4 3 0
14 4 4 0
14 5 0 0
14 5 1 0
14 5 2 0
14 5 3 0
14 5 4 0
14 6 0 3895
14 6 1 3895
14 6 2 3895
14 6 3 0
14 6 4 0
14 7 0 0
14 7 1 0
14 7 2 0
14 7 3 0
14 7 4 0
14 8 0 0
14 8 1 0
14 8 2 0
14 8 3 0
14 8 4 0
14 9 0 0
14 9 1 0
14 9 2 0
14 9 3 0
14 9 4 0
14 10 0 0
14 10 1 0
14 10 2 0
14 10 3 0
14 10 4 0
14 11 0 0
14 11 1 0
14 11 2 0
14 11 3 0
14 11 4 0
14 12 0 3486
14 12 1 3486
14 12 2 3486
14 12 3 0
14 12 4 0
14 13 0 0
14 13 1 0
14 13 2 0
14 13 3 0
14 13 4 0
14 15 0 0
14 15 1 0
14 15 2 0
14 15 3 0
14 15 4 0
14 16 0 0
14 16 1 0
14 16 2 0
14 16 3 0
14 16 4 0
14 17 0 0
14 17 1 0
14 17 2 0
14 17 3 0
14 17 4 0
14 18 0 0
14 18 1 0
14 18 2 0
14 18 3 0
14 18 4 0
14 19 0 0
14 19 1 0
14 19 2 0
14 19 3 0
14 19 4 0
15 0 0 0
15 0 1 0
15 0 2 0
15 0 3 0
15 0 4 0
15 1 0 0
15 1 1 0
15 1 2 0
15 1 3 0
15 1 4 0
15 2 0 0
15 2 1 0
15 2 2 0
15 2 3 0
15 2 4 0
15 3 0 0
15 3 1 0
15 3 2 0
15 3 3 0
15 3 4 0
15 4 0 0
15 4 1 0
15 4 2 0
15 4 3 0
15 4 4 0
15 5 0 0
15 5 1 0
15 5 2 0
15 5 3 0
15 5 4 0
15 6 0 0
15 6 1 0
15 6 2 0
15 6 3 0
15 6 4 0
15 7 0 0
15 7 1 0
15 7 2 0
15 7 3 0
15 7 4 0
15 8 0 0
15 8 1 0
15 8 2 0
15 8 3 0
15 8 4 0
15 9 0 0
15 9 1 0
15 9 2 0
15 9 3 0
15 9 4 0
15 10 0 0
15 10 1 0
15 10 2 0
15 10 3 0
15 10 4 0
15 11 0 0
15 11 1 0
15 11 2 0
15 11 3 0
15 11 4 0
15 12 0 0
15 12 1 0
15 12 2 0
15 12 3 0
15 12 4 0
15 13 0 0
15 13 1 0
15 13 2 0
15 13 3 0
15 13 4 0
15 14 0 0
15 14 1 0
15 14 2 0
15 14 3 0
15 14 4 0
15 16 0 0
15 16 1 0
15 16 2 0
15 16 3 0
15 16 4 0
15 17 0 0
15 17 1 0
15 17 2 0
15 17 3 0
15 17 4 0
15 18 0 0
15 18 1 0
15 18 2 0
15 18 3 0
15 18 4 0
15 19 0 3541
15 19 1 3541
15 19 2 3541
15 19 3 0
15 19 4 0
16 0 0 3025
16 0 1 3025
16 0 2 3025
16 0 3 0
16 0 4 0
16 1 0 3571
16 1 1 3571
16 1 2 3571
16 1 3 0
16 1 4 0
16 2 0 3654
16 2 1 3654
16 2 2 3654
16 2 3 0
16 2 4 0
16 3 0 0
16 3 1 0
16 3 2 0
16 3 3 0
16 3 4 0
16 4 0 3778
16 4 1 3778
16 4 2 3778
16 4 3 0
16 4 4 0
16 5 0 0
16 5 1 0
16 5 2 0
16 5 3 0
16 5 4 0
16 6 0 0
16 6 1 0
16 6 2 0
16 6 3 0
16 6 4 0
16 7 0 0
16 7 1 0
16 7 2 0
16 7 3 0
16 7 4 0
16 8 0 0
16 8 1 0
16 8 2 0
16 8 3 0
16 8 4 0
16 9 0 0
16 9 1 0
16 9 2 0
16 9 3 0
16 9 4 0
16 10 0 0
16 10 1 0
16 10 2 0
16 10 3 0
16 10 4 0
16 11 0 3577
16 11 1 3577
16 11 2 3577
16 11 3 0
16 11 4 0
16 12 0 0
16 12 1 0
16 12 2 0
16 12 3 0
16 12 4 0
16 13 0 0
16 13 1 0
16 13 2 0
16 13 3 0
16 13 4 0
16 14 0 0
16 14 1 0
16 14 2 0
16 14 3 0
16 14 4 0
16 15 0 0
16 15 1 0
16 15 2 0
16 15 3 0
16 15 4 0
16 17 0 0
16 17 1 0
16 17 2 0
16 17 3 0
16 17 4 0
16 18 0 0
16 18 1 0
16 18 2 0
16 18 3 0
16 18 4 0
16 19 0 3443
16 19 1 3443
16 19 2 0
16 19 3 0
16 19 4 0
17 0 0 3542
17 0 1 3542
17 0 2 0
17 0 3 0
17 0 4 0
17 1 0 0
17 1 1 0
17 1 2 0
17 1 3 0
17 1 4 0
17 2 0 0
17 2 1 0
17 2 2 0
17 2 3 0
17 2 4 0
17 3 0 0
17 3 1 0
17 3 2 0
17 3 3 0
17 3 4 0
17 4 0 0
17 4 1 0
17 4 2 0
17 4 3 0
17 4 4 0
17 5 0 0
17 5 1 0
17 5 2 0
17 5 3 0
17 5 4 0
17 6 0 0
17 6 1 0
17 6 2 0
17 6 3 0
17 6 4 0
17 7 0 0
17 7 1 0
17 7 2 0
17 7 3 0
17 7 4 0
17 8 0 3127
17 8 1 3127
17 8 2 3127
17 8 3 0
17 8 4 0
17 9 0 0
17 9 1 0
17 9 2 0
17 9 3 0
17 9 4 0
17 10 0 0
17 10 1 0
17 10 2 0
17 10 3 0
17 10 4 0
17 11 0 0
17 11 1 0
17 11 2 0
17 11 3 0
17 11 4 0
17 12 0 0
17 12 1 0
17 12 2 0
17 12 3 0
17 12 4 0
17 13 0 0
17 13 1 0
17 13 2 0
17 13 3 0
17 13 4 0
17 14 0 0
17 14 1 0
17 14 2 0
17 14 3 0
17 14 4 0
17 15 0 0
17 15 1 0
17 15 2 0
17 15 3 0
17 15 4 0
17 16 0 0
17 16 1 0
17 16 2 0
17 16 3 0
17 16 4 0
17 18 0 0
17 18 1 0
17 18 2 0
17 18 3 0
17 18 4 0
17 19 0 0
17 19 1 0
17 19 2 0
17 19 3 0
17 19 4 0
18 0 0 0
18 0 1 0
18 0 2 0
18 0 3 0
18 0 4 0
18 1 0 0
18 1 1 0
18 1 2 0
18 1 3 0
18 1 4 0
18 2 0 3986
18 2 1 3986
18 2 2 0
18 2 3 0
18 2 4 0
18 3 0 0
18 3 1 0
18 3 2 0
18 3 3 0
18 3 4 0
18 4 0 0
18 4 1 0
18 4 2 0
18 4 3 0
18 4 4 0
18 5 0 0
18 5 1 0
18 5 2 0
18 5 3 0
18 5 4 0
18 6 0 3479
18 6 1 3479
18 6 2 0
18 6 3 0
18 6 4 0
18 7 0 3409
18 7 1 3409
18 7 2 0
18 7 3 0
18 7 4 0
18 8 0 3162
18 8 1 3162
18 8 2 3162
18 8 3 0
18 8 4 0
18 9 0 0
18 9 1 0
18 9 2 0
18 9 3 0
18 9 4 0
18 10 0 0
18 10 1 0
18 10 2 0
18 10 3 0
18 10 4 0
18 11 0 0
18 11 1 0
18 11 2 0
18 11 3 0
18 11 4 0
18 12 0 0
18 12 1 0
18 12 2 0
18 12 3 0
18 12 4 0
18 13 0 0
18 13 1 0
18 13 2 0
18 13 3 0
18 13 4 0
18 14 0 0
18 14 1 0
18 14 2 0
18 14 3 0
18 14 4 0
18 15 0 0
18 15 1 0
18 15 2 0
18 15 3 0
18 15 4 0
18 16 0 0
18 16 1 0
18 16 2 0
18 16 3 0
18 16 4 0
18 17 0 0
18 17 1 0
18 17 2 0
18 17 3 0
18 17 4 0
18 19 0 0
18 19 1 0
18 19 2 0
18 19 3 0
18 19 4 0
19 0 0 3581
19 0 1 3581
19 0 2 0
19 0 3 0
19 0 4 0
19 1 0 3731
19 1 1 3731
19 1 2 3731
19 1 3 0
19 1 4 0
19 2 0 0
19 2 1 0
19 2 2 0
19 2 3 0
19 2 4 0
19 3 0 0
19 3 1 0
19 3 2 0
19 3 3 0
19 3 4 0
19 4 0 0
19 4 1 0
19 4 2 0
19 4 3 0
19 4 4 0
19 5 0 0
19 5 1 0
19 5 2 0
19 5 3 0
19 5 4 0
19 6 0 0
19 6 1 0
19 6 2 0
19 6 3 0
19 6 4 0
19 7 0 0
19 7 1 0
19 7 2 0
19 7 3 0
19 7 4 0
19 8 0 0
19 8 1 0
19 8 2 0
19 8 3 0
19 8 4 0
19 9 0 0
19 9 1 0
19 9 2 0
19 9 3 0
19 9 4 0
19 10 0 3560
19 10 1 3560
19 10 2 3560
19 10 3 0
19 10 4 0
19 11 0 0
19 11 1 0
19 11 2 0
19 11 3 0
19 11 4 0
19 12 0 0
19 12 1 0
19 12 2 0
19 12 3 0
19 12 4 0
19 13 0 3902
19 13 1 3902
19 13 2 0
19 13 3 0
19 13 4 0
19 14 0 0
19 14 1 0
19 14 2 0
19 14 3 0
19 14 4 0
19 15 0 3541
19 15 1 3541
19 15 2 3541
19 15 3 0
19 15 4 0
19 16 0 3443
19 16 1 3443
19 16 2 0
19 16 3 0
19 16 4 0
19 17 0 0
19 17 1 0
19 17 2 0
19 17 3 0
19 17 4 0
19 18 0 0
19 18 1 0
19 18 2 0
19 18 3 0
19 18 4 0

