30 4 24 534

   0  711  919  772  891  693  890  720  957  904  840  795  782  725  945  936  721  877  712  858  935  917  924  870  739  825  700  866  929  804 
 711    0  862  812  852  934  739  841  738  857  952  732  808  943  837  960  680  956  708  898  745  899  695  833  799  943  907  847  700  876 
 919  862    0  747  797  853  953  876  809  791  677  897  948  800  836  770  840  886  752  896  856  714  767  937  830  768  783  703  965  837 
 772  812  747    0  779  687  786  841  824  729  952  961  938  676  946  942  679  896  708  934  753  781  879  792  740  875  778  787  905  903 
 891  852  797  779    0  925  781  886  700  940  694  726  917  814  887  780  931  801  912  780  765  744  864  855  810  757  917  855  805  683 
 693  934  853  687  925    0  781  956  736  941  894  727  946  848  958  850  873  765  861  806  929  706  916  843  704  772  691  689  738  712 
 890  739  953  786  781  781    0  936  925  939  705  676  825  735  725  703  844  957  707  950  708  725  846  895  708  758  880  933  942  717 
 720  841  876  841  886  956  936    0  815  841  799  724  910  839  768  788  892  787  709  874  890  812  879  781  717  700  770  729  805  844 
 957  738  809  824  700  736  925  815    0  932  856  814  892  941  702  822  831  947  761  855  866  829  847  826  886  843  840  801  808  942 
 904  857  791  729  940  941  939  841  932    0  723  862  681  781  936  896  694  729  803  829  908  852  860  704  847  792  861  912  741  825 
 840  952  677  952  694  894  705  799  856  723    0  918  942  915  862  799  912  802  931  719  765  693  892  873  899  780  950  864  913  841 
 795  732  897  961  726  727  676  724  814  862  918    0  877  697  691  753  694  755  755  781  771  808  682  772  885  892  732  798  930  766 
 782  808  948  938  917  946  825  910  892  681  942  877    0  772  825  938  740  822  729  793  888  835  883  882  718  709  895  769  682  797 
 725  943  800  676  814  848  735  839  941  781  915  697  772    0  722  868  858  685  777  784  799  798  945  747  816  801  793  754  808  914 
 945  837  836  946  887  958  725  768  702  936  862  691  825  722    0  706  850  828  773  798  752  964  943  914  731  724  864  909  820  957 
 936  960  770  942  780  850  703  788  822  896  799  753  938  868  706    0  937  726  693  934  902  807  902  849  731  798  801  723  798  958 
 721  680  840  679  931  873  844  892  831  694  912  694  740  858  850  937    0  916  858  705  809  830  927  825  729  795  762  944  950  835 
 877  956  886  896  801  765  957  787  947  729  802  755  822  685  828  726  916    0  725  676  763  729  841  755  829  836  764  887  850  706 
 712  708  752  708  912  861  707  709  761  803  931  755  729  777  773  693  858  725    0  792  913  715  755  845  950  712  873  841  764  721 
 858  898  896  934  780  806  950  874  855  829  719  781  793  784  798  934  705  676  792    0  715  773  718  767  767  869  928  696  847  932 
 935  745  856  753  765  929  708  890  866  908  765  771  888  799  752  902  809  763  913  715    0  719  697  701  863  914  953  760  961  699 
 917  899  714  781  744  706  725  812  829  852  693  808  835  798  964  807  830  729  715  773  719    0  774  817  860  808  881  731  732  783 
 924  695  767  879  864  916  846  879  847  860  892  682  883  945  943  902  927  841  755  718  697  774    0  757  706  732  864  761  813  815 
 870  833  937  792  855  843  895  781  826  704  873  772  882  747  914  849  825  755  845  767  701  817  757    0  946  693  952  869  961  875 
 739  799  830  740  810  704  708  717  886  847  899  885  718  816  731  731  729  829  950  767  863  860  706  946    0  841  760  927  718  693 
 825  943  768  875  757  772  758  700  843  792  780  892  709  801  724  798  795  836  712  869  914  808  732  693  841    0  908  936  882  870 
 700  907  783  778  917  691  880  770  840  861  950  732  895  793  864  801  762  764  873  928  953  881  864  952  760  908    0  824  685  914 
 866  847  703  787  855  689  933  729  801  912  864  798  769  754  909  723  944  887  841  696  760  731  761  869  927  936  824    0  785  807 
 929  700  965  905  805  738  942  805  808  741  913  930  682  808  820  798  950  850  764  847  961  732  813  961  718  882  685  785    0  902 
 804  876  837  903  683  712  717  844  942  825  841  766  797  914  957  958  835  706  721  932  699  783  815  875  693  870  914  807  902    0 

   0 1040 1072  685  934  931  891 1070  824  643  929  773  743  746  672  792  772 1098 1160  617  810  706 1073  812  820  782  852 1063 1052 1178 
1040    0 1157  915  828 1119  770  627  913  836  904 1142  884  622  861  665  906  623  692  610  938  930  757 1069 1072  622 1121  850  770 1154 
1072 1157    0  691  922  656 1128  734 1197  969 1106  855  925  885 1052 1025  963  879 1010 1186 1140 1188  912 1165 1189  818  957 1075 1081 1070 
 685  915  691    0  645 1038  614  714  997  784 1096  915  658  900 1122 1190  945  939 1088  950 1163  813  720  829  852  609  739  937  604  946 
 934  828  922  645    0  620  822  903  918  694 1033  784 1186  656  918 1066  704 1128 1176  853  867  765  815 1025 1112  802 1151 1021  803  702 
 931 1119  656 1038  620    0  932 1127  801 1182 1014 1102 1098  932  654  627  830  778 1187  734  786  944  627 1052  872  735  809  689  802 1130 
 891  770 1128  614  822  932    0  788  648 1166 1180  698  718  733  898  656  835  933 1126 1102  728  655  903 1033  670  998  861  871 1036  667 
1070  627  734  714  903 1127  788    0  890 1020 1067  728  778 1015 1179  699  862 1032 1050 1084 1106 1172  979  692  768  825  889 1026  888  885 
 824  913 1197  997  918  801  648  890    0  814 1119  874 1059  849  916  986  647 1003 1117  602  736  733 1159 1060  872  944  617 1054  709  887 
 643  836  969  784  694 1182 1166 1020  814    0  783 1182  890  937  883  704  614  848 1004  702  642 1156  791  602 1188  751  950  796  764 1158 
 929  904 1106 1096 1033 1014 1180 1067 1119  783    0 1029  783  689  721 1183 1014  689  956  990  780  969  701  741  979  857  621  689  855  845 
 773 1142  855  915  784 1102  698  728  874 1182 1029    0  953  782  689  707  615  778 1114  829  722 1062  736  894  748  873 1001 1059  871  640 
 743  884  925  658 1186 1098  718  778 1059  890  783  953    0 1162  742  966 1141  907  996  909  742  900 1188  665 1066  813 1029  695 1067  854 
 746  622  885  900  656  932  733 1015  849  937  689  782 1162    0 1070  721 1022  767  748  909  885  825  706  828  893 1186  664  925 1131 1023 
 672  861 1052 1122  918  654  898 1179  916  883  721  689  742 1070    0  787  992  797  884  733 1121  842  893 1134  715  948  815 1122  901 1008 
 792  665 1025 1190 1066  627  656  699  986  704 1183  707  966  721  787    0 1147 1145 1179  982  991 1004  989  845  993 1099  915  826  681 1171 
 772  906  963  945  704  830  835  862  647  614 1014  615 1141 1022  992 1147    0  966  872  604  840  743  637 1092  618  771  977  875  835 1050 
1098  623  879  939 1128  778  933 1032 1003  848  689  778  907  767  797 1145  966    0  872 1142  633  679 1180  747  999 1074 1120 1143  872  750 
1160  692 1010 1088 1176 1187 1126 1050 1117 1004  956 1114  996  748  884 1179  872  872    0 1042  774  876  767 1097 1017 1160  640  704  744  625 
 617  610 1186  950  853  734 1102 1084  602  702  990  829  909  909  733  982  604 1142 1042    0 1054  854  781  616  916  757 1194  739  958 1152 
 810  938 1140 1163  867  786  728 1106  736  642  780  722  742  885 1121  991  840  633  774 1054    0  945  742  787  626  891  642  958 1020  627 
 706  930 1188  813  765  944  655 1172  733 1156  969 1062  900  825  842 1004  743  679  876  854  945    0 1007 1032  881  787  931  774 1021  740 
1073  757  912  720  815  627  903  979 1159  791  701  736 1188  706  893  989  637 1180  767  781  742 1007    0  804  933 1139  623 1093  991  817 
 812 1069 1165  829 1025 1052 1033  692 1060  602  741  894  665  828 1134  845 1092  747 1097  616  787 1032  804    0  735  847  948  925  627  694 
 820 1072 1189  852 1112  872  670  768  872 1188  979  748 1066  893  715  993  618  999 1017  916  626  881  933  735    0  963  991 1192  666  892 
 782  622  818  609  802  735  998  825  944  751  857  873  813 1186  948 1099  771 1074 1160  757  891  787 1139  847  963    0  701  876  739 1047 
 852 1121  957  739 1151  809  861  889  617  950  621 1001 1029  664  815  915  977 1120  640 1194  642  931  623  948  991  701    0  725  691  706 
1063  850 1075  937 1021  689  871 1026 1054  796  689 1059  695  925 1122  826  875 1143  704  739  958  774 1093  925 1192  876  725    0  953  616 
1052  770 1081  604  803  802 1036  888  709  764  855  871 1067 1131  901  681  835  872  744  958 1020 1021  991  627  666  739  691  953    0  941 
1178 1154 1070  946  702 1130  667  885  887 1158  845  640  854 1023 1008 1171 1050  750  625 1152  627  740  817  694  892 1047  706  616  941    0 

0 265 1032
1 630 855
2 371 1029
3 348 947
4 370 825
5 689 700
6 272 991
7 459 1038
8 609 779
9 339 756
10 553 724
11 350 989
12 502 1007
13 538 926
14 337 934
15 638 940
16 289 798
17 593 904
18 554 989
19 414 910
20 220 918
21 294 1077
22 478 940
23 303 1012
24 542 878
25 535 971
26 692 822
27 246 1096
28 262 821
29 690 934

0 13 5532 8254 2175 
0 19 8422 10174 1716 
0 13 8101 10234 2175 
0 19 931 3004 1716 
0 6 13163 15132 2670 
0 3 1667 3311 1544 
0 19 15675 17211 2574 
0 1 16099 19031 2844 
0 16 21272 24197 2163 
0 18 16357 18793 2136 
0 2 16619 20038 3676 
0 6 8242 10451 2670 
0 22 19195 22027 3696 
0 9 9005 10586 1808 
1 11 13953 18098 2928 
1 0 8099 11811 2133 
1 16 2793 5547 2720 
1 27 20004 21865 2541 
1 24 16501 19234 2397 
1 27 13289 15499 2541 
1 14 3740 6538 2511 
1 26 11373 14736 2721 
1 27 8941 12094 3388 
1 20 8145 11615 2235 
1 27 3633 5775 1694 
2 20 16551 20586 2568 
2 14 9712 13541 1672 
2 20 7689 11154 1712 
2 26 8510 10471 1566 
2 7 15218 17742 3504 
2 5 3667 6061 3412 
2 27 5337 7938 1406 
2 3 1241 2740 2988 
2 25 16807 18901 2304 
3 6 9774 11302 3144 
3 6 3427 4704 3144 
3 18 9116 12945 2124 
3 28 20881 22457 2715 
3 26 10534 12159 2334 
3 29 6155 9059 1806 
3 24 2358 4215 2960 
3 21 18773 21033 1562 
3 4 20490 22392 1558 
3 16 16922 19690 2716 
3 27 17677 20263 1574 
3 26 8939 11510 3112 
3 12 9744 11711 1876 
3 6 18521 20940 1572 
3 13 12810 15033 2028 
3 6 15501 17484 2358 
3 22 11029 12605 3516 
3 18 15991 18395 1416 
3 21 16234 18420 3124 
3 17 3675 5599 2688 
3 7 1696 3795 2523 
3 23 21128 23125 1584 
3 8 13496 15689 2472 
4 20 16515 18769 3060 
4 16 12536 14134 1862 
4 1 9446 11275 2556 
4 29 9698 11993 1366 
4 28 2149 4983 3220 
4 21 8962 11769 1488 
4 21 9132 11319 1488 
4 11 9426 11464 2178 
4 12 18054 21149 2751 
4 12 21252 24039 1834 
5 3 3221 6189 1374 
5 24 19746 21498 1408 
5 12 8442 11219 1892 
5 10 6349 9796 1788 
5 4 6328 8553 3700 
5 1 2532 5956 3736 
5 6 9171 11156 1562 
5 20 3869 6132 2787 
5 18 21184 24851 2583 
5 2 17781 19263 2559 
5 17 18442 20970 3060 
5 18 12884 15851 2583 
5 20 10022 12309 2787 
5 28 6188 8032 2952 
5 2 5744 7141 1706 
5 9 16006 19516 2823 
5 6 9168 12746 3124 
6 26 5336 7178 1760 
6 18 7802 10729 2828 
6 4 1591 3843 2343 
6 27 5970 8879 1866 
6 20 17184 19054 2124 
6 24 10551 13164 1416 
6 19 3642 6749 2850 
6 0 446 3083 3560 
6 9 1844 6356 3756 
6 2 2052 5864 2859 
6 24 11790 13491 2124 
6 4 21223 23902 3124 
6 10 2404 5306 1410 
6 10 12172 16856 2820 
6 20 13683 16107 1416 
6 18 8293 11986 2121 
6 26 2461 5009 3520 
6 21 11151 12500 2900 
6 2 10698 14025 2859 
7 1 19037 21124 1682 
7 22 6329 9197 2637 
7 10 18835 21086 3196 
7 19 20941 24182 2622 
7 14 3948 8616 3072 
7 12 13982 16852 3640 
7 10 1412 4111 3196 
7 18 20046 23847 2127 
7 2 8154 10590 1752 
7 25 17229 19811 2800 
7 26 2661 4545 2310 
7 16 3138 5784 2676 
7 24 15094 17981 2151 
7 17 9718 11782 1574 
7 11 19359 21164 2172 
7 26 18760 21009 3080 
7 1 10728 12032 1682 
7 19 17543 20372 3496 
7 6 6005 8589 1872 
7 15 8423 11212 2364 
7 27 20998 24599 2187 
7 3 3080 5371 1682 
7 23 8918 11388 1562 
8 22 15820 19540 2541 
8 6 15677 18074 2775 
8 15 3900 7380 1644 
8 0 20390 23562 1914 
8 6 19553 21224 1850 
8 5 15813 18392 2208 
8 2 5661 10113 2427 
8 11 3743 6434 1628 
8 23 11436 15220 2478 
8 15 2587 6235 1644 
8 7 16290 18977 3260 
8 21 6457 8472 1658 
8 15 11854 13993 3288 
9 12 10387 12905 2724 
9 14 12023 15440 2808 
9 29 16268 19116 2475 
9 4 19938 21742 2820 
9 0 17446 19156 1808 
9 27 12368 15329 2736 
9 15 11908 14238 1792 
9 24 3675 8272 2541 
9 5 11347 14762 3764 
9 10 12030 14496 1446 
9 27 6418 8845 1824 
9 13 4197 6848 2343 
9 1 8811 11034 2571 
9 15 17675 20124 1792 
9 24 5155 8125 1694 
9 19 21142 22749 2487 
9 23 4482 5740 2112 
9 11 12530 16596 2586 
9 24 13234 17546 2541 
9 14 20732 23389 2808 
9 1 17158 18963 1714 
9 8 15942 17993 2796 
9 4 4462 6773 1880 
9 12 15396 17932 1362 
10 7 369 3537 2397 
10 24 11839 15745 3596 
10 6 11106 13536 2115 
10 9 18139 19869 2169 
10 16 19171 21432 1824 
10 5 16588 19041 1788 
10 13 4794 7219 2745 
10 24 9335 12164 3596 
10 12 7542 10110 3768 
10 25 19982 22415 3120 
10 4 17130 20704 1388 
10 26 17577 20011 3800 
10 0 17099 19737 2520 
10 0 8340 11888 2520 
10 12 3455 5968 3768 
10 23 5456 6945 2619 
10 25 17 2493 1560 
11 29 10039 12163 2298 
11 4 10519 13513 2178 
11 25 11656 13838 1784 
11 25 5094 7398 3568 
11 9 18705 22546 1724 
11 14 16468 17908 1382 
11 12 20438 22715 3508 
11 17 16060 19024 2265 
11 27 17367 20808 3192 
11 24 18919 21095 2655 
11 20 8198 10674 2313 
11 16 8868 10676 1388 
11 23 1817 3935 3088 
11 16 9808 12052 2082 
11 0 15726 18245 2385 
11 25 17753 19656 3568 
11 4 17777 19478 2904 
11 8 17751 20766 2442 
11 24 680 3320 1770 
11 8 20514 22497 3256 
11 16 21148 23140 2082 
11 22 12247 13733 1364 
11 23 18469 20963 3088 
12 21 13246 16351 1670 
12 16 18322 21471 2960 
12 15 19935 23132 1876 
12 15 20853 22900 2814 
12 11 3271 7006 1754 
12 22 1652 4871 1766 
12 27 8526 10722 2307 
12 4 11187 14045 2751 
12 10 17628 19530 1884 
12 27 8985 10548 1538 
12 16 15801 18288 2220 
12 16 4153 6765 2960 
12 16 21410 24205 2960 
12 20 21062 23236 1776 
12 0 2640 5374 1564 
12 26 2834 4933 2685 
12 19 19049 22548 3172 
12 29 12272 14219 1594 
12 2 1944 4543 2844 
12 4 6026 8884 1834 
12 14 2902 4452 2475 
12 26 17 3597 3580 
12 24 17891 20118 1436 
13 10 15312 17427 3660 
13 1 13458 14975 1886 
13 23 11675 13720 2241 
13 28 19221 23394 1616 
13 23 8172 10465 1494 
13 26 210 2819 2379 
13 15 19005 20692 2604 
13 25 4085 6812 2403 
13 26 17247 18966 3172 
13 17 17313 19744 2740 
14 9 12504 14402 2808 
14 4 13632 16762 2661 
14 13 5981 8260 2888 
14 11 16574 18268 1382 
14 2 20327 24429 1672 
14 23 304 4783 1828 
14 13 19172 21408 2166 
14 11 3725 5240 1382 
14 19 18414 20173 2394 
14 23 8645 12625 2742 
14 23 10572 14971 1828 
14 29 15930 19699 1914 
14 4 20392 22806 2661 
14 0 18998 20704 1890 
14 22 11649 14944 3772 
14 7 6261 10304 3072 
14 26 9818 11692 2592 
14 1 20326 22676 2511 
15 19 11604 15384 3736 
15 0 9264 11822 3744 
15 27 10386 13087 2169 
15 6 19060 20503 1406 
15 19 5588 8141 2802 
15 6 15435 16924 1406 
15 26 5887 9089 1602 
15 0 13132 14882 2808 
15 19 18341 21453 2802 
15 11 3728 6336 2259 
15 28 9815 12001 3192 
15 24 5662 7935 2193 
15 14 19796 22141 2118 
15 11 4774 6909 3012 
15 19 15574 19266 3736 
15 24 15871 18830 1462 
15 0 20392 23076 3744 
15 2 9637 13480 3080 
15 26 3572 6289 3204 
15 18 21249 24786 1386 
15 29 13175 15680 2874 
16 29 8039 10338 3340 
16 8 15840 17683 1662 
16 19 21114 23403 2820 
16 24 2331 4154 1458 
16 12 12253 16006 2220 
16 28 13609 15462 1900 
16 6 12726 14730 1688 
16 20 261 2209 3236 
16 10 17213 19281 2736 
16 8 20748 22423 1662 
16 22 6011 8074 1854 
16 22 6265 7755 3708 
16 18 15962 19048 1716 
16 20 5423 7766 2427 
16 26 16569 19285 2286 
16 18 12464 14835 3432 
16 1 8012 10983 2720 
16 9 867 3267 2776 
16 18 17654 19929 3432 
16 11 3900 6212 2082 
16 15 4417 6733 1874 
16 19 13035 14279 1410 
17 15 8637 11110 2178 
17 5 2934 4606 1530 
17 27 12286 15554 2661 
17 19 17022 19842 2028 
17 14 16073 17738 3312 
17 7 16964 19884 3148 
17 2 2181 4273 1772 
17 0 12472 14898 3508 
17 0 16638 20063 1754 
17 3 3985 6078 3584 
17 2 5314 8812 1772 
17 10 18941 21352 1604 
17 23 16211 17817 3020 
17 10 366 2687 3208 
17 8 18044 21624 1894 
17 7 1000 3786 1574 
17 4 18981 21383 1602 
17 19 11254 14051 1352 
17 5 20156 23127 2295 
17 9 15953 19065 2187 
17 4 4584 8475 2403 
17 1 11372 12985 3824 
18 13 3407 4977 1554 
18 5 20698 24888 1722 
18 9 939 3780 2409 
18 8 21218 23976 3044 
18 19 16402 19892 3168 
18 28 16633 19237 3056 
18 13 18980 20812 2331 
18 14 10444 13838 3092 
18 12 21222 24767 2187 
18 28 20173 22166 3056 
18 16 7854 9850 2574 
19 4 5019 7441 2340 
19 13 19915 21942 2352 
19 16 10133 11824 2115 
19 17 19362 22605 1352 
19 17 19272 22812 2704 
19 13 18005 20995 3136 
19 4 20708 23693 2340 
19 22 3121 5565 2154 
19 2 18528 22180 2688 
19 28 2240 5190 1694 
19 3 21281 24368 2802 
19 0 8224 10142 3432 
19 0 1143 2475 2574 
19 21 1685 4229 1546 
19 24 5046 7674 1534 
19 25 13000 14892 3476 
19 0 15929 17508 2574 
19 24 18398 21604 2301 
19 21 8555 10578 3092 
19 25 17875 20509 3476 
19 2 1161 5122 3584 
19 17 8581 11458 2028 
20 7 21460 23683 2670 
20 24 16747 18042 2589 
20 17 579 2351 1526 
20 9 21097 23510 1816 
20 16 15693 18515 2427 
20 8 1637 4139 3464 
20 26 11683 13775 2859 
20 0 11673 13965 3740 
20 0 3709 5620 2805 
20 11 10762 12249 2313 
20 26 11903 14297 2859 
20 16 10141 12409 3236 
20 15 5701 8911 2706 
20 13 3337 5363 3196 
21 29 5816 8235 2349 
21 0 6287 7861 2751 
21 24 8851 11987 2580 
21 9 20699 24687 1704 
21 17 3560 5284 1458 
21 5 20842 23022 2824 
21 14 17648 20030 2892 
21 15 16049 19131 2421 
21 14 20244 22567 3856 
21 15 4855 8539 1614 
21 0 20877 23580 3668 
21 12 11624 14954 3340 
21 19 4282 6229 1546 
21 1 5568 7725 2697 
21 16 404 3264 2490 
21 17 15697 17116 2187 
21 12 8864 11744 1670 
21 14 9583 12740 2892 
21 10 8019 11168 2079 
21 23 15707 18864 2451 
21 22 5376 7984 1548 
21 11 9138 12079 2424 
21 7 15110 18180 2436 
22 6 356 3480 2538 
22 18 1208 3186 2265 
22 17 7574 11350 2523 
22 26 13386 15441 3456 
22 7 4515 8382 3516 
22 12 5117 8787 3532 
22 14 17895 21395 3772 
22 3 9499 11018 1758 
22 25 11718 14645 1464 
22 5 16907 18556 3664 
22 3 18707 20924 2637 
22 0 6244 9430 1848 
22 9 8490 11487 1720 
22 19 16584 19317 2872 
22 7 5491 7723 1758 
22 18 9391 11768 1510 
22 16 12086 13621 3708 
22 2 5811 8610 3068 
22 29 5318 7989 3260 
22 23 20505 22547 1514 
22 2 4445 7071 3068 
23 0 3665 6490 2610 
23 2 12565 17026 2811 
23 17 19862 21811 1510 
23 6 15579 19680 3580 
23 8 8817 12548 3304 
23 5 11537 14766 3372 
23 29 9114 11390 2625 
23 2 9100 11861 3748 
24 27 5577 9093 3708 
24 14 16262 18936 2924 
24 6 10682 12390 2832 
24 3 1508 4788 2960 
24 9 18264 21519 2541 
24 21 8147 11371 1720 
24 29 19976 21875 2079 
24 23 3495 5148 1892 
24 3 123 3360 2960 
24 17 11412 14199 3316 
24 5 16389 19205 2112 
24 26 12685 16321 1520 
24 15 2675 6418 2193 
24 18 251 3098 2850 
24 3 19146 21693 2960 
24 22 12695 15307 1412 
24 1 21257 24194 1598 
24 8 20749 23059 1772 
24 17 13662 15869 1658 
24 0 3002 4937 1478 
25 19 12408 15102 1738 
25 12 19741 22627 1418 
25 22 2693 6121 2928 
25 0 6372 9288 3300 
25 9 12924 15207 2376 
25 21 2565 5665 1616 
25 21 20270 23126 3232 
25 20 18411 21636 2742 
25 3 6314 8652 2625 
25 5 16123 18533 3088 
25 15 13955 18329 1596 
25 4 2194 4030 1514 
25 26 4546 6719 2724 
25 1 20828 22805 1886 
26 1 2031 6290 2721 
26 21 8997 11473 3524 
26 6 19152 21519 2640 
26 13 17752 20175 3172 
26 21 222 2270 1762 
26 0 20068 22232 2100 
26 11 15284 17346 2196 
26 6 21261 24343 2640 
26 8 6216 7844 2520 
26 29 15466 18275 3656 
26 23 13312 15217 3808 
26 15 5407 7310 3204 
26 16 13064 16835 3048 
26 29 19252 21723 2742 
26 12 11082 14210 2685 
26 2 6405 9764 1566 
26 12 21120 23641 3580 
26 20 20314 22156 1906 
26 24 11332 15038 2280 
26 25 17537 19198 3632 
26 17 12668 16924 1528 
27 3 3862 6907 2361 
27 3 9693 12719 1574 
27 14 21256 23758 1818 
27 6 8265 10372 2799 
27 22 6058 10266 3044 
27 14 11626 15575 3636 
27 28 9322 12628 1570 
27 16 12815 15912 3776 
27 28 12690 15310 1570 
27 22 4879 8267 2283 
27 1 19512 22266 2541 
27 25 21006 23117 1872 
27 2 20052 22578 1406 
27 0 1107 4795 2598 
27 12 5470 7881 2307 
27 8 1578 4687 2403 
27 21 15918 17589 2924 
27 24 13966 17851 1854 
27 7 8757 12512 2916 
27 18 18962 20398 2523 
27 5 13064 15716 2756 
27 1 13967 16406 2541 
27 18 3615 5501 3364 
28 29 20509 24000 3608 
28 15 19984 22673 1596 
28 11 837 4059 2790 
28 27 18778 21989 2355 
28 18 11797 13686 1528 
28 26 11708 13981 2740 
28 5 4432 6813 1476 
28 17 241 3537 2550 
28 4 3807 5830 3220 
28 19 11207 13209 2541 
28 24 2471 4675 2872 
28 6 13648 16621 1884 
28 5 10373 12001 2952 
28 2 21241 24948 1930 
28 20 21142 23957 3844 
28 12 16109 18840 2728 
28 1 2831 5664 2800 
28 20 12754 15212 1922 
28 22 1960 5260 1626 
28 1 12906 15924 2100 
28 11 13310 16053 1860 
28 10 9043 11283 1826 
28 25 8805 11191 3528 
29 23 11336 13050 2625 
29 5 10656 14882 2848 
29 15 17097 19907 2874 
29 1 1998 6094 1752 
29 22 8080 10637 1630 
29 20 4910 6333 2097 
29 13 17698 21524 2742 
29 17 11445 14190 2824 
29 22 8835 11000 1630 
29 0 15927 18730 1608 
29 5 16466 19596 2848 
29 1 19292 22615 1752 
29 27 2840 4429 2421 
29 13 4558 8486 2742 
29 9 13741 17516 1650 

0 1 0 3053
0 1 1 3053
0 1 2 0
0 1 3 0
0 1 4 0
0 2 0 0
0 2 1 0
0 2 2 0
0 2 3 0
0 2 4 0
0 3 0 0
0 3 1 0
0 3 2 0
0 3 3 0
0 3 4 0
0 4 0 0
0 4 1 0
0 4 2 0
0 4 3 0
0 4 4 0
0 5 0 0
0 5 1 0
0 5 2 0
0 5 3 0
0 5 4 0
0 6 0 0
0 6 1 0
0 6 2 0
0 6 3 0
0 6 4 0
0 7 0 0
0 7 1 0
0 7 2 0
0 7 3 0
0 7 4 0
0 8 0 3050
0 8 1 3050
0 8 2 0
0 8 3 0
0 8 4 0
0 9 0 0
0 9 1 0
0 9 2 0
0 9 3 0
0 9 4 0
0 10 0 3634
0 10 1 3634
0 10 2 0
0 10 3 0
0 10 4 0
0 11 0 0
0 11 1 0
0 11 2 0
0 11 3 0
0 11 4 0
0 12 0 3801
0 12 1 3801
0 12 2 0
0 12 3 0
0 12 4 0
0 13 0 3442
0 13 1 3442
0 13 2 0
0 13 3 0
0 13 4 0
0 14 0 0
0 14 1 0
0 14 2 0
0 14 3 0
0 14 4 0
0 15 0 0
0 15 1 0
0 15 2 0
0 15 3 0
0 15 4 0
0 16 0 0
0 16 1 0
0 16 2 0
0 16 3 0
0 16 4 0
0 17 0 3945
0 17 1 3945
0 17 2 0
0 17 3 0
0 17 4 0
0 18 0 0
0 18 1 0
0 18 2 0
0 18 3 0
0 18 4 0
0 19 0 0
0 19 1 0
0 19 2 0
0 19 3 0
0 19 4 0
0 20 0 0
0 20 1 0
0 20 2 0
0 20 3 0
0 20 4 0
0 21 0 0
0 21 1 0
0 21 2 0
0 21 3 0
0 21 4 0
0 22 0 3375
0 22 1 3375
0 22 2 0
0 22 3 0
0 22 4 0
0 23 0 0
0 23 1 0
0 23 2 0
0 23 3 0
0 23 4 0
0 24 0 0
0 24 1 0
0 24 2 0
0 24 3 0
0 24 4 0
0 25 0 3108
0 25 1 3108
0 25 2 0
0 25 3 0
0 25 4 0
0 26 0 0
0 26 1 0
0 26 2 0
0 26 3 0
0 26 4 0
0 27 0 0
0 27 1 0
0 27 2 0
0 27 3 0
0 27 4 0
0 28 0 3508
0 28 1 3508
0 28 2 3508
0 28 3 0
0 28 4 0
0 29 0 0
0 29 1 0
0 29 2 0
0 29 3 0
0 29 4 0
1 0 0 3053
1 0 1 3053
1 0 2 0
1 0 3 0
1 0 4 0
1 2 0 0
1 2 1 0
1 2 2 0
1 2 3 0
1 2 4 0
1 3 0 0
1 3 1 0
1 3 2 0
1 3 3 0
1 3 4 0
1 4 0 0
1 4 1 0
1 4 2 0
1 4 3 0
1 4 4 0
1 5 0 0
1 5 1 0
1 5 2 0
1 5 3 0
1 5 4 0
1 6 0 0
1 6 1 0
1 6 2 0
1 6 3 0
1 6 4 0
1 7 0 0
1 7 1 0
1 7 2 0
1 7 3 0
1 7 4 0
1 8 0 0
1 8 1 0
1 8 2 0
1 8 3 0
1 8 4 0
1 9 0 0
1 9 1 0
1 9 2 0
1 9 3 0
1 9 4 0
1 10 0 3953
1 10 1 3953
1 10 2 3953
1 10 3 0
1 10 4 0
1 11 0 0
1 11 1 0
1 11 2 0
1 11 3 0
1 11 4 0
1 12 0 0
1 12 1 0
1 12 2 0
1 12 3 0
1 12 4 0
1 13 0 3589
1 13 1 3589
1 13 2 3589
1 13 3 0
1 13 4 0
1 14 0 0
1 14 1 0
1 14 2 0
1 14 3 0
1 14 4 0
1 15 0 0
1 15 1 0
1 15 2 0
1 15 3 0
1 15 4 0
1 16 0 0
1 16 1 0
1 16 2 0
1 16 3 0
1 16 4 0
1 17 0 0
1 17 1 0
1 17 2 0
1 17 3 0
1 17 4 0
1 18 0 0
1 18 1 0
1 18 2 0
1 18 3 0
1 18 4 0
1 19 0 3160
1 19 1 3160
1 19 2 3160
1 19 3 0
1 19 4 0
1 20 0 0
1 20 1 0
1 20 2 0
1 20 3 0
1 20 4 0
1 21 0 0
1 21 1 0
1 21 2 0
1 21 3 0
1 21 4 0
1 22 0 0
1 22 1 0
1 22 2 0
1 22 3 0
1 22 4 0
1 23 0 0
1 23 1 0
1 23 2 0
1 23 3 0
1 23 4 0
1 24 0 3245
1 24 1 3245
1 24 2 3245
1 24 3 0
1 24 4 0
1 25 0 3785
1 25 1 3785
1 25 2 3785
1 25 3 0
1 25 4 0
1 26 0 3522
1 26 1 3522
1 26 2 3522
1 26 3 0
1 26 4 0
1 27 0 0
1 27 1 0
1 27 2 0
1 27 3 0
1 27 4 0
1 28 0 3552
1 28 1 3552
1 28 2 0
1 28 3 0
1 28 4 0
1 29 0 0
1 29 1 0
1 29 2 0
1 29 3 0
1 29 4 0
2 0 0 0
2 0 1 0
2 0 2 0
2 0 3 0
2 0 4 0
2 1 0 0
2 1 1 0
2 1 2 0
2 1 3 0
2 1 4 0
2 3 0 3229
2 3 1 3229
2 3 2 3229
2 3 3 0
2 3 4 0
2 4 0 0
2 4 1 0
2 4 2 0
2 4 3 0
2 4 4 0
2 5 0 3677
2 5 1 3677
2 5 2 0
2 5 3 0
2 5 4 0
2 6 0 0
2 6 1 0
2 6 2 0
2 6 3 0
2 6 4 0
2 7 0 3260
2 7 1 3260
2 7 2 3260
2 7 3 0
2 7 4 0
2 8 0 3263
2 8 1 3263
2 8 2 0
2 8 3 0
2 8 4 0
2 9 0 0
2 9 1 0
2 9 2 0
2 9 3 0
2 9 4 0
2 10 0 0
2 10 1 0
2 10 2 0
2 10 3 0
2 10 4 0
2 11 0 0
2 11 1 0
2 11 2 0
2 11 3 0
2 11 4 0
2 12 0 0
2 12 1 0
2 12 2 0
2 12 3 0
2 12 4 0
2 13 0 0
2 13 1 0
2 13 2 0
2 13 3 0
2 13 4 0
2 14 0 0
2 14 1 0
2 14 2 0
2 14 3 0
2 14 4 0
2 15 0 3487
2 15 1 3487
2 15 2 3487
2 15 3 0
2 15 4 0
2 16 0 0
2 16 1 0
2 16 2 0
2 16 3 0
2 16 4 0
2 17 0 0
2 17 1 0
2 17 2 0
2 17 3 0
2 17 4 0
2 18 0 0
2 18 1 0
2 18 2 0
2 18 3 0
2 18 4 0
2 19 0 0
2 19 1 0
2 19 2 0
2 19 3 0
2 19 4 0
2 20 0 3867
2 20 1 3867
2 20 2 3867
2 20 3 0
2 20 4 0
2 21 0 0
2 21 1 0
2 21 2 0
2 21 3 0
2 21 4 0
2 22 0 3477
2 22 1 3477
2 22 2 3477
2 22 3 0
2 22 4 0
2 23 0 0
2 23 1 0
2 23 2 0
2 23 3 0
2 23 4 0
2 24 0 3221
2 24 1 3221
2 24 2 0
2 24 3 0
2 24 4 0
2 25 0 0
2 25 1 0
2 25 2 0
2 25 3 0
2 25 4 0
2 26 0 3517
2 26 1 3517
2 26 2 0
2 26 3 0
2 26 4 0
2 27 0 0
2 27 1 0
2 27 2 0
2 27 3 0
2 27 4 0
2 28 0 0
2 28 1 0
2 28 2 0
2 28 3 0
2 28 4 0
2 29 0 0
2 29 1 0
2 29 2 0
2 29 3 0
2 29 4 0
3 0 0 0
3 0 1 0
3 0 2 0
3 0 3 0
3 0 4 0
3 1 0 0
3 1 1 0
3 1 2 0
3 1 3 0
3 1 4 0
3 2 0 3229
3 2 1 3229
3 2 2 3229
3 2 3 0
3 2 4 0
3 4 0 0
3 4 1 0
3 4 2 0
3 4 3 0
3 4 4 0
3 5 0 0
3 5 1 0
3 5 2 0
3 5 3 0
3 5 4 0
3 6 0 0
3 6 1 0
3 6 2 0
3 6 3 0
3 6 4 0
3 7 0 0
3 7 1 0
3 7 2 0
3 7 3 0
3 7 4 0
3 8 0 0
3 8 1 0
3 8 2 0
3 8 3 0
3 8 4 0
3 9 0 3482
3 9 1 3482
3 9 2 0
3 9 3 0
3 9 4 0
3 10 0 0
3 10 1 0
3 10 2 0
3 10 3 0
3 10 4 0
3 11 0 0
3 11 1 0
3 11 2 0
3 11 3 0
3 11 4 0
3 12 0 3202
3 12 1 3202
3 12 2 0
3 12 3 0
3 12 4 0
3 13 0 0
3 13 1 0
3 13 2 0
3 13 3 0
3 13 4 0
3 14 0 0
3 14 1 0
3 14 2 0
3 14 3 0
3 14 4 0
3 15 0 3839
3 15 1 3839
3 15 2 0
3 15 3 0
3 15 4 0
3 16 0 3799
3 16 1 3799
3 16 2 3799
3 16 3 0
3 16 4 0
3 17 0 0
3 17 1 0
3 17 2 0
3 17 3 0
3 17 4 0
3 18 0 3046
3 18 1 3046
3 18 2 0
3 18 3 0
3 18 4 0
3 19 0 0
3 19 1 0
3 19 2 0
3 19 3 0
3 19 4 0
3 20 0 0
3 20 1 0
3 20 2 0
3 20 3 0
3 20 4 0
3 21 0 0
3 21 1 0
3 21 2 0
3 21 3 0
3 21 4 0
3 22 0 3511
3 22 1 3511
3 22 2 0
3 22 3 0
3 22 4 0
3 23 0 0
3 23 1 0
3 23 2 0
3 23 3 0
3 23 4 0
3 24 0 0
3 24 1 0
3 24 2 0
3 24 3 0
3 24 4 0
3 25 0 0
3 25 1 0
3 25 2 0
3 25 3 0
3 25 4 0
3 26 0 0
3 26 1 0
3 26 2 0
3 26 3 0
3 26 4 0
3 27 0 0
3 27 1 0
3 27 2 0
3 27 3 0
3 27 4 0
3 28 0 0
3 28 1 0
3 28 2 0
3 28 3 0
3 28 4 0
3 29 0 0
3 29 1 0
3 29 2 0
3 29 3 0
3 29 4 0
4 0 0 0
4 0 1 0
4 0 2 0
4 0 3 0
4 0 4 0
4 1 0 0
4 1 1 0
4 1 2 0
4 1 3 0
4 1 4 0
4 2 0 0
4 2 1 0
4 2 2 0
4 2 3 0
4 2 4 0
4 3 0 0
4 3 1 0
4 3 2 0
4 3 3 0
4 3 4 0
4 5 0 0
4 5 1 0
4 5 2 0
4 5 3 0
4 5 4 0
4 6 0 0
4 6 1 0
4 6 2 0
4 6 3 0
4 6 4 0
4 7 0 3332
4 7 1 3332
4 7 2 0
4 7 3 0
4 7 4 0
4 8 0 3223
4 8 1 3223
4 8 2 3223
4 8 3 0
4 8 4 0
4 9 0 0
4 9 1 0
4 9 2 0
4 9 3 0
4 9 4 0
4 10 0 3751
4 10 1 3751
4 10 2 3751
4 10 3 0
4 10 4 0
4 11 0 0
4 11 1 0
4 11 2 0
4 11 3 0
4 11 4 0
4 12 0 0
4 12 1 0
4 12 2 0
4 12 3 0
4 12 4 0
4 13 0 0
4 13 1 0
4 13 2 0
4 13 3 0
4 13 4 0
4 14 0 0
4 14 1 0
4 14 2 0
4 14 3 0
4 14 4 0
4 15 0 3759
4 15 1 3759
4 15 2 3759
4 15 3 0
4 15 4 0
4 16 0 0
4 16 1 0
4 16 2 0
4 16 3 0
4 16 4 0
4 17 0 0
4 17 1 0
4 17 2 0
4 17 3 0
4 17 4 0
4 18 0 3604
4 18 1 3604
4 18 2 0
4 18 3 0
4 18 4 0
4 19 0 0
4 19 1 0
4 19 2 0
4 19 3 0
4 19 4 0
4 20 0 0
4 20 1 0
4 20 2 0
4 20 3 0
4 20 4 0
4 21 0 0
4 21 1 0
4 21 2 0
4 21 3 0
4 21 4 0
4 22 0 0
4 22 1 0
4 22 2 0
4 22 3 0
4 22 4 0
4 23 0 0
4 23 1 0
4 23 2 0
4 23 3 0
4 23 4 0
4 24 0 0
4 24 1 0
4 24 2 0
4 24 3 0
4 24 4 0
4 25 0 3565
4 25 1 3565
4 25 2 3565
4 25 3 0
4 25 4 0
4 26 0 0
4 26 1 0
4 26 2 0
4 26 3 0
4 26 4 0
4 27 0 0
4 27 1 0
4 27 2 0
4 27 3 0
4 27 4 0
4 28 0 0
4 28 1 0
4 28 2 0
4 28 3 0
4 28 4 0
4 29 0 0
4 29 1 0
4 29 2 0
4 29 3 0
4 29 4 0
5 0 0 0
5 0 1 0
5 0 2 0
5 0 3 0
5 0 4 0
5 1 0 0
5 1 1 0
5 1 2 0
5 1 3 0
5 1 4 0
5 2 0 3677
5 2 1 3677
5 2 2 0
5 2 3 0
5 2 4 0
5 3 0 0
5 3 1 0
5 3 2 0
5 3 3 0
5 3 4 0
5 4 0 0
5 4 1 0
5 4 2 0
5 4 3 0
5 4 4 0
5 6 0 0
5 6 1 0
5 6 2 0
5 6 3 0
5 6 4 0
5 7 0 3388
5 7 1 3388
5 7 2 3388
5 7 3 0
5 7 4 0
5 8 0 0
5 8 1 0
5 8 2 0
5 8 3 0
5 8 4 0
5 9 0 0
5 9 1 0
5 9 2 0
5 9 3 0
5 9 4 0
5 10 0 0
5 10 1 0
5 10 2 0
5 10 3 0
5 10 4 0
5 11 0 3238
5 11 1 3238
5 11 2 0
5 11 3 0
5 11 4 0
5 12 0 0
5 12 1 0
5 12 2 0
5 12 3 0
5 12 4 0
5 13 0 0
5 13 1 0
5 13 2 0
5 13 3 0
5 13 4 0
5 14 0 0
5 14 1 0
5 14 2 0
5 14 3 0
5 14 4 0
5 15 0 3348
5 15 1 3348
5 15 2 0
5 15 3 0
5 15 4 0
5 16 0 0
5 16 1 0
5 16 2 0
5 16 3 0
5 16 4 0
5 17 0 0
5 17 1 0
5 17 2 0
5 17 3 0
5 17 4 0
5 18 0 0
5 18 1 0
5 18 2 0
5 18 3 0
5 18 4 0
5 19 0 3657
5 19 1 3657
5 19 2 3657
5 19 3 0
5 19 4 0
5 20 0 3550
5 20 1 3550
5 20 2 0
5 20 3 0
5 20 4 0
5 21 0 0
5 21 1 0
5 21 2 0
5 21 3 0
5 21 4 0
5 22 0 3449
5 22 1 3449
5 22 2 0
5 22 3 0
5 22 4 0
5 23 0 0
5 23 1 0
5 23 2 0
5 23 3 0
5 23 4 0
5 24 0 3556
5 24 1 3556
5 24 2 3556
5 24 3 0
5 24 4 0
5 25 0 0
5 25 1 0
5 25 2 0
5 25 3 0
5 25 4 0
5 26 0 0
5 26 1 0
5 26 2 0
5 26 3 0
5 26 4 0
5 27 0 0
5 27 1 0
5 27 2 0
5 27 3 0
5 27 4 0
5 28 0 3378
5 28 1 3378
5 28 2 0
5 28 3 0
5 28 4 0
5 29 0 0
5 29 1 0
5 29 2 0
5 29 3 0
5 29 4 0
6 0 0 0
6 0 1 0
6 0 2 0
6 0 3 0
6 0 4 0
6 1 0 0
6 1 1 0
6 1 2 0
6 1 3 0
6 1 4 0
6 2 0 0
6 2 1 0
6 2 2 0
6 2 3 0
6 2 4 0
6 3 0 0
6 3 1 0
6 3 2 0
6 3 3 0
6 3 4 0
6 4 0 0
6 4 1 0
6 4 2 0
6 4 3 0
6 4 4 0
6 5 0 0
6 5 1 0
6 5 2 0
6 5 3 0
6 5 4 0
6 7 0 0
6 7 1 0
6 7 2 0
6 7 3 0
6 7 4 0
6 8 0 0
6 8 1 0
6 8 2 0
6 8 3 0
6 8 4 0
6 9 0 0
6 9 1 0
6 9 2 0
6 9 3 0
6 9 4 0
6 10 0 0
6 10 1 0
6 10 2 0
6 10 3 0
6 10 4 0
6 11 0 3325
6 11 1 3325
6 11 2 3325
6 11 3 0
6 11 4 0
6 12 0 0
6 12 1 0
6 12 2 0
6 12 3 0
6 12 4 0
6 13 0 0
6 13 1 0
6 13 2 0
6 13 3 0
6 13 4 0
6 14 0 0
6 14 1 0
6 14 2 0
6 14 3 0
6 14 4 0
6 15 0 0
6 15 1 0
6 15 2 0
6 15 3 0
6 15 4 0
6 16 0 3622
6 16 1 3622
6 16 2 3622
6 16 3 0
6 16 4 0
6 17 0 3887
6 17 1 3887
6 17 2 0
6 17 3 0
6 17 4 0
6 18 0 3691
6 18 1 3691
6 18 2 3691
6 18 3 0
6 18 4 0
6 19 0 0
6 19 1 0
6 19 2 0
6 19 3 0
6 19 4 0
6 20 0 0
6 20 1 0
6 20 2 0
6 20 3 0
6 20 4 0
6 21 0 0
6 21 1 0
6 21 2 0
6 21 3 0
6 21 4 0
6 22 0 0
6 22 1 0
6 22 2 0
6 22 3 0
6 22 4 0
6 23 0 0
6 23 1 0
6 23 2 0
6 23 3 0
6 23 4 0
6 24 0 0
6 24 1 0
6 24 2 0
6 24 3 0
6 24 4 0
6 25 0 0
6 25 1 0
6 25 2 0
6 25 3 0
6 25 4 0
6 26 0 3387
6 26 1 3387
6 26 2 3387
6 26 3 0
6 26 4 0
6 27 0 0
6 27 1 0
6 27 2 0
6 27 3 0
6 27 4 0
6 28 0 3431
6 28 1 3431
6 28 2 3431
6 28 3 0
6 28 4 0
6 29 0 0
6 29 1 0
6 29 2 0
6 29 3 0
6 29 4 0
7 0 0 0
7 0 1 0
7 0 2 0
7 0 3 0
7 0 4 0
7 1 0 0
7 1 1 0
7 1 2 0
7 1 3 0
7 1 4 0
7 2 0 3260
7 2 1 3260
7 2 2 3260
7 2 3 0
7 2 4 0
7 3 0 0
7 3 1 0
7 3 2 0
7 3 3 0
7 3 4 0
7 4 0 3332
7 4 1 3332
7 4 2 0
7 4 3 0
7 4 4 0
7 5 0 3388
7 5 1 3388
7 5 2 3388
7 5 3 0
7 5 4 0
7 6 0 0
7 6 1 0
7 6 2 0
7 6 3 0
7 6 4 0
7 8 0 0
7 8 1 0
7 8 2 0
7 8 3 0
7 8 4 0
7 9 0 3867
7 9 1 3867
7 9 2 3867
7 9 3 0
7 9 4 0
7 10 0 0
7 10 1 0
7 10 2 0
7 10 3 0
7 10 4 0
7 11 0 0
7 11 1 0
7 11 2 0
7 11 3 0
7 11 4 0
7 12 0 0
7 12 1 0
7 12 2 0
7 12 3 0
7 12 4 0
7 13 0 0
7 13 1 0
7 13 2 0
7 13 3 0
7 13 4 0
7 14 0 0
7 14 1 0
7 14 2 0
7 14 3 0
7 14 4 0
7 15 0 0
7 15 1 0
7 15 2 0
7 15 3 0
7 15 4 0
7 16 0 0
7 16 1 0
7 16 2 0
7 16 3 0
7 16 4 0
7 17 0 0
7 17 1 0
7 17 2 0
7 17 3 0
7 17 4 0
7 18 0 0
7 18 1 0
7 18 2 0
7 18 3 0
7 18 4 0
7 19 0 0
7 19 1 0
7 19 2 0
7 19 3 0
7 19 4 0
7 20 0 0
7 20 1 0
7 20 2 0
7 20 3 0
7 20 4 0
7 21 0 0
7 21 1 0
7 21 2 0
7 21 3 0
7 21 4 0
7 22 0 0
7 22 1 0
7 22 2 0
7 22 3 0
7 22 4 0
7 23 0 0
7 23 1 0
7 23 2 0
7 23 3 0
7 23 4 0
7 24 0 0
7 24 1 0
7 24 2 0
7 24 3 0
7 24 4 0
7 25 0 0
7 25 1 0
7 25 2 0
7 25 3 0
7 25 4 0
7 26 0 3032
7 26 1 3032
7 26 2 0
7 26 3 0
7 26 4 0
7 27 0 0
7 27 1 0
7 27 2 0
7 27 3 0
7 27 4 0
7 28 0 0
7 28 1 0
7 28 2 0
7 28 3 0
7 28 4 0
7 29 0 0
7 29 1 0
7 29 2 0
7 29 3 0
7 29 4 0
8 0 0 3050
8 0 1 3050
8 0 2 0
8 0 3 0
8 0 4 0
8 1 0 0
8 1 1 0
8 1 2 0
8 1 3 0
8 1 4 0
8 2 0 3263
8 2 1 3263
8 2 2 0
8 2 3 0
8 2 4 0
8 3 0 0
8 3 1 0
8 3 2 0
8 3 3 0
8 3 4 0
8 4 0 3223
8 4 1 3223
8 4 2 3223
8 4 3 0
8 4 4 0
8 5 0 0
8 5 1 0
8 5 2 0
8 5 3 0
8 5 4 0
8 6 0 0
8 6 1 0
8 6 2 0
8 6 3 0
8 6 4 0
8 7 0 0
8 7 1 0
8 7 2 0
8 7 3 0
8 7 4 0
8 9 0 0
8 9 1 0
8 9 2 0
8 9 3 0
8 9 4 0
8 10 0 0
8 10 1 0
8 10 2 0
8 10 3 0
8 10 4 0
8 11 0 0
8 11 1 0
8 11 2 0
8 11 3 0
8 11 4 0
8 12 0 3683
8 12 1 3683
8 12 2 0
8 12 3 0
8 12 4 0
8 13 0 3721
8 13 1 3721
8 13 2 3721
8 13 3 0
8 13 4 0
8 14 0 0
8 14 1 0
8 14 2 0
8 14 3 0
8 14 4 0
8 15 0 0
8 15 1 0
8 15 2 0
8 15 3 0
8 15 4 0
8 16 0 0
8 16 1 0
8 16 2 0
8 16 3 0
8 16 4 0
8 17 0 0
8 17 1 0
8 17 2 0
8 17 3 0
8 17 4 0
8 18 0 0
8 18 1 0
8 18 2 0
8 18 3 0
8 18 4 0
8 19 0 0
8 19 1 0
8 19 2 0
8 19 3 0
8 19 4 0
8 20 0 0
8 20 1 0
8 20 2 0
8 20 3 0
8 20 4 0
8 21 0 0
8 21 1 0
8 21 2 0
8 21 3 0
8 21 4 0
8 22 0 0
8 22 1 0
8 22 2 0
8 22 3 0
8 22 4 0
8 23 0 0
8 23 1 0
8 23 2 0
8 23 3 0
8 23 4 0
8 24 0 0
8 24 1 0
8 24 2 0
8 24 3 0
8 24 4 0
8 25 0 0
8 25 1 0
8 25 2 0
8 25 3 0
8 25 4 0
8 26 0 0
8 26 1 0
8 26 2 0
8 26 3 0
8 26 4 0
8 27 0 0
8 27 1 0
8 27 2 0
8 27 3 0
8 27 4 0
8 28 0 0
8 28 1 0
8 28 2 0
8 28 3 0
8 28 4 0
8 29 0 0
8 29 1 0
8 29 2 0
8 29 3 0
8 29 4 0
9 0 0 0
9 0 1 0
9 0 2 0
9 0 3 0
9 0 4 0
9 1 0 0
9 1 1 0
9 1 2 0
9 1 3 0
9 1 4 0
9 2 0 0
9 2 1 0
9 2 2 0
9 2 3 0
9 2 4 0
9 3 0 3482
9 3 1 3482
9 3 2 0
9 3 3 0
9 3 4 0
9 4 0 0
9 4 1 0
9 4 2 0
9 4 3 0
9 4 4 0
9 5 0 0
9 5 1 0
9 5 2 0
9 5 3 0
9 5 4 0
9 6 0 0
9 6 1 0
9 6 2 0
9 6 3 0
9 6 4 0
9 7 0 3867
9 7 1 3867
9 7 2 3867
9 7 3 0
9 7 4 0
9 8 0 0
9 8 1 0
9 8 2 0
9 8 3 0
9 8 4 0
9 10 0 0
9 10 1 0
9 10 2 0
9 10 3 0
9 10 4 0
9 11 0 3023
9 11 1 3023
9 11 2 0
9 11 3 0
9 11 4 0
9 12 0 0
9 12 1 0
9 12 2 0
9 12 3 0
9 12 4 0
9 13 0 0
9 13 1 0
9 13 2 0
9 13 3 0
9 13 4 0
9 14 0 0
9 14 1 0
9 14 2 0
9 14 3 0
9 14 4 0
9 15 0 0
9 15 1 0
9 15 2 0
9 15 3 0
9 15 4 0
9 16 0 0
9 16 1 0
9 16 2 0
9 16 3 0
9 16 4 0
9 17 0 0
9 17 1 0
9 17 2 0
9 17 3 0
9 17 4 0
9 18 0 0
9 18 1 0
9 18 2 0
9 18 3 0
9 18 4 0
9 19 0 3581
9 19 1 3581
9 19 2 3581
9 19 3 0
9 19 4 0
9 20 0 0
9 20 1 0
9 20 2 0
9 20 3 0
9 20 4 0
9 21 0 3465
9 21 1 3465
9 21 2 3465
9 21 3 0
9 21 4 0
9 22 0 3650
9 22 1 3650
9 22 2 0
9 22 3 0
9 22 4 0
9 23 0 3051
9 23 1 3051
9 23 2 3051
9 23 3 0
9 23 4 0
9 24 0 0
9 24 1 0
9 24 2 0
9 24 3 0
9 24 4 0
9 25 0 0
9 25 1 0
9 25 2 0
9 25 3 0
9 25 4 0
9 26 0 0
9 26 1 0
9 26 2 0
9 26 3 0
9 26 4 0
9 27 0 0
9 27 1 0
9 27 2 0
9 27 3 0
9 27 4 0
9 28 0 3677
9 28 1 3677
9 28 2 3677
9 28 3 0
9 28 4 0
9 29 0 0
9 29 1 0
9 29 2 0
9 29 3 0
9 29 4 0
10 0 0 3634
10 0 1 3634
10 0 2 0
10 0 3 0
10 0 4 0
10 1 0 3953
10 1 1 3953
10 1 2 3953
10 1 3 0
10 1 4 0
10 2 0 0
10 2 1 0
10 2 2 0
10 2 3 0
10 2 4 0
10 3 0 0
10 3 1 0
10 3 2 0
10 3 3 0
10 3 4 0
10 4 0 3751
10 4 1 3751
10 4 2 3751
10 4 3 0
10 4 4 0
10 5 0 0
10 5 1 0
10 5 2 0
10 5 3 0
10 5 4 0
10 6 0 0
10 6 1 0
10 6 2 0
10 6 3 0
10 6 4 0
10 7 0 0
10 7 1 0
10 7 2 0
10 7 3 0
10 7 4 0
10 8 0 0
10 8 1 0
10 8 2 0
10 8 3 0
10 8 4 0
10 9 0 0
10 9 1 0
10 9 2 0
10 9 3 0
10 9 4 0
10 11 0 0
10 11 1 0
10 11 2 0
10 11 3 0
10 11 4 0
10 12 0 3787
10 12 1 3787
10 12 2 0
10 12 3 0
10 12 4 0
10 13 0 0
10 13 1 0
10 13 2 0
10 13 3 0
10 13 4 0
10 14 0 0
10 14 1 0
10 14 2 0
10 14 3 0
10 14 4 0
10 15 0 0
10 15 1 0
10 15 2 0
10 15 3 0
10 15 4 0
10 16 0 3202
10 16 1 3202
10 16 2 0
10 16 3 0
10 16 4 0
10 17 0 0
10 17 1 0
10 17 2 0
10 17 3 0
10 17 4 0
10 18 0 3769
10 18 1 3769
10 18 2 3769
10 18 3 0
10 18 4 0
10 19 0 3061
10 19 1 3061
10 19 2 3061
10 19 3 0
10 19 4 0
10 20 0 0
10 20 1 0
10 20 2 0
10 20 3 0
10 20 4 0
10 21 0 3772
10 21 1 3772
10 21 2 0
10 21 3 0
10 21 4 0
10 22 0 0
10 22 1 0
10 22 2 0
10 22 3 0
10 22 4 0
10 23 0 0
10 23 1 0
10 23 2 0
10 23 3 0
10 23 4 0
10 24 0 0
10 24 1 0
10 24 2 0
10 24 3 0
10 24 4 0
10 25 0 0
10 25 1 0
10 25 2 0
10 25 3 0
10 25 4 0
10 26 0 0
10 26 1 0
10 26 2 0
10 26 3 0
10 26 4 0
10 27 0 0
10 27 1 0
10 27 2 0
10 27 3 0
10 27 4 0
10 28 0 0
10 28 1 0
10 28 2 0
10 28 3 0
10 28 4 0
10 29 0 0
10 29 1 0
10 29 2 0
10 29 3 0
10 29 4 0
11 0 0 0
11 0 1 0
11 0 2 0
11 0 3 0
11 0 4 0
11 1 0 0
11 1 1 0
11 1 2 0
11 1 3 0
11 1 4 0
11 2 0 0
11 2 1 0
11 2 2 0
11 2 3 0
11 2 4 0
11 3 0 0
11 3 1 0
11 3 2 0
11 3 3 0
11 3 4 0
11 4 0 0
11 4 1 0
11 4 2 0
11 4 3 0
11 4 4 0
11 5 0 3238
11 5 1 3238
11 5 2 0
11 5 3 0
11 5 4 0
11 6 0 3325
11 6 1 3325
11 6 2 3325
11 6 3 0
11 6 4 0
11 7 0 0
11 7 1 0
11 7 2 0
11 7 3 0
11 7 4 0
11 8 0 0
11 8 1 0
11 8 2 0
11 8 3 0
11 8 4 0
11 9 0 3023
11 9 1 3023
11 9 2 0
11 9 3 0
11 9 4 0
11 10 0 0
11 10 1 0
11 10 2 0
11 10 3 0
11 10 4 0
11 12 0 0
11 12 1 0
11 12 2 0
11 12 3 0
11 12 4 0
11 13 0 0
11 13 1 0
11 13 2 0
11 13 3 0
11 13 4 0
11 14 0 3673
11 14 1 3673
11 14 2 3673
11 14 3 0
11 14 4 0
11 15 0 0
11 15 1 0
11 15 2 0
11 15 3 0
11 15 4 0
11 16 0 0
11 16 1 0
11 16 2 0
11 16 3 0
11 16 4 0
11 17 0 0
11 17 1 0
11 17 2 0
11 17 3 0
11 17 4 0
11 18 0 0
11 18 1 0
11 18 2 0
11 18 3 0
11 18 4 0
11 19 0 0
11 19 1 0
11 19 2 0
11 19 3 0
11 19 4 0
11 20 0 0
11 20 1 0
11 20 2 0
11 20 3 0
11 20 4 0
11 21 0 0
11 21 1 0
11 21 2 0
11 21 3 0
11 21 4 0
11 22 0 3098
11 22 1 3098
11 22 2 0
11 22 3 0
11 22 4 0
11 23 0 0
11 23 1 0
11 23 2 0
11 23 3 0
11 23 4 0
11 24 0 0
11 24 1 0
11 24 2 0
11 24 3 0
11 24 4 0
11 25 0 0
11 25 1 0
11 25 2 0
11 25 3 0
11 25 4 0
11 26 0 3540
11 26 1 3540
11 26 2 3540
11 26 3 0
11 26 4 0
11 27 0 3607
11 27 1 3607
11 27 2 3607
11 27 3 0
11 27 4 0
11 28 0 3405
11 28 1 3405
11 28 2 3405
11 28 3 0
11 28 4 0
11 29 0 0
11 29 1 0
11 29 2 0
11 29 3 0
11 29 4 0
12 0 0 3801
12 0 1 3801
12 0 2 0
12 0 3 0
12 0 4 0
12 1 0 0
12 1 1 0
12 1 2 0
12 1 3 0
12 1 4 0
12 2 0 0
12 2 1 0
12 2 2 0
12 2 3 0
12 2 4 0
12 3 0 3202
12 3 1 3202
12 3 2 0
12 3 3 0
12 3 4 0
12 4 0 0
12 4 1 0
12 4 2 0
12 4 3 0
12 4 4 0
12 5 0 0
12 5 1 0
12 5 2 0
12 5 3 0
12 5 4 0
12 6 0 0
12 6 1 0
12 6 2 0
12 6 3 0
12 6 4 0
12 7 0 0
12 7 1 0
12 7 2 0
12 7 3 0
12 7 4 0
12 8 0 3683
12 8 1 3683
12 8 2 0
12 8 3 0
12 8 4 0
12 9 0 0
12 9 1 0
12 9 2 0
12 9 3 0
12 9 4 0
12 10 0 3787
12 10 1 3787
12 10 2 0
12 10 3 0
12 10 4 0
12 11 0 0
12 11 1 0
12 11 2 0
12 11 3 0
12 11 4 0
12 13 0 0
12 13 1 0
12 13 2 0
12 13 3 0
12 13 4 0
12 14 0 0
12 14 1 0
12 14 2 0
12 14 3 0
12 14 4 0
12 15 0 0
12 15 1 0
12 15 2 0
12 15 3 0
12 15 4 0
12 16 0 0
12 16 1 0
12 16 2 0
12 16 3 0
12 16 4 0
12 17 0 3853
12 17 1 3853
12 17 2 0
12 17 3 0
12 17 4 0
12 18 0 0
12 18 1 0
12 18 2 0
12 18 3 0
12 18 4 0
12 19 0 3339
12 19 1 3339
12 19 2 3339
12 19 3 0
12 19 4 0
12 20 0 0
12 20 1 0
12 20 2 0
12 20 3 0
12 20 4 0
12 21 0 0
12 21 1 0
12 21 2 0
12 21 3 0
12 21 4 0
12 22 0 0
12 22 1 0
12 22 2 0
12 22 3 0
12 22 4 0
12 23 0 0
12 23 1 0
12 23 2 0
12 23 3 0
12 23 4 0
12 24 0 3885
12 24 1 3885
12 24 2 3885
12 24 3 0
12 24 4 0
12 25 0 0
12 25 1 0
12 25 2 0
12 25 3 0
12 25 4 0
12 26 0 3465
12 26 1 3465
12 26 2 3465
12 26 3 0
12 26 4 0
12 27 0 0
12 27 1 0
12 27 2 0
12 27 3 0
12 27 4 0
12 28 0 0
12 28 1 0
12 28 2 0
12 28 3 0
12 28 4 0
12 29 0 0
12 29 1 0
12 29 2 0
12 29 3 0
12 29 4 0
13 0 0 3442
13 0 1 3442
13 0 2 0
13 0 3 0
13 0 4 0
13 1 0 3589
13 1 1 3589
13 1 2 3589
13 1 3 0
13 1 4 0
13 2 0 0
13 2 1 0
13 2 2 0
13 2 3 0
13 2 4 0
13 3 0 0
13 3 1 0
13 3 2 0
13 3 3 0
13 3 4 0
13 4 0 0
13 4 1 0
13 4 2 0
13 4 3 0
13 4 4 0
13 5 0 0
13 5 1 0
13 5 2 0
13 5 3 0
13 5 4 0
13 6 0 0
13 6 1 0
13 6 2 0
13 6 3 0
13 6 4 0
13 7 0 0
13 7 1 0
13 7 2 0
13 7 3 0
13 7 4 0
13 8 0 3721
13 8 1 3721
13 8 2 3721
13 8 3 0
13 8 4 0
13 9 0 0
13 9 1 0
13 9 2 0
13 9 3 0
13 9 4 0
13 10 0 0
13 10 1 0
13 10 2 0
13 10 3 0
13 10 4 0
13 11 0 0
13 11 1 0
13 11 2 0
13 11 3 0
13 11 4 0
13 12 0 0
13 12 1 0
13 12 2 0
13 12 3 0
13 12 4 0
13 14 0 0
13 14 1 0
13 14 2 0
13 14 3 0
13 14 4 0
13 15 0 0
13 15 1 0
13 15 2 0
13 15 3 0
13 15 4 0
13 16 0 3910
13 16 1 3910
13 16 2 3910
13 16 3 0
13 16 4 0
13 17 0 0
13 17 1 0
13 17 2 0
13 17 3 0
13 17 4 0
13 18 0 0
13 18 1 0
13 18 2 0
13 18 3 0
13 18 4 0
13 19 0 0
13 19 1 0
13 19 2 0
13 19 3 0
13 19 4 0
13 20 0 3210
13 20 1 3210
13 20 2 0
13 20 3 0
13 20 4 0
13 21 0 3179
13 21 1 3179
