40 4 24 682

   0  801  720  881  944  813  957  784  857  821  765  766  835  762  743  891  947  862  749  775  845  781  734  928  753  783  939  679  725  790  935  779  951  705  935  681  705  685  942  721 
 801    0  925  926  722  925  687  962  870  706  900  856  852  849  738  944  923  921  917  786  913  948  736  720  790  826  686  800  928  781  731  929  837  691  683  908  681  705  807  677 
 720  925    0  906  847  953  810  691  934  736  965  845  771  853  773  764  918  690  900  756  875  868  917  733  772  947  887  806  941  878  736  787  825  719  803  708  790  799  875  678 
 881  926  906    0  876  876  835  797  910  877  829  756  770  952  696  853  790  676  707  912  872  918  798  814  924  817  956  837  821  809  866  696  723  794  846  830  739  717  928  819 
 944  722  847  876    0  912  685  801  809  734  705  960  730  852  939  928  753  877  844  810  742  916  703  950  875  737  928  882  853  961  785  752  697  919  863  705  755  884  693  881 
 813  925  953  876  912    0  844  730  820  819  885  830  819  704  888  795  910  695  804  742  931  851  824  835  689  901  737  846  936  909  943  751  796  709  947  833  869  802  854  717 
 957  687  810  835  685  844    0  931  888  866  857  780  786  908  795  772  833  831  821  927  853  737  949  915  763  695  776  787  760  785  888  752  927  957  949  682  750  833  933  898 
 784  962  691  797  801  730  931    0  759  828  844  778  821  698  912  951  700  696  944  897  740  724  902  852  917  875  819  770  966  835  746  834  845  963  801  896  856  776  839  746 
 857  870  934  910  809  820  888  759    0  809  910  716  792  743  848  816  965  845  770  917  887  814  906  962  953  793  820  757  876  794  727  831  677  681  714  836  901  729  925  815 
 821  706  736  877  734  819  866  828  809    0  722  860  760  819  704  950  849  801  852  799  758  788  733  798  766  918  854  954  862  740  763  900  917  818  777  734  866  881  688  845 
 765  900  965  829  705  885  857  844  910  722    0  882  755  777  933  757  753  882  849  893  679  927  759  755  911  933  875  725  715  933  711  732  868  867  722  928  888  922  924  827 
 766  856  845  756  960  830  780  778  716  860  882    0  829  910  804  954  832  790  850  851  715  956  716  715  710  858  719  765  720  955  707  801  807  749  911  773  792  943  679  820 
 835  852  771  770  730  819  786  821  792  760  755  829    0  859  893  733  682  818  723  963  928  905  809  802  851  680  809  888  870  966  830  930  833  713  753  937  728  699  838  689 
 762  849  853  952  852  704  908  698  743  819  777  910  859    0  842  872  829  731  768  703  869  895  784  885  765  863  717  710  928  780  892  811  928  707  750  800  840  682  747  872 
 743  738  773  696  939  888  795  912  848  704  933  804  893  842    0  883  932  826  696  913  773  712  722  788  885  900  847  899  770  702  906  695  739  816  830  712  917  910  934  946 
 891  944  764  853  928  795  772  951  816  950  757  954  733  872  883    0  679  922  717  820  864  852  903  814  752  956  678  852  758  715  732  870  802  705  764  740  794  859  884  898 
 947  923  918  790  753  910  833  700  965  849  753  832  682  829  932  679    0  944  858  906  821  730  936  714  865  724  965  736  866  822  946  703  680  924  865  801  816  844  753  891 
 862  921  690  676  877  695  831  696  845  801  882  790  818  731  826  922  944    0  677  724  787  788  946  851  836  892  729  720  767  793  797  934  856  877  821  704  875  922  894  741 
 749  917  900  707  844  804  821  944  770  852  849  850  723  768  696  717  858  677    0  918  756  803  804  778  911  839  682  702  679  943  833  877  771  907  849  891  784  899  883  770 
 775  786  756  912  810  742  927  897  917  799  893  851  963  703  913  820  906  724  918    0  855  703  750  888  939  742  886  824  854  924  718  694  926  831  682  683  956  714  819  940 
 845  913  875  872  742  931  853  740  887  758  679  715  928  869  773  864  821  787  756  855    0  927  787  956  892  723  692  726  907  953  923  903  685  916  760  773  814  891  748  722 
 781  948  868  918  916  851  737  724  814  788  927  956  905  895  712  852  730  788  803  703  927    0  758  796  793  765  702  966  956  729  816  696  809  899  834  677  802  689  753  807 
 734  736  917  798  703  824  949  902  906  733  759  716  809  784  722  903  936  946  804  750  787  758    0  893  853  862  754  680  831  689  839  954  745  803  743  688  822  922  935  851 
 928  720  733  814  950  835  915  852  962  798  755  715  802  885  788  814  714  851  778  888  956  796  893    0  857  816  823  803  937  771  681  780  827  827  726  852  849  906  771  869 
 753  790  772  924  875  689  763  917  953  766  911  710  851  765  885  752  865  836  911  939  892  793  853  857    0  755  826  952  885  724  790  881  735  848  707  919  835  868  689  746 
 783  826  947  817  737  901  695  875  793  918  933  858  680  863  900  956  724  892  839  742  723  765  862  816  755    0  919  709  833  861  724  834  732  699  742  884  703  780  756  734 
 939  686  887  956  928  737  776  819  820  854  875  719  809  717  847  678  965  729  682  886  692  702  754  823  826  919    0  702  923  956  742  728  930  702  916  882  759  706  881  937 
 679  800  806  837  882  846  787  770  757  954  725  765  888  710  899  852  736  720  702  824  726  966  680  803  952  709  702    0  754  909  886  836  849  864  702  760  702  965  875  832 
 725  928  941  821  853  936  760  966  876  862  715  720  870  928  770  758  866  767  679  854  907  956  831  937  885  833  923  754    0  685  802  738  748  790  820  748  951  798  728  802 
 790  781  878  809  961  909  785  835  794  740  933  955  966  780  702  715  822  793  943  924  953  729  689  771  724  861  956  909  685    0  708  952  887  761  809  811  708  789  950  701 
 935  731  736  866  785  943  888  746  727  763  711  707  830  892  906  732  946  797  833  718  923  816  839  681  790  724  742  886  802  708    0  700  726  811  861  836  952  926  677  811 
 779  929  787  696  752  751  752  834  831  900  732  801  930  811  695  870  703  934  877  694  903  696  954  780  881  834  728  836  738  952  700    0  872  740  684  883  841  809  836  848 
 951  837  825  723  697  796  927  845  677  917  868  807  833  928  739  802  680  856  771  926  685  809  745  827  735  732  930  849  748  887  726  872    0  888  836  964  911  892  822  837 
 705  691  719  794  919  709  957  963  681  818  867  749  713  707  816  705  924  877  907  831  916  899  803  827  848  699  702  864  790  761  811  740  888    0  933  885  944  720  747  831 
 935  683  803  846  863  947  949  801  714  777  722  911  753  750  830  764  865  821  849  682  760  834  743  726  707  742  916  702  820  809  861  684  836  933    0  877  758  953  936  933 
 681  908  708  830  705  833  682  896  836  734  928  773  937  800  712  740  801  704  891  683  773  677  688  852  919  884  882  760  748  811  836  883  964  885  877    0  728  686  793  882 
 705  681  790  739  755  869  750  856  901  866  888  792  728  840  917  794  816  875  784  956  814  802  822  849  835  703  759  702  951  708  952  841  911  944  758  728    0  895  898  698 
 685  705  799  717  884  802  833  776  729  881  922  943  699  682  910  859  844  922  899  714  891  689  922  906  868  780  706  965  798  789  926  809  892  720  953  686  895    0  776  890 
 942  807  875  928  693  854  933  839  925  688  924  679  838  747  934  884  753  894  883  819  748  753  935  771  689  756  881  875  728  950  677  836  822  747  936  793  898  776    0  778 
 721  677  678  819  881  717  898  746  815  845  827  820  689  872  946  898  891  741  770  940  722  807  851  869  746  734  937  832  802  701  811  848  837  831  933  882  698  890  778    0 

   0 1197 1189  609  646  607  797  683 1140  712  753  694  942  692  733  663 1071  755  648  693  898  984  620  772  949  674  946 1128 1165 1126 1127  765 1058 1039  614  861  958  835 1138  732 
1197    0 1157  880  740 1038  817  901  617 1041 1110  863  667  627  699  840  625 1063  889 1194  742  685  841 1165 1158 1189 1037  649  602  913  621 1105  914  706  850  928 1071  970  689  653 
1189 1157    0  920 1159 1075 1169 1079  653  952 1062 1096 1003  960 1192  772 1123  764  643  918  779  987  946  951 1144  783 1100  882  886  981 1093  868  789  644  956 1139  819  713 1008  967 
 609  880  920    0  818 1115  733  936  893 1159  971 1114 1044  950 1013  611 1052  989 1143  709  614  675  814 1121  730 1127 1112  876 1012  969  701  721  798  730 1045 1092  762 1108 1047 1143 
 646  740 1159  818    0  861  697  698 1065 1078  756  747  760  874  885  979  807 1059  932 1129 1144  672  936  957  776  629  636  606  924 1080  961  610 1121  971  735  822  890  761  861  958 
 607 1038 1075 1115  861    0  688  637  912 1006  610  715  817  607 1139  801  844  861  675  663 1015  704  958  911  962  813 1126 1132  998 1020  832  950  947  963  793 1189  923 1054 1014  816 
 797  817 1169  733  697  688    0 1150  859  615  846 1002  649  792 1155 1162  941  645  690  813  607 1032 1000 1008 1120 1027  803  791 1028  738  766  748  884  871  976 1110  707 1122  868  802 
 683  901 1079  936  698  637 1150    0  601  896  690 1124  993 1078  938  978  782  736  858  684  791  746  859  948  805  851  603  621 1031  862  991 1150  938  810  871  782  704  826  865  887 
1140  617  653  893 1065  912  859  601    0 1129  606  959  884 1083  756  676  814 1023  924 1046  793  906 1130  986  874  893  831 1160 1128  720  760  956  672 1138  847 1113  829  815  912  840 
 712 1041  952 1159 1078 1006  615  896 1129    0 1139  957  740  681  631  832 1069  883  795  815  849  624  721  814 1002  922  734  655  860 1076 1190 1115  700 1128 1013  657  913  776  724  937 
 753 1110 1062  971  756  610  846  690  606 1139    0 1153  733  865  977  697  748  782 1192 1020 1090  903 1106  703 1139  668 1075 1036 1030  708  851 1102 1131  620  730 1085  962  780 1046  890 
 694  863 1096 1114  747  715 1002 1124  959  957 1153    0 1166 1159  835 1089 1043 1087  642 1086  600  884  899  898 1019 1062 1069  686  626  929  658 1156  719 1173  779 1097  680 1105  607  623 
 942  667 1003 1044  760  817  649  993  884  740  733 1166    0  820  874 1189  665  675 1094 1057 1026  974  624  868  693  737  815  616  837  697 1056 1075  635  787  932 1063 1134 1131 1168  619 
 692  627  960  950  874  607  792 1078 1083  681  865 1159  820    0  650  685  767  744  851  650  905  828  653  736  708 1076  749  606  876 1103  632  777 1152  614  795  628  897  895  993  748 
 733  699 1192 1013  885 1139 1155  938  756  631  977  835  874  650    0 1033  967 1110  915  872 1181 1036  680 1068 1033  749  939  945  989  986  810  852 1150  809 1098 1064  796  847 1060  659 
 663  840  772  611  979  801 1162  978  676  832  697 1089 1189  685 1033    0  666 1127  677 1058  949  927  877  748  691 1074 1105  926 1152 1103 1178 1133  605 1184  615 1007  862  835 1020  618 
1071  625 1123 1052  807  844  941  782  814 1069  748 1043  665  767  967  666    0 1090  636 1193 1185  622  921 1099  889 1040  834  639  751  716 1127  741 1150  737  867 1130  683 1049  882  693 
 755 1063  764  989 1059  861  645  736 1023  883  782 1087  675  744 1110 1127 1090    0  709 1125  753  631  678  840  864  980  631 1149  710  743  836  653  992 1070  721  957 1142 1162  851  614 
 648  889  643 1143  932  675  690  858  924  795 1192  642 1094  851  915  677  636  709    0 1032  627  638 1136  981  663  898  815  669 1119  813 1175 1196 1009  945 1053  776  678  986  874  733 
 693 1194  918  709 1129  663  813  684 1046  815 1020 1086 1057  650  872 1058 1193 1125 1032    0  732 1016  958  912  980 1196  708  670  677  945  772  947 1143  663  899  615 1115  727  989  738 
 898  742  779  614 1144 1015  607  791  793  849 1090  600 1026  905 1181  949 1185  753  627  732    0  808  704  637  754 1053  882  714 1194  824  908  827 1118  907 1126  719 1092 1186  678 1025 
 984  685  987  675  672  704 1032  746  906  624  903  884  974  828 1036  927  622  631  638 1016  808    0  889  899  821  716 1158  611  654  991 1108  823  700 1193  716  634 1174  807  811  653 
 620  841  946  814  936  958 1000  859 1130  721 1106  899  624  653  680  877  921  678 1136  958  704  889    0  965 1177 1176  646  865 1180 1184  915 1049  969  975  934  610  994  977 1069  756 
 772 1165  951 1121  957  911 1008  948  986  814  703  898  868  736 1068  748 1099  840  981  912  637  899  965    0  884  726 1077  632 1049  986  776  658 1103  808  644  682  676  742  778  697 
 949 1158 1144  730  776  962 1120  805  874 1002 1139 1019  693  708 1033  691  889  864  663  980  754  821 1177  884    0  764  962 1031 1086  716 1013  655 1187  885  640  760  649 1084 1134  936 
 674 1189  783 1127  629  813 1027  851  893  922  668 1062  737 1076  749 1074 1040  980  898 1196 1053  716 1176  726  764    0  911 1113 1070  987 1003 1148  948  694  646  679  913  949  709  676 
 946 1037 1100 1112  636 1126  803  603  831  734 1075 1069  815  749  939 1105  834  631  815  708  882 1158  646 1077  962  911    0  658 1186  613 1140 1059  786  952 1118 1085 1158  913  610  980 
1128  649  882  876  606 1132  791  621 1160  655 1036  686  616  606  945  926  639 1149  669  670  714  611  865  632 1031 1113  658    0  977 1122  717  783  811 1078  690  895 1053 1015  630  653 
1165  602  886 1012  924  998 1028 1031 1128  860 1030  626  837  876  989 1152  751  710 1119  677 1194  654 1180 1049 1086 1070 1186  977    0  805  882 1081  880  862  717  708 1122  938  619  676 
1126  913  981  969 1080 1020  738  862  720 1076  708  929  697 1103  986 1103  716  743  813  945  824  991 1184  986  716  987  613 1122  805    0  777  952 1067 1192 1099  985  716 1145  803 1101 
1127  621 1093  701  961  832  766  991  760 1190  851  658 1056  632  810 1178 1127  836 1175  772  908 1108  915  776 1013 1003 1140  717  882  777    0  884  645  683  622  618  649  663  815  848 
 765 1105  868  721  610  950  748 1150  956 1115 1102 1156 1075  777  852 1133  741  653 1196  947  827  823 1049  658  655 1148 1059  783 1081  952  884    0 1111  756 1008  924  802 1140  989  786 
1058  914  789  798 1121  947  884  938  672  700 1131  719  635 1152 1150  605 1150  992 1009 1143 1118  700  969 1103 1187  948  786  811  880 1067  645 1111    0  912  660 1143  764 1033 1153 1117 
1039  706  644  730  971  963  871  810 1138 1128  620 1173  787  614  809 1184  737 1070  945  663  907 1193  975  808  885  694  952 1078  862 1192  683  756  912    0  900  841  865 1035  659  855 
 614  850  956 1045  735  793  976  871  847 1013  730  779  932  795 1098  615  867  721 1053  899 1126  716  934  644  640  646 1118  690  717 1099  622 1008  660  900    0  671  709  667  940  789 
 861  928 1139 1092  822 1189 1110  782 1113  657 1085 1097 1063  628 1064 1007 1130  957  776  615  719  634  610  682  760  679 1085  895  708  985  618  924 1143  841  671    0 1146  900  901 1128 
 958 1071  819  762  890  923  707  704  829  913  962  680 1134  897  796  862  683 1142  678 1115 1092 1174  994  676  649  913 1158 1053 1122  716  649  802  764  865  709 1146    0 1137  753 1042 
 835  970  713 1108  761 1054 1122  826  815  776  780 1105 1131  895  847  835 1049 1162  986  727 1186  807  977  742 1084  949  913 1015  938 1145  663 1140 1033 1035  667  900 1137    0  848  795 
1138  689 1008 1047  861 1014  868  865  912  724 1046  607 1168  993 1060 1020  882  851  874  989  678  811 1069  778 1134  709  610  630  619  803  815  989 1153  659  940  901  753  848    0  765 
 732  653  967 1143  958  816  802  887  840  937  890  623  619  748  659  618  693  614  733  738 1025  653  756  697  936  676  980  653  676 1101  848  786 1117  855  789 1128 1042  795  765    0 

0 631 841
1 269 1052
2 602 875
3 548 986
4 531 1020
5 353 821
6 219 751
7 214 916
8 290 735
9 507 718
10 364 734
11 448 941
12 477 777
13 255 702
14 434 1058
15 240 994
16 667 865
17 306 842
18 567 909
19 421 1038
20 558 978
21 494 738
22 682 706
23 569 791
24 605 841
25 690 854
26 421 825
27 607 748
28 631 1008
29 527 1076
30 633 738
31 250 980
32 476 1003
33 469 769
34 264 823
35 496 816
36 405 751
37 427 969
38 656 1015
39 640 870

0 19 16357 18810 3100 
0 32 19890 23815 1902 
0 24 34323 37445 1506 
0 27 21986 25494 2037 
0 36 26982 30363 2115 
0 1 25947 30447 3204 
0 39 10072 11909 1442 
0 26 21937 25380 3756 
0 5 27661 29409 2439 
0 15 10269 11767 3564 
1 20 13697 16553 1826 
1 6 27452 30336 2061 
1 16 27841 29578 2769 
1 34 16287 18420 2049 
1 4 22010 24696 2888 
1 39 3066 5207 2031 
1 29 24570 26569 3124 
1 10 34528 37691 3600 
1 11 28493 30546 1712 
1 23 30952 34085 2160 
1 11 31365 34678 3424 
1 26 5565 8427 2744 
2 33 5849 7459 2157 
2 0 15127 18242 2160 
2 10 3021 5952 3860 
2 4 30967 34953 1694 
2 12 15289 17876 1542 
2 5 4387 7311 1906 
2 32 796 2437 2475 
2 24 33238 36692 3088 
2 5 18314 22366 1906 
2 13 671 3858 3412 
2 15 20100 22601 1528 
2 34 787 2813 2409 
2 37 12309 14305 1598 
2 23 7625 10535 2932 
2 8 7959 9460 3736 
2 24 157 2673 1544 
2 1 25089 29601 3700 
2 0 3186 6408 2160 
2 9 9950 13205 1472 
2 27 12383 15655 1612 
2 8 34501 37008 3736 
2 33 663 3052 1438 
2 17 16502 18908 2760 
2 0 27352 30776 1440 
3 11 3684 7939 2268 
3 19 8784 10818 1824 
3 7 26037 27909 3188 
3 39 21065 25614 1638 
3 10 31387 33464 3316 
3 4 1177 4408 2628 
3 27 13579 17012 3348 
3 39 24317 28191 3276 
3 32 29238 32166 1446 
3 6 24810 27287 1670 
3 27 6055 9068 3348 
3 29 6361 9374 1618 
3 35 34442 38329 3320 
3 37 5826 9249 2868 
3 33 12462 14849 3176 
4 36 4846 7578 1510 
4 22 348 2716 2812 
4 24 18326 20785 1750 
4 33 15656 18491 1838 
4 15 733 3552 1856 
4 37 6754 9409 1768 
4 27 3188 4503 3528 
4 37 1137 3876 3536 
4 30 28878 31857 3140 
4 14 33735 36956 1878 
5 10 31539 33637 3540 
5 39 16835 19519 2868 
5 0 19987 21899 2439 
5 1 13852 17931 1850 
5 9 1580 4195 2457 
5 31 29827 33437 3004 
5 9 4750 8602 2457 
5 38 33274 36539 1708 
5 22 16754 20193 2472 
5 32 21408 24817 2388 
5 27 29108 32481 3384 
5 24 3706 6899 2067 
5 39 26858 29869 2868 
5 33 5809 7840 2836 
6 33 4691 6459 3828 
6 21 18392 21838 2948 
6 1 21015 23776 2748 
6 19 32085 34670 1854 
6 26 21248 23038 2328 
6 5 28237 30039 2532 
6 32 12613 14487 2781 
6 8 13241 16221 1776 
6 17 20581 22954 1662 
6 11 2196 5933 1560 
6 19 14776 17865 3708 
6 11 20050 23045 2340 
6 36 31049 33290 2250 
6 1 8679 11612 1374 
6 2 7487 10164 1620 
6 15 30444 34022 2316 
6 12 2531 4432 1572 
6 10 20682 22873 2571 
6 33 28164 31247 2871 
6 33 27340 30736 1914 
6 27 19559 22398 1574 
6 17 2161 3812 1662 
7 33 15437 17705 3852 
7 14 14421 17638 3648 
7 37 6605 8793 1552 
7 20 32012 33965 1480 
7 36 8946 10494 2568 
7 36 25136 27712 2568 
7 14 14507 18155 2736 
7 17 7846 10046 2784 
7 8 21441 23628 1518 
7 10 12649 15402 3376 
8 17 32228 34836 2535 
8 38 10148 12218 3700 
8 12 33465 35233 3168 
8 28 9549 13925 2628 
8 39 33972 36223 3260 
8 13 30690 34610 1486 
8 36 3312 6072 1802 
8 12 21051 23455 3168 
8 0 6867 9318 3428 
8 6 9123 11880 2664 
8 0 2977 6248 1714 
8 2 15246 17446 2802 
8 17 22077 24562 1690 
8 20 14930 17237 3548 
8 36 3894 5916 2703 
8 6 28326 31375 3552 
8 11 27178 29326 1432 
8 35 27206 29966 3344 
8 34 16635 19235 2856 
8 34 7376 9629 1428 
9 30 6899 11004 2289 
9 24 12729 15213 2298 
9 37 32667 35569 3524 
9 5 1259 4337 3276 
9 17 25263 27576 3204 
9 32 12906 14677 3668 
9 21 27886 29920 2364 
9 39 22100 25173 2535 
9 0 19755 21798 3284 
9 17 16298 18064 3204 
9 4 7127 10156 2202 
9 11 2739 4767 2580 
10 23 20696 23254 1510 
10 1 28364 31227 3600 
10 39 9033 11071 1654 
10 5 31727 33435 2655 
10 28 29926 32686 2145 
10 31 34428 37414 2928 
10 30 3372 5627 1422 
10 17 29825 32303 2646 
10 0 27533 30048 1530 
10 32 4332 7216 2604 
10 24 703 3163 2733 
10 37 34136 36312 1844 
10 28 5745 8083 2860 
10 31 33915 36196 2928 
10 1 6582 10633 2700 
10 37 34497 36189 3688 
10 36 27825 31211 3552 
10 22 7327 10080 2277 
10 12 13994 16478 2265 
10 3 8714 11500 1658 
10 19 33945 38014 2679 
10 25 15937 18548 3732 
10 11 3341 7537 1764 
11 35 17424 21197 1546 
11 12 6302 8960 1658 
11 39 22027 23777 3280 
11 20 17068 19312 2860 
11 26 14820 18614 1438 
11 30 33769 35716 2121 
11 3 25181 27888 1512 
11 38 1714 3759 2037 
11 37 9555 13289 3772 
11 9 18171 21309 1720 
11 2 4020 6749 3380 
11 26 10015 12740 2876 
11 21 6790 10149 3824 
11 15 2668 6250 3816 
11 15 16452 18989 2862 
11 20 5171 7097 1430 
11 21 24347 26353 1912 
11 13 990 5591 3640 
12 20 5179 8369 2784 
12 8 3904 6193 2376 
12 10 3713 6043 1510 
12 17 33388 35446 3272 
12 2 2491 4507 2313 
12 6 21724 24073 3144 
12 24 1862 3622 2553 
12 27 21923 23684 3552 
12 11 13094 17373 2487 
13 30 20981 22510 2676 
13 22 4062 6327 1568 
13 11 7945 11294 1820 
13 21 32160 33832 2685 
13 16 1437 3147 1658 
13 5 7807 9075 2112 
13 38 29548 31732 1494 
13 25 33454 37435 2589 
13 17 1389 3740 2924 
13 17 30406 32228 2924 
13 35 16115 18419 3200 
13 33 28949 30827 2121 
13 10 1692 3655 2331 
13 32 19957 22917 3712 
13 31 33432 35654 3244 
13 32 30009 34110 1856 
13 31 2418 5386 2433 
13 19 32710 34536 1406 
13 12 5335 8311 3436 
13 10 20849 23573 3108 
13 4 22401 24297 2556 
13 21 7428 9945 2685 
14 37 26862 30106 3640 
14 10 6371 10259 2799 
14 38 28547 32681 1868 
14 9 26217 28589 1408 
14 21 15086 18888 1424 
14 5 30690 34642 3552 
14 9 21319 23199 2816 
14 8 28930 31205 1696 
14 17 24527 26835 2478 
14 27 31316 33272 2697 
14 13 18035 19699 1684 
14 1 4128 6329 2214 
14 38 2794 4914 1868 
14 23 2382 5842 2364 
14 13 18591 20820 2526 
14 22 3757 5253 2166 
14 6 206 3902 3180 
14 5 8783 12598 1776 
15 21 10286 12863 3408 
15 30 2560 6388 2196 
15 33 33923 37380 2115 
15 6 7694 10366 1544 
15 11 28606 32613 1908 
15 33 29480 32511 2115 
15 38 4488 8557 1768 
15 4 28033 30314 1856 
15 17 14440 18091 1844 
15 32 17151 18887 1604 
15 23 16456 18580 3256 
15 18 2425 5078 2868 
15 31 28553 31657 1740 
15 10 31209 33000 3028 
15 3 6167 7938 2559 
15 39 26372 28256 1796 
15 3 24985 26298 3412 
15 23 19561 22171 1628 
15 2 14029 16252 3056 
15 33 869 4421 1410 
15 22 6562 8912 1806 
15 13 4869 7129 2616 
16 39 7014 9307 2673 
16 35 15063 18950 2403 
16 11 9337 12173 2496 
16 24 18597 20961 1730 
16 14 30771 32869 3728 
16 19 611 5192 1812 
16 26 29666 32951 2895 
16 32 20798 23155 1360 
16 15 29894 32031 2037 
16 2 30292 32661 1836 
17 19 19610 21927 1448 
17 24 3325 6685 2508 
17 25 25788 28404 2676 
17 30 17017 19851 1594 
17 5 16075 18072 2085 
17 6 5450 6946 2493 
17 18 21973 23646 2031 
17 37 7036 9755 2766 
17 22 18938 20768 2838 
18 1 19939 23130 1834 
18 3 22101 26032 2121 
18 33 29546 31521 1814 
18 33 10019 12428 1814 
18 8 19353 21533 1540 
18 39 6724 8365 1540 
18 12 8112 12094 2892 
18 10 33532 37572 3396 
18 20 29715 31313 2268 
18 34 7357 10631 2547 
18 14 34289 36896 2088 
18 15 26457 29070 1434 
18 6 7535 9308 1642 
18 24 4332 6281 2733 
19 22 13741 16308 3000 
19 32 21058 24189 1852 
19 13 27682 29931 2109 
19 6 4305 7500 3708 
19 23 31534 34853 1776 
19 6 17894 20723 2781 
19 20 21452 24306 1710 
19 17 29220 33461 1448 
19 28 4086 6760 2562 
19 18 33172 36020 1836 
19 5 8365 10029 1484 
19 25 24751 28889 1484 
19 27 12208 14599 1648 
19 34 7081 8879 2728 
19 17 8248 10779 2172 
19 12 12836 15319 2889 
19 25 18905 22696 1484 
19 26 21599 24317 3544 
19 37 8159 10805 2856 
19 23 17392 20748 1776 
19 20 5313 6784 2565 
19 11 21372 25173 1702 
19 5 15397 17432 2968 
19 16 24693 28260 2718 
20 26 30821 34269 2076 
20 39 24469 28282 1444 
20 2 19650 22711 3500 
20 2 31895 34886 1750 
20 32 25765 28951 2740 
20 5 34479 37371 3724 
20 33 3699 6537 2748 
20 38 8362 10721 2244 
20 5 18164 20691 1862 
20 33 9098 12018 1832 
21 39 15729 17348 2421 
21 19 207 4138 1406 
21 34 29445 31686 3336 
21 31 16368 18392 1392 
21 5 29450 31681 3404 
21 8 329 3871 2442 
21 7 28500 30596 1448 
21 13 993 4023 2685 
21 9 27157 29334 2364 
21 35 30943 32845 1354 
21 8 18956 20813 2442 
21 39 5164 6992 3228 
21 19 26882 30529 2109 
21 18 20152 22206 3212 
21 36 31528 34709 3208 
21 36 16719 20417 1604 
21 24 27836 30972 1586 
21 26 13898 16271 2106 
21 1 5160 7187 1896 
21 37 8983 10637 2756 
22 18 17858 20459 3216 
22 20 3986 5675 3148 
22 20 6848 8819 1574 
22 23 24467 27169 1786 
22 31 26828 30751 1908 
22 28 13519 18156 2493 
22 19 14589 17482 1500 
22 21 33536 35420 2274 
22 4 10143 12651 2812 
22 33 21244 24334 3212 
22 26 31451 34028 3016 
22 11 21746 23669 2148 
22 18 18771 21974 3216 
22 8 25324 27821 2718 
22 20 20877 22996 1574 
22 35 32319 34338 1376 
22 29 29409 31812 2067 
22 10 15042 18282 2277 
22 29 30591 34806 2756 
22 24 28757 31169 1706 
22 33 618 3211 3212 
22 3 18523 21648 2394 
22 16 33678 36238 2808 
22 21 5737 8510 2274 
23 19 34047 35898 1776 
23 13 12672 14379 2655 
23 2 4064 7516 1466 
23 13 5267 7276 1770 
23 39 16411 18167 1738 
23 38 28685 30342 1542 
23 25 14652 16713 3264 
23 34 6789 8386 2904 
23 26 9410 11596 1646 
23 7 17992 21537 3408 
23 20 1052 2351 1912 
23 20 27872 30375 1912 
23 31 13982 16383 3120 
23 9 16567 18618 1596 
23 31 2442 3915 3120 
23 36 9356 11046 1698 
23 19 249 3568 1776 
23 22 24890 27775 1786 
23 1 25244 29880 2160 
23 19 33832 36467 3552 
24 7 27006 29292 1834 
24 33 4741 6608 3392 
24 12 9499 11709 1702 
24 12 4609 6209 3404 
24 36 8728 10551 3340 
24 11 26967 29901 2840 
24 28 24950 27122 2655 
24 30 19836 23320 2370 
24 29 24954 26500 1448 
24 32 5568 9995 2205 
24 3 6962 9546 3696 
24 7 29855 32310 2751 
24 0 8727 11934 2259 
24 14 27621 30699 1770 
24 30 16169 19309 2370 
24 21 30383 33543 2379 
24 23 25979 28082 3428 
24 18 24856 26559 3644 
24 2 29930 33853 1544 
24 25 25267 27108 2265 
24 10 5267 9617 3644 
24 32 12521 17185 1470 
24 10 2870 6548 3644 
24 10 28421 31621 2733 
25 26 20033 22492 1838 
25 37 20750 24479 2340 
25 17 9942 13793 1784 
25 11 8746 11390 1716 
25 9 28300 31573 2754 
25 12 22190 24747 2040 
25 14 17394 19221 2700 
25 5 18128 20087 3604 
25 8 31324 33663 3172 
25 0 14809 16258 1566 
25 34 32828 34430 1484 
25 4 28014 29655 1474 
25 14 26300 28314 1800 
25 11 8390 12404 2574 
25 22 7369 9944 3448 
25 10 14118 16355 1866 
26 27 25998 27478 2808 
26 8 16983 19509 1640 
26 22 26995 28551 3016 
26 32 26118 27980 2790 
26 35 1643 4279 1764 
26 16 30914 33307 2895 
26 13 30850 33756 2151 
26 36 1681 5618 3036 
26 27 9999 11571 1404 
26 37 21521 24679 2118 
26 32 7697 9968 2790 
26 24 25181 27711 1652 
26 18 17752 20849 1364 
26 37 33651 35906 2118 
26 6 32544 35418 1552 
26 34 24943 29012 2748 
26 1 7949 10116 2058 
26 24 18023 21861 2478 
26 30 18446 21216 2226 
26 18 24551 26979 2046 
26 29 17667 19027 2868 
27 12 33524 35322 2664 
27 1 12589 14023 3200 
27 11 2462 3991 2295 
27 21 31699 33165 1932 
27 33 27446 30820 1728 
27 18 29027 30391 1404 
27 9 17393 19823 3816 
27 14 29892 33624 2697 
27 23 17585 19866 2409 
27 38 12702 14138 2625 
27 38 33814 36151 3500 
27 23 4027 6257 1606 
27 11 13831 15525 2295 
28 38 3354 4858 2912 
28 8 857 3124 2628 
28 37 24572 28220 2394 
28 35 12324 13973 2992 
28 16 29936 32602 3464 
28 15 28953 32604 3032 
28 4 4490 7631 2559 
28 0 31509 35225 2175 
28 16 32224 33853 2598 
28 25 30235 32899 1666 
28 18 20807 23671 2037 
28 34 31451 33078 2460 
28 35 3345 5794 2244 
28 32 8173 10003 2244 
28 4 16412 19036 1706 
28 3 1794 4789 1642 
28 21 24753 26800 2868 
28 16 8113 10861 1732 
28 30 10328 12277 3208 
28 39 25790 27588 1604 
29 39 16926 20757 2103 
29 6 27912 29638 2355 
29 36 30507 31989 1416 
29 24 29188 30799 1448 
29 22 14108 18275 2756 
29 13 18611 21699 2340 
29 10 32392 34190 3732 
29 20 5332 7927 2859 
29 8 7226 9861 2382 
29 15 605 4465 2860 
29 30 24460 26379 1416 
29 13 26964 30537 1560 
29 20 17284 19566 1906 
29 2 30803 34511 2634 
29 30 13306 14992 1416 
29 11 30900 33083 1910 
30 5 767 2564 1886 
30 2 16335 20226 2208 
30 37 20489 22610 2778 
30 6 32646 34553 3552 
30 5 18529 20767 2829 
30 2 451 3893 1472 
30 8 21409 24091 2908 
30 31 12566 14988 1400 
30 2 5915 8188 2944 
30 7 32127 36001 2238 
30 35 15576 17992 2508 
30 14 34103 37302 3624 
30 33 5682 8168 2433 
30 0 12974 16287 3740 
30 28 1795 4590 1604 
30 14 33611 35668 3624 
30 36 4792 6959 1904 
31 20 20967 24043 2709 
31 3 1929 4647 1392 
31 14 13787 16692 1390 
31 38 4802 7155 3344 
31 3 34091 36477 2784 
31 39 26755 29081 1696 
31 32 18073 21317 1744 
31 0 20448 23194 2337 
31 22 30972 35073 1908 
31 15 8748 11467 2610 
31 23 2261 3583 2340 
31 12 29560 32064 3720 
31 26 25739 28524 1456 
31 5 7852 10179 1502 
32 36 18419 20611 1822 
32 3 10396 13133 1446 
32 14 9187 12648 1478 
32 7 16160 19564 3380 
32 12 16935 18763 1666 
32 6 3403 6390 1854 
32 17 29137 32162 3424 
32 24 31298 35025 2205 
32 10 14659 17724 1736 
32 0 32624 36221 3804 
32 39 32606 36772 1674 
32 35 20852 25309 3856 
32 27 20308 22011 3396 
32 36 33562 36006 1822 
32 0 6688 9153 3804 
32 31 24978 28510 1744 
32 24 13506 17506 2940 
33 2 3295 4995 2157 
33 31 21290 22998 2220 
33 10 4611 6737 1734 
33 20 18066 21086 1832 
33 0 1137 3225 1410 
33 14 29010 31590 2448 
33 37 29154 32372 2880 
33 4 6319 8571 1838 
33 28 20435 23253 1580 
33 22 12410 15617 3212 
33 0 192 2342 2115 
33 5 33810 36891 2127 
33 13 34678 36477 2828 
33 17 13034 16543 2631 
33 3 4398 6369 1588 
33 21 19895 24643 3596 
33 16 28370 30146 2772 
34 12 16991 18920 3012 
34 16 15869 19154 2595 
34 10 19571 21731 2888 
34 17 14842 17163 1642 
34 19 27384 30818 1364 
34 39 9358 11417 1866 
34 14 9560 13424 3320 
34 9 30145 33052 1554 
34 32 33440 35809 3344 
34 8 25440 27159 1428 
34 31 3645 6245 1368 
34 2 28146 31415 3212 
34 16 5915 7753 3460 
34 32 30985 32509 1672 
34 15 32418 34810 1528 
34 9 27691 30578 3108 
34 8 19164 21772 1428 
34 36 34473 37216 1516 
34 20 6929 11331 2280 
34 5 14157 16956 2841 
34 18 33038 36891 3396 
35 0 18441 20886 2724 
35 28 21784 24304 2992 
35 39 33139 35462 2646 
35 8 8384 11188 1672 
35 20 13068 14793 3092 
35 6 20561 23080 2046 
35 13 10089 12287 2400 
35 21 16962 18331 2708 
35 25 12645 14817 2652 
35 23 2136 3956 3408 
35 13 26873 29278 2400 
35 19 12221 13653 2049 
35 25 20511 21896 1768 
35 3 22309 26021 3320 
35 34 16046 18481 1754 
36 11 8836 11549 3168 
36 11 15836 17760 3168 
36 23 8475 10056 3396 
36 16 31407 32964 1632 
36 7 20038 21551 2568 
36 4 22243 25722 3020 
36 10 14286 18057 3552 
36 33 18396 21042 2832 
36 13 1504 4706 1680 
36 31 13678 16621 1682 
36 26 16206 19575 2277 
36 17 8001 10684 3500 
36 5 13459 16791 1738 
36 4 4833 8197 2265 
36 0 6138 9922 2820 
36 5 16850 18991 1738 
36 31 32334 34010 1682 
36 34 19349 21213 2274 
36 18 3427 5488 3136 
36 6 13178 15991 2250 
36 16 9723 11396 2448 
37 38 32454 35625 1552 
37 4 13193 14775 2652 
37 33 18009 21124 2160 
37 15 4445 6440 3436 
37 25 17565 19586 1560 
37 13 7740 10353 1364 
37 5 15591 17994 1604 
37 23 31065 33313 3624 
37 10 5413 7706 2766 
37 27 9162 11719 1930 
37 22 27539 29883 3688 
37 9 30490 32080 2643 
37 14 14184 16792 1820 
37 7 29163 32442 2328 
37 7 18321 20848 2328 
37 6 26417 30590 1666 
37 30 20017 22529 1852 
37 21 25973 28878 2067 
37 2 30311 32457 1598 
37 3 7302 11035 2151 
37 39 15325 17773 1780 
37 32 9615 12280 1784 
37 3 20196 23542 2151 
37 19 25198 27030 2142 
38 31 19073 21377 2508 
38 39 221 2676 3112 
38 20 10127 12615 2992 
38 19 7546 11145 3276 
38 10 14919 18600 2772 
38 2 14232 16419 3500 
38 0 32633 36502 3768 
38 32 27536 30107 3288 
38 11 33438 35689 2037 
38 31 1626 3890 1672 
38 31 17495 20076 3344 
38 11 32124 34442 1358 
38 17 25158 27940 1788 
38 20 1288 2874 2244 
38 12 3145 5702 2514 
38 39 6785 9080 2334 
38 22 6721 10986 1870 
38 11 21133 22899 1358 
38 10 8490 12632 3696 
39 7 27728 30176 2238 
39 0 544 2549 1442 
39 25 7132 9829 2936 
39 21 16754 18601 1614 
39 12 19809 22204 2067 
39 28 19787 22342 3208 
39 10 27950 31171 3308 
39 29 25758 28609 2804 
39 36 8763 12701 2792 
39 21 14943 17326 2421 
39 17 1636 3631 2223 
39 13 22553 24617 3488 
39 12 20844 22874 2756 
39 11 5292 7435 2460 
39 36 30047 32943 2094 

0 1 0 0
0 1 1 0
0 1 2 0
0 1 3 0
0 1 4 0
0 2 0 0
0 2 1 0
0 2 2 0
0 2 3 0
0 2 4 0
0 3 0 0
0 3 1 0
0 3 2 0
0 3 3 0
0 3 4 0
0 4 0 0
0 4 1 0
0 4 2 0
0 4 3 0
0 4 4 0
0 5 0 3496
0 5 1 3496
0 5 2 3496
0 5 3 0
0 5 4 0
0 6 0 0
0 6 1 0
0 6 2 0
0 6 3 0
0 6 4 0
0 7 0 0
0 7 1 0
0 7 2 0
0 7 3 0
0 7 4 0
0 8 0 3929
0 8 1 3929
0 8 2 3929
0 8 3 0
0 8 4 0
0 9 0 0
0 9 1 0
0 9 2 0
0 9 3 0
0 9 4 0
0 10 0 3354
0 10 1 3354
0 10 2 3354
0 10 3 0
0 10 4 0
0 11 0 0
0 11 1 0
0 11 2 0
0 11 3 0
0 11 4 0
0 12 0 3543
0 12 1 3543
0 12 2 0
0 12 3 0
0 12 4 0
0 13 0 0
0 13 1 0
0 13 2 0
0 13 3 0
0 13 4 0
0 14 0 0
0 14 1 0
0 14 2 0
0 14 3 0
0 14 4 0
0 15 0 3045
0 15 1 3045
0 15 2 3045
0 15 3 0
0 15 4 0
0 16 0 0
0 16 1 0
0 16 2 0
0 16 3 0
0 16 4 0
0 17 0 0
0 17 1 0
0 17 2 0
0 17 3 0
0 17 4 0
0 18 0 0
0 18 1 0
0 18 2 0
0 18 3 0
0 18 4 0
0 19 0 0
0 19 1 0
0 19 2 0
0 19 3 0
0 19 4 0
0 20 0 3160
0 20 1 3160
0 20 2 0
0 20 3 0
0 20 4 0
0 21 0 0
0 21 1 0
0 21 2 0
0 21 3 0
0 21 4 0
0 22 0 3604
0 22 1 3604
0 22 2 0
0 22 3 0
0 22 4 0
0 23 0 3573
0 23 1 3573
0 23 2 0
0 23 3 0
0 23 4 0
0 24 0 3724
0 24 1 3724
0 24 2 3724
0 24 3 0
0 24 4 0
0 25 0 0
0 25 1 0
0 25 2 0
0 25 3 0
0 25 4 0
0 26 0 0
0 26 1 0
0 26 2 0
0 26 3 0
0 26 4 0
0 27 0 0
0 27 1 0
0 27 2 0
0 27 3 0
0 27 4 0
0 28 0 0
0 28 1 0
0 28 2 0
0 28 3 0
0 28 4 0
0 29 0 0
0 29 1 0
0 29 2 0
0 29 3 0
0 29 4 0
0 30 0 0
0 30 1 0
0 30 2 0
0 30 3 0
0 30 4 0
0 31 0 3395
0 31 1 3395
0 31 2 3395
0 31 3 0
0 31 4 0
0 32 0 0
0 32 1 0
0 32 2 0
0 32 3 0
0 32 4 0
0 33 0 3706
0 33 1 3706
0 33 2 3706
0 33 3 0
0 33 4 0
0 34 0 0
0 34 1 0
0 34 2 0
0 34 3 0
0 34 4 0
0 35 0 3696
0 35 1 3696
0 35 2 0
0 35 3 0
0 35 4 0
0 36 0 0
0 36 1 0
0 36 2 0
0 36 3 0
0 36 4 0
0 37 0 0
0 37 1 0
0 37 2 0
0 37 3 0
0 37 4 0
0 38 0 3497
0 38 1 3497
0 38 2 3497
0 38 3 0
0 38 4 0
0 39 0 0
0 39 1 0
0 39 2 0
0 39 3 0
0 39 4 0
1 0 0 0
1 0 1 0
1 0 2 0
1 0 3 0
1 0 4 0
1 2 0 0
1 2 1 0
1 2 2 0
1 2 3 0
1 2 4 0
1 3 0 0
1 3 1 0
1 3 2 0
1 3 3 0
1 3 4 0
1 4 0 0
1 4 1 0
1 4 2 0
1 4 3 0
1 4 4 0
1 5 0 0
1 5 1 0
1 5 2 0
1 5 3 0
1 5 4 0
1 6 0 3466
1 6 1 3466
1 6 2 0
1 6 3 0
1 6 4 0
1 7 0 3273
1 7 1 3273
1 7 2 0
1 7 3 0
1 7 4 0
1 8 0 0
1 8 1 0
1 8 2 0
1 8 3 0
1 8 4 0
1 9 0 0
1 9 1 0
1 9 2 0
1 9 3 0
1 9 4 0
1 10 0 0
1 10 1 0
1 10 2 0
1 10 3 0
1 10 4 0
1 11 0 3809
1 11 1 3809
1 11 2 3809
1 11 3 0
1 11 4 0
1 12 0 0
1 12 1 0
1 12 2 0
1 12 3 0
1 12 4 0
1 13 0 0
1 13 1 0
1 13 2 0
1 13 3 0
1 13 4 0
1 14 0 3083
1 14 1 3083
1 14 2 3083
1 14 3 0
1 14 4 0
1 15 0 0
1 15 1 0
1 15 2 0
1 15 3 0
1 15 4 0
1 16 0 0
1 16 1 0
1 16 2 0
1 16 3 0
1 16 4 0
1 17 0 0
1 17 1 0
1 17 2 0
1 17 3 0
1 17 4 0
1 18 0 0
1 18 1 0
1 18 2 0
1 18 3 0
1 18 4 0
1 19 0 0
1 19 1 0
1 19 2 0
1 19 3 0
1 19 4 0
1 20 0 0
1 20 1 0
1 20 2 0
1 20 3 0
1 20 4 0
1 21 0 0
1 21 1 0
1 21 2 0
1 21 3 0
1 21 4 0
1 22 0 0
1 22 1 0
1 22 2 0
1 22 3 0
1 22 4 0
1 23 0 0
1 23 1 0
1 23 2 0
1 23 3 0
1 23 4 0
1 24 0 3721
1 24 1 3721
1 24 2 0
1 24 3 0
1 24 4 0
1 25 0 0
1 25 1 0
1 25 2 0
1 25 3 0
1 25 4 0
1 26 0 0
1 26 1 0
1 26 2 0
1 26 3 0
1 26 4 0
1 27 0 3881
1 27 1 3881
1 27 2 3881
1 27 3 0
1 27 4 0
1 28 0 0
1 28 1 0
1 28 2 0
1 28 3 0
1 28 4 0
1 29 0 0
1 29 1 0
1 29 2 0
1 29 3 0
1 29 4 0
1 30 0 0
1 30 1 0
1 30 2 0
1 30 3 0
1 30 4 0
1 31 0 0
1 31 1 0
1 31 2 0
1 31 3 0
1 31 4 0
1 32 0 3632
1 32 1 3632
1 32 2 0
1 32 3 0
1 32 4 0
1 33 0 0
1 33 1 0
1 33 2 0
1 33 3 0
1 33 4 0
1 34 0 0
1 34 1 0
1 34 2 0
1 34 3 0
1 34 4 0
1 35 0 0
1 35 1 0
1 35 2 0
1 35 3 0
1 35 4 0
1 36 0 3327
1 36 1 3327
1 36 2 0
1 36 3 0
1 36 4 0
1 37 0 0
1 37 1 0
1 37 2 0
1 37 3 0
1 37 4 0
1 38 0 0
1 38 1 0
1 38 2 0
1 38 3 0
1 38 4 0
1 39 0 0
1 39 1 0
1 39 2 0
1 39 3 0
1 39 4 0
2 0 0 0
2 0 1 0
2 0 2 0
2 0 3 0
2 0 4 0
2 1 0 0
2 1 1 0
2 1 2 0
2 1 3 0
2 1 4 0
2 3 0 0
2 3 1 0
2 3 2 0
2 3 3 0
2 3 4 0
2 4 0 0
2 4 1 0
2 4 2 0
2 4 3 0
2 4 4 0
2 5 0 3919
2 5 1 3919
2 5 2 3919
2 5 3 0
2 5 4 0
2 6 0 0
2 6 1 0
2 6 2 0
2 6 3 0
2 6 4 0
2 7 0 3859
2 7 1 3859
2 7 2 3859
2 7 3 0
2 7 4 0
2 8 0 0
2 8 1 0
2 8 2 0
2 8 3 0
2 8 4 0
2 9 0 3951
2 9 1 3951
2 9 2 0
2 9 3 0
2 9 4 0
2 10 0 0
2 10 1 0
2 10 2 0
2 10 3 0
2 10 4 0
2 11 0 0
2 11 1 0
2 11 2 0
2 11 3 0
2 11 4 0
2 12 0 0
2 12 1 0
2 12 2 0
2 12 3 0
2 12 4 0
2 13 0 0
2 13 1 0
2 13 2 0
2 13 3 0
2 13 4 0
2 14 0 3690
2 14 1 3690
2 14 2 0
2 14 3 0
2 14 4 0
2 15 0 0
2 15 1 0
2 15 2 0
2 15 3 0
2 15 4 0
2 16 0 0
2 16 1 0
2 16 2 0
2 16 3 0
2 16 4 0
2 17 0 0
2 17 1 0
2 17 2 0
2 17 3 0
2 17 4 0
2 18 0 3140
2 18 1 3140
2 18 2 0
2 18 3 0
2 18 4 0
2 19 0 0
2 19 1 0
2 19 2 0
2 19 3 0
2 19 4 0
2 20 0 3605
2 20 1 3605
2 20 2 3605
2 20 3 0
2 20 4 0
2 21 0 3643
2 21 1 3643
2 21 2 3643
2 21 3 0
2 21 4 0
2 22 0 0
2 22 1 0
2 22 2 0
2 22 3 0
2 22 4 0
2 23 0 3774
2 23 1 3774
2 23 2 0
2 23 3 0
2 23 4 0
2 24 0 0
2 24 1 0
2 24 2 0
2 24 3 0
2 24 4 0
2 25 0 0
2 25 1 0
2 25 2 0
2 25 3 0
2 25 4 0
2 26 0 3678
2 26 1 3678
2 26 2 0
2 26 3 0
2 26 4 0
2 27 0 3816
2 27 1 3816
2 27 2 0
2 27 3 0
2 27 4 0
2 28 0 0
2 28 1 0
2 28 2 0
2 28 3 0
2 28 4 0
2 29 0 0
2 29 1 0
2 29 2 0
2 29 3 0
2 29 4 0
2 30 0 0
2 30 1 0
2 30 2 0
2 30 3 0
2 30 4 0
2 31 0 0
2 31 1 0
2 31 2 0
2 31 3 0
2 31 4 0
2 32 0 0
2 32 1 0
2 32 2 0
2 32 3 0
2 32 4 0
2 33 0 3321
2 33 1 3321
2 33 2 3321
2 33 3 0
2 33 4 0
2 34 0 0
2 34 1 0
2 34 2 0
2 34 3 0
2 34 4 0
2 35 0 0
2 35 1 0
2 35 2 0
2 35 3 0
2 35 4 0
2 36 0 0
2 36 1 0
2 36 2 0
2 36 3 0
2 36 4 0
2 37 0 0
2 37 1 0
2 37 2 0
2 37 3 0
2 37 4 0
2 38 0 0
2 38 1 0
2 38 2 0
2 38 3 0
2 38 4 0
2 39 0 3358
2 39 1 3358
2 39 2 0
2 39 3 0
2 39 4 0
3 0 0 0
3 0 1 0
3 0 2 0
3 0 3 0
3 0 4 0
3 1 0 0
3 1 1 0
3 1 2 0
3 1 3 0
3 1 4 0
3 2 0 0
3 2 1 0
3 2 2 0
3 2 3 0
3 2 4 0
3 4 0 0
3 4 1 0
3 4 2 0
3 4 3 0
3 4 4 0
3 5 0 0
3 5 1 0
3 5 2 0
3 5 3 0
3 5 4 0
3 6 0 0
3 6 1 0
3 6 2 0
3 6 3 0
3 6 4 0
3 7 0 3790
3 7 1 3790
3 7 2 0
3 7 3 0
3 7 4 0
3 8 0 0
3 8 1 0
3 8 2 0
3 8 3 0
3 8 4 0
3 9 0 0
3 9 1 0
3 9 2 0
3 9 3 0
3 9 4 0
3 10 0 3100
3 10 1 3100
3 10 2 3100
3 10 3 0
3 10 4 0
3 11 0 3508
3 11 1 3508
3 11 2 3508
3 11 3 0
3 11 4 0
3 12 0 0
3 12 1 0
3 12 2 0
3 12 3 0
3 12 4 0
3 13 0 0
3 13 1 0
3 13 2 0
3 13 3 0
3 13 4 0
3 14 0 3185
3 14 1 3185
3 14 2 0
3 14 3 0
3 14 4 0
3 15 0 0
3 15 1 0
3 15 2 0
3 15 3 0
3 15 4 0
3 16 0 0
3 16 1 0
3 16 2 0
3 16 3 0
3 16 4 0
3 17 0 0
3 17 1 0
3 17 2 0
3 17 3 0
3 17 4 0
3 18 0 0
3 18 1 0
3 18 2 0
3 18 3 0
3 18 4 0
3 19 0 0
3 19 1 0
3 19 2 0
3 19 3 0
3 19 4 0
3 20 0 0
3 20 1 0
3 20 2 0
3 20 3 0
3 20 4 0
3 21 0 0
3 21 1 0
3 21 2 0
3 21 3 0
3 21 4 0
3 22 0 0
3 22 1 0
3 22 2 0
3 22 3 0
3 22 4 0
3 23 0 3359
3 23 1 3359
3 23 2 3359
3 23 3 0
3 23 4 0
3 24 0 0
3 24 1 0
3 24 2 0
3 24 3 0
3 24 4 0
3 25 0 3333
3 25 1 3333
3 25 2 3333
3 25 3 0
3 25 4 0
3 26 0 0
3 26 1 0
3 26 2 0
3 26 3 0
3 26 4 0
3 27 0 0
3 27 1 0
3 27 2 0
3 27 3 0
3 27 4 0
3 28 0 0
3 28 1 0
3 28 2 0
3 28 3 0
3 28 4 0
3 29 0 0
3 29 1 0
3 29 2 0
3 29 3 0
3 29 4 0
3 30 0 0
3 30 1 0
3 30 2 0
3 30 3 0
3 30 4 0
3 31 0 0
3 31 1 0
3 31 2 0
3 31 3 0
3 31 4 0
3 32 0 0
3 32 1 0
3 32 2 0
3 32 3 0
3 32 4 0
3 33 0 0
3 33 1 0
3 33 2 0
3 33 3 0
3 33 4 0
3 34 0 0
3 34 1 0
3 34 2 0
3 34 3 0
3 34 4 0
3 35 0 0
3 35 1 0
3 35 2 0
3 35 3 0
3 35 4 0
3 36 0 0
3 36 1 0
3 36 2 0
3 36 3 0
3 36 4 0
3 37 0 0
3 37 1 0
3 37 2 0
3 37 3 0
3 37 4 0
3 38 0 0
3 38 1 0
3 38 2 0
3 38 3 0
3 38 4 0
3 39 0 0
3 39 1 0
3 39 2 0
3 39 3 0
3 39 4 0
4 0 0 0
4 0 1 0
4 0 2 0
4 0 3 0
4 0 4 0
4 1 0 0
4 1 1 0
4 1 2 0
4 1 3 0
4 1 4 0
4 2 0 0
4 2 1 0
4 2 2 0
4 2 3 0
4 2 4 0
4 3 0 0
4 3 1 0
4 3 2 0
4 3 3 0
4 3 4 0
4 5 0 0
4 5 1 0
4 5 2 0
4 5 3 0
4 5 4 0
4 6 0 0
4 6 1 0
4 6 2 0
4 6 3 0
4 6 4 0
4 7 0 0
4 7 1 0
4 7 2 0
4 7 3 0
4 7 4 0
4 8 0 3820
4 8 1 3820
4 8 2 0
4 8 3 0
4 8 4 0
4 9 0 0
4 9 1 0
4 9 2 0
4 9 3 0
4 9 4 0
4 10 0 3607
4 10 1 3607
4 10 2 0
4 10 3 0
4 10 4 0
4 11 0 0
4 11 1 0
4 11 2 0
4 11 3 0
4 11 4 0
4 12 0 0
4 12 1 0
4 12 2 0
4 12 3 0
4 12 4 0
4 13 0 0
4 13 1 0
4 13 2 0
4 13 3 0
4 13 4 0
4 14 0 0
4 14 1 0
4 14 2 0
4 14 3 0
4 14 4 0
4 15 0 0
4 15 1 0
4 15 2 0
4 15 3 0
4 15 4 0
4 16 0 3959
4 16 1 3959
4 16 2 3959
