50 4 24 838

   0  818  677  686  717  932  953  919  734  864  677  891  932  893  742  855  727  795  800  775  925  788  760  748  789  858  911  734  789  855  901  763  863  679  771  838  812  853  894  680  871  710  781  922  947  956  931  690  959  893 
 818    0  964  716  737  695  823  900  865  924  883  740  923  894  901  893  801  711  947  841  740  726  694  901  861  677  789  731  835  685  691  899  951  753  854  892  736  796  946  934  892  779  703  711  710  885  895  907  791  939 
 677  964    0  878  715  718  705  754  950  780  812  959  922  693  833  852  842  919  774  888  845  884  846  913  890  795  694  818  687  888  917  719  695  860  737  853  748  798  964  944  842  922  738  706  794  744  707  901  702  705 
 686  716  878    0  822  756  910  860  855  863  870  828  818  832  918  702  865  852  793  790  929  839  738  874  820  908  769  808  777  751  845  878  690  788  723  898  869  818  699  944  791  928  811  709  940  779  927  857  739  893 
 717  737  715  822    0  865  750  812  827  750  852  837  746  755  874  769  854  677  702  833  699  869  785  880  872  789  784  703  831  826  719  779  900  800  740  806  678  759  779  901  954  769  704  840  795  773  725  956  917  799 
 932  695  718  756  865    0  830  797  755  813  862  694  926  804  855  717  761  802  718  922  877  888  733  767  851  794  839  823  859  930  773  907  688  684  878  696  872  824  953  847  905  875  852  721  720  924  950  691  788  749 
 953  823  705  910  750  830    0  719  843  832  821  888  866  835  883  820  725  851  878  821  963  755  878  965  851  966  920  838  921  858  801  693  724  952  899  698  904  864  739  785  696  731  788  741  905  746  774  941  800  914 
 919  900  754  860  812  797  719    0  874  750  833  800  820  775  939  718  772  842  740  732  805  889  688  895  746  731  731  938  908  719  752  926  894  716  882  937  920  770  942  944  750  875  832  688  733  833  697  899  850  698 
 734  865  950  855  827  755  843  874    0  806  759  699  764  708  836  869  877  727  725  759  843  860  742  696  785  865  820  841  959  862  805  954  773  709  859  678  955  727  791  789  905  939  822  884  849  807  801  712  746  884 
 864  924  780  863  750  813  832  750  806    0  928  730  699  746  932  780  756  952  687  886  751  727  801  862  784  760  704  950  938  692  867  841  698  748  916  953  841  771  840  745  890  810  734  915  803  826  936  773  797  728 
 677  883  812  870  852  862  821  833  759  928    0  704  764  882  692  850  758  684  951  896  684  679  772  757  765  894  793  742  791  946  838  743  951  887  772  900  891  955  862  804  919  922  796  864  889  736  735  782  961  781 
 891  740  959  828  837  694  888  800  699  730  704    0  919  880  886  875  781  696  710  694  780  817  934  715  893  730  762  966  881  784  878  827  788  728  680  683  726  869  925  903  701  687  717  702  842  917  763  863  708  838 
 932  923  922  818  746  926  866  820  764  699  764  919    0  852  823  728  957  696  786  691  821  754  962  861  793  931  769  871  811  895  872  865  881  831  848  898  862  765  898  687  682  748  787  933  829  708  739  733  916  856 
 893  894  693  832  755  804  835  775  708  746  882  880  852    0  909  737  710  776  780  922  921  700  825  738  722  692  956  709  832  689  721  804  924  826  962  677  722  757  708  840  701  703  964  735  681  800  815  885  818  719 
 742  901  833  918  874  855  883  939  836  932  692  886  823  909    0  804  772  695  946  905  695  908  858  935  704  704  758  944  823  757  893  846  817  769  767  852  855  685  945  864  930  879  964  863  690  778  732  966  835  863 
 855  893  852  702  769  717  820  718  869  780  850  875  728  737  804    0  925  845  871  917  939  939  734  773  725  936  711  792  875  693  963  900  881  955  689  744  936  750  890  908  922  753  802  951  948  860  857  891  827  699 
 727  801  842  865  854  761  725  772  877  756  758  781  957  710  772  925    0  862  784  860  821  702  733  862  794  734  793  773  773  750  958  682  805  806  760  682  715  910  809  715  809  937  963  891  792  956  885  907  736  774 
 795  711  919  852  677  802  851  842  727  952  684  696  696  776  695  845  862    0  869  936  855  767  792  691  954  921  839  916  843  830  786  803  865  789  926  684  921  952  677  740  700  732  825  935  965  914  771  899  686  767 
 800  947  774  793  702  718  878  740  725  687  951  710  786  780  946  871  784  869    0  681  698  860  755  698  784  899  880  688  734  912  710  745  724  940  731  711  842  730  882  722  935  716  700  916  906  893  949  941  839  900 
 775  841  888  790  833  922  821  732  759  886  896  694  691  922  905  917  860  936  681    0  756  751  700  901  748  953  966  679  854  940  741  879  786  965  683  711  836  886  796  909  937  920  833  898  814  834  783  748  942  795 
 925  740  845  929  699  877  963  805  843  751  684  780  821  921  695  939  821  855  698  756    0  939  959  824  757  775  763  963  831  717  854  841  766  785  774  895  875  806  764  714  859  687  731  791  837  790  869  691  783  810 
 788  726  884  839  869  888  755  889  860  727  679  817  754  700  908  939  702  767  860  751  939    0  944  858  955  718  891  809  878  793  717  821  827  800  683  716  707  809  814  835  774  824  743  783  758  694  756  896  912  817 
 760  694  846  738  785  733  878  688  742  801  772  934  962  825  858  734  733  792  755  700  959  944    0  751  809  760  684  861  853  876  691  942  893  964  713  744  929  685  707  692  867  746  848  882  833  727  872  797  929  860 
 748  901  913  874  880  767  965  895  696  862  757  715  861  738  935  773  862  691  698  901  824  858  751    0  909  920  847  880  699  945  945  734  951  882  700  767  738  761  723  896  705  905  749  717  689  866  802  951  795  811 
 789  861  890  820  872  851  851  746  785  784  765  893  793  722  704  725  794  954  784  748  757  955  809  909    0  902  684  805  829  732  765  762  707  729  828  749  906  804  935  855  935  885  951  919  676  808  815  801  805  693 
 858  677  795  908  789  794  966  731  865  760  894  730  931  692  704  936  734  921  899  953  775  718  760  920  902    0  721  946  826  830  953  872  802  722  818  948  839  762  919  884  949  703  954  702  709  720  801  896  963  811 
 911  789  694  769  784  839  920  731  820  704  793  762  769  956  758  711  793  839  880  966  763  891  684  847  684  721    0  881  949  708  894  889  946  876  790  775  869  929  849  701  693  831  699  727  700  812  698  688  949  805 
 734  731  818  808  703  823  838  938  841  950  742  966  871  709  944  792  773  916  688  679  963  809  861  880  805  946  881    0  777  932  767  766  789  734  966  863  772  758  960  747  719  731  890  691  794  845  960  762  864  753 
 789  835  687  777  831  859  921  908  959  938  791  881  811  832  823  875  773  843  734  854  831  878  853  699  829  826  949  777    0  956  713  788  816  686  714  855  747  838  843  744  899  751  827  923  750  704  949  854  787  793 
 855  685  888  751  826  930  858  719  862  692  946  784  895  689  757  693  750  830  912  940  717  793  876  945  732  830  708  932  956    0  783  822  678  941  941  769  951  734  888  923  706  935  684  849  678  898  966  721  810  880 
 901  691  917  845  719  773  801  752  805  867  838  878  872  721  893  963  958  786  710  741  854  717  691  945  765  953  894  767  713  783    0  888  826  700  929  864  850  781  829  681  868  818  706  960  865  691  686  875  686  761 
 763  899  719  878  779  907  693  926  954  841  743  827  865  804  846  900  682  803  745  879  841  821  942  734  762  872  889  766  788  822  888    0  881  799  955  823  757  876  761  888  872  802  710  787  792  892  740  819  711  887 
 863  951  695  690  900  688  724  894  773  698  951  788  881  924  817  881  805  865  724  786  766  827  893  951  707  802  946  789  816  678  826  881    0  811  900  872  806  936  758  728  831  904  754  911  742  769  701  928  733  877 
 679  753  860  788  800  684  952  716  709  748  887  728  831  826  769  955  806  789  940  965  785  800  964  882  729  722  876  734  686  941  700  799  811    0  754  932  912  950  685  953  841  700  913  911  707  866  688  736  719  748 
 771  854  737  723  740  878  899  882  859  916  772  680  848  962  767  689  760  926  731  683  774  683  713  700  828  818  790  966  714  941  929  955  900  754    0  858  751  750  793  865  950  800  815  939  860  924  734  726  816  794 
 838  892  853  898  806  696  698  937  678  953  900  683  898  677  852  744  682  684  711  711  895  716  744  767  749  948  775  863  855  769  864  823  872  932  858    0  832  819  955  714  812  701  689  753  853  749  792  775  784  846 
 812  736  748  869  678  872  904  920  955  841  891  726  862  722  855  936  715  921  842  836  875  707  929  738  906  839  869  772  747  951  850  757  806  912  751  832    0  885  742  886  843  879  938  837  865  830  789  754  878  925 
 853  796  798  818  759  824  864  770  727  771  955  869  765  757  685  750  910  952  730  886  806  809  685  761  804  762  929  758  838  734  781  876  936  950  750  819  885    0  765  729  848  726  834  891  722  765  920  927  928  965 
 894  946  964  699  779  953  739  942  791  840  862  925  898  708  945  890  809  677  882  796  764  814  707  723  935  919  849  960  843  888  829  761  758  685  793  955  742  765    0  715  677  813  958  798  682  780  705  747  800  952 
 680  934  944  944  901  847  785  944  789  745  804  903  687  840  864  908  715  740  722  909  714  835  692  896  855  884  701  747  744  923  681  888  728  953  865  714  886  729  715    0  833  876  724  955  825  941  694  758  943  728 
 871  892  842  791  954  905  696  750  905  890  919  701  682  701  930  922  809  700  935  937  859  774  867  705  935  949  693  719  899  706  868  872  831  841  950  812  843  848  677  833    0  860  964  957  808  888  837  802  954  903 
 710  779  922  928  769  875  731  875  939  810  922  687  748  703  879  753  937  732  716  920  687  824  746  905  885  703  831  731  751  935  818  802  904  700  800  701  879  726  813  876  860    0  772  809  946  900  723  685  957  821 
 781  703  738  811  704  852  788  832  822  734  796  717  787  964  964  802  963  825  700  833  731  743  848  749  951  954  699  890  827  684  706  710  754  913  815  689  938  834  958  724  964  772    0  792  731  679  812  899  695  958 
 922  711  706  709  840  721  741  688  884  915  864  702  933  735  863  951  891  935  916  898  791  783  882  717  919  702  727  691  923  849  960  787  911  911  939  753  837  891  798  955  957  809  792    0  775  800  922  855  830  728 
 947  710  794  940  795  720  905  733  849  803  889  842  829  681  690  948  792  965  906  814  837  758  833  689  676  709  700  794  750  678  865  792  742  707  860  853  865  722  682  825  808  946  731  775    0  965  767  907  964  713 
 956  885  744  779  773  924  746  833  807  826  736  917  708  800  778  860  956  914  893  834  790  694  727  866  808  720  812  845  704  898  691  892  769  866  924  749  830  765  780  941  888  900  679  800  965    0  712  879  864  955 
 931  895  707  927  725  950  774  697  801  936  735  763  739  815  732  857  885  771  949  783  869  756  872  802  815  801  698  960  949  966  686  740  701  688  734  792  789  920  705  694  837  723  812  922  767  712    0  898  783  918 
 690  907  901  857  956  691  941  899  712  773  782  863  733  885  966  891  907  899  941  748  691  896  797  951  801  896  688  762  854  721  875  819  928  736  726  775  754  927  747  758  802  685  899  855  907  879  898    0  829  718 
 959  791  702  739  917  788  800  850  746  797  961  708  916  818  835  827  736  686  839  942  783  912  929  795  805  963  949  864  787  810  686  711  733  719  816  784  878  928  800  943  954  957  695  830  964  864  783  829    0  841 
 893  939  705  893  799  749  914  698  884  728  781  838  856  719  863  699  774  767  900  795  810  817  860  811  693  811  805  753  793  880  761  887  877  748  794  846  925  965  952  728  903  821  958  728  713  955  918  718  841    0 

   0  859  896  937  712  805  911 1090  635  739  689 1063 1127  643  716 1009  949  958 1139 1069  915  740 1167  735  950  804  778 1138 1039  677  630 1016 1004 1182  681 1076  637 1180  600  821  741 1049  673  828 1029 1191  930  973  656 1092 
 859    0  932  610  874  824  835 1126  761  671  637  806 1154  931 1005  829 1080  777  654  962  740  796  865  954  622  759  604 1036 1154 1028 1062  722 1084  976  832 1001  626  722  710 1006  653  898  742  696 1099 1044  967 1128 1124  881 
 896  932    0 1092  986  910  969 1115 1002  966  621  641 1014  863  928  946 1001  610 1024  920  939  905  730  622  665  993  683 1135 1005  663  901  952  928  609  768  627 1132  920  635  683  859  672  967  739  938  610 1061 1049 1184  974 
 937  610 1092    0 1200 1074 1118  840  831  953  771 1044  894 1108  686  988  671  803 1108 1166  785 1007  741  747 1161  740 1081  801 1112 1015  891  786 1024  874  993  668  714  705  704  653  742  888  880  687  751  948  689  749 1152  914 
 712  874  986 1200    0  835  810 1143 1112  891 1170  879  864 1137  654  809 1039  941  731  695  819 1129  919 1071  851  884 1077 1042 1081  980 1023  830 1080  750  602  732 1059  882  689  982 1105 1051  735  864  641  877  781  857 1174 1036 
 805  824  910 1074  835    0  611  608  635  895 1196 1186  854  662  906 1186  623 1066 1158  689  862  769  800 1146  990  884 1023 1138  737  989  938  987 1124 1099  912 1033  975 1085  767  953  649  884  749  786 1082  806  674 1173  700  964 
 911  835  969 1118  810  611    0  819  615  962  948 1197 1094 1011 1165  929 1089 1018  667 1042 1144  626  630  768  671  709  955 1167 1057  882  866  625  900 1150  786 1093  770  987  878  952 1100  643  794  933 1103  806  939  743 1065 1002 
1090 1126 1115  840 1143  608  819    0 1183 1085  914  759  762  742 1059 1092  994 1038  872  680  985 1050  676 1068  948  669  913  799 1100  796  626  845  636  865 1127  664  997 1159  881 1083  875  735  818  971 1075  984  665  831  622 1037 
 635  761 1002  831 1112  635  615 1183    0  611  909  878 1096  879  670  630  801 1050  658  784 1096 1199  789 1075  822 1087 1088  705 1112  790 1161 1020 1060  746 1002  611 1087  775  860  682 1107 1163 1187  870 1078  939 1126  931  684  653 
 739  671  966  953  891  895  962 1085  611    0 1010 1005 1182 1060  718  790  861  672  782  748 1098  888  933  738 1186  640 1171  647  689 1081 1075 1060 1078  960  796  750 1041 1071  999  767  946 1021  819 1096  712  697  726 1162  899  743 
 689  637  621  771 1170 1196  948  914  909 1010    0 1149  960 1053  881 1173 1146  781 1013  863  691  644  802  825  662  981 1176  799  736  790 1016  816 1104  870  709  805  768  878  779  700 1051  795  643 1111  689  933  600  933  942 1176 
1063  806  641 1044  879 1186 1197  759  878 1005 1149    0  917  615  683 1019 1114  850 1042  762  605 1038 1083  799  697  901  752 1143  724 1038  737 1139  614  665  764 1153  995 1087 1123 1079  632  919 1136  925  914  658  887  956  686  772 
1127 1154 1014  894  864  854 1094  762 1096 1182  960  917    0  686 1139  732  704  648  645  793  797  802  851  872  992  895 1001 1181 1068  881 1005  879  900 1191  671 1120 1002  866  846  939  887  821  894 1032  948  989  944  663 1086  779 
 643  931  863 1108 1137  662 1011  742  879 1060 1053  615  686    0  891  936  786 1159  794  669 1010  621  899  922  661  660  786  601  871 1058 1027  612  958 1007  810  664 1175  928 1006  789  644  927  699  988 1020  802  915  912  944  689 
 716 1005  928  686  654  906 1165 1059  670  718  881  683 1139  891    0  747 1145 1071 1162  739  841 1025 1122  815 1066 1069  693 1101  762  903 1192  809  987  775  881  904  606  750  875  810  836 1150 1042  767  691  881  626  999  609  875 
1009  829  946  988  809 1186  929 1092  630  790 1173 1019  732  936  747    0 1189 1046 1178  897 1132  701 1114 1172 1071 1124  687  831  647 1114  977  980 1015  849  945  802 1139 1000  821  844  663 1142  971  659  960 1126 1031  647  899  610 
 949 1080 1001  671 1039  623 1089  994  801  861 1146 1114  704  786 1145 1189    0 1155  874  974 1166  758  893 1111  740  917  843  673  603  639  973 1128  856  991  734 1095 1190 1011  993 1087  663  829 1021  957 1189  742  931  633  959  752 
 958  777  610  803  941 1066 1018 1038 1050  672  781  850  648 1159 1071 1046 1155    0  826 1157 1016  950 1043  738  866 1168 1152  675  840 1181 1120 1163  671  600  901  630  875 1127  609  741 1026  698 1045 1076  880  819 1022 1083 1000  702 
1139  654 1024 1108  731 1158  667  872  658  782 1013 1042  645  794 1162 1178  874  826    0  707  942  750 1126  979 1170  950 1075  900  907 1130  803  847 1070  711  782 1195 1050  979  631 1113  888  628  855 1145 1079  949  820 1056  625  833 
1069  962  920 1166  695  689 1042  680  784  748  863  762  793  669  739  897  974 1157  707    0  978  947 1017 1092  773 1184  680 1109 1004  859  666  979 1049  763  657  812 1130  727  932 1087  785 1189 1076  682 1181  617  973  862  928  887 
 915  740  939  785  819  862 1144  985 1096 1098  691  605  797 1010  841 1132 1166 1016  942  978    0 1018  940 1163  828  825 1138  838  917  668  877  877  993  959  725  742  829  970 1192  821  809  847  722 1073  674  890  872 1060  749  989 
 740  796  905 1007 1129  769  626 1050 1199  888  644 1038  802  621 1025  701  758  950  750  947 1018    0  911  726  921 1134  649  653  999  892  786 1118  934  761 1061  794  827  951  850 1136  984 1056 1172  726  797 1040  757  662  612  661 
1167  865  730  741  919  800  630  676  789  933  802 1083  851  899 1122 1114  893 1043 1126 1017  940  911    0  697  972 1080 1002  907 1020  944 1108  817  829  727  841 1023  779 1026  735  682  986 1172  626  889 1078  858  938 1060  619 1073 
 735  954  622  747 1071 1146  768 1068 1075  738  825  799  872  922  815 1172 1111  738  979 1092 1163  726  697    0 1061  804 1150 1085 1068 1159  950  999 1132  946 1128  693 1139  860  795 1193 1090  947  844  678 1000  950  978 1198 1104  814 
 950  622  665 1161  851  990  671  948  822 1186  662  697  992  661 1066 1071  740  866 1170  773  828  921  972 1061    0  929  635 1018  891 1080  611  708  936 1155  666 1078  927 1158  921  781  667  652 1112  943 1150  782  707 1102  745  790 
 804  759  993  740  884  884  709  669 1087  640  981  901  895  660 1069 1124  917 1168  950 1184  825 1134 1080  804  929    0 1155  883  999 1047 1071  747 1163  761  767  924  747 1016  637 1199  853  779 1198  951 1094 1077  791 1165 1113  707 
 778  604  683 1081 1077 1023  955  913 1088 1171 1176  752 1001  786  693  687  843 1152 1075  680 1138  649 1002 1150  635 1155    0  667  611 1188  804  982 1162 1119 1061  671  659  898  689  780 1143 1106  644 1080  612  753  720  999  709  744 
1138 1036 1135  801 1042 1138 1167  799  705  647  799 1143 1181  601 1101  831  673  675  900 1109  838  653  907 1085 1018  883  667    0  725 1183  721 1045 1180  956  977  837  660 1150  612 1123 1087  861  912  829  870  737 1038  786  806 1052 
1039 1154 1005 1112 1081  737 1057 1100 1112  689  736  724 1068  871  762  647  603  840  907 1004  917  999 1020 1068  891  999  611  725    0  833  642  699 1094  750 1106  609  737  949  682  862  620 1114  757  659  692  957  970 1047  698  904 
 677 1028  663 1015  980  989  882  796  790 1081  790 1038  881 1058  903 1114  639 1181 1130  859  668  892  944 1159 1080 1047 1188 1183  833    0 1172 1096  838 1104  663  656 1012  961 1134  656  605  670 1173  706  883 1186  815  712 1146  823 
 630 1062  901  891 1023  938  866  626 1161 1075 1016  737 1005 1027 1192  977  973 1120  803  666  877  786 1108  950  611 1071  804  721  642 1172    0  657  685  947 1143  879  636 1189  895 1068  602  718  935  969  764  889  958 1012  859 1135 
1016  722  952  786  830  987  625  845 1020 1060  816 1139  879  612  809  980 1128 1163  847  979  877 1118  817  999  708  747  982 1045  699 1096  657    0  686  678  823  723  837  983 1070 1072  967  767 1155  623  705 1120  973  605  800  929 
1004 1084  928 1024 1080 1124  900  636 1060 1078 1104  614  900  958  987 1015  856  671 1070 1049  993  934  829 1132  936 1163 1162 1180 1094  838  685  686    0  875 1083  795 1175  801 1082 1129  820 1070 1127 1093  638 1025  725 1166 1180 1188 
1182  976  609  874  750 1099 1150  865  746  960  870  665 1191 1007  775  849  991  600  711  763  959  761  727  946 1155  761 1119  956  750 1104  947  678  875    0  657  877  962 1019  805 1007  660  759  995  620  971  986  990 1053 1043  744 
 681  832  768  993  602  912  786 1127 1002  796  709  764  671  810  881  945  734  901  782  657  725 1061  841 1128  666  767 1061  977 1106  663 1143  823 1083  657    0  921 1200 1196  741 1065 1087 1075  767  885  884  905 1042  868  697 1150 
1076 1001  627  668  732 1033 1093  664  611  750  805 1153 1120  664  904  802 1095  630 1195  812  742  794 1023  693 1078  924  671  837  609  656  879  723  795  877  921    0  870 1048 1154  682  667  666 1109 1182  619  904 1070 1064 1184  761 
 637  626 1132  714 1059  975  770  997 1087 1041  768  995 1002 1175  606 1139 1190  875 1050 1130  829  827  779 1139  927  747  659  660  737 1012  636  837 1175  962 1200  870    0  872  800  630 1044  807  687  664 1071 1126  899  856  833 1126 
1180  722  920  705  882 1085  987 1159  775 1071  878 1087  866  928  750 1000 1011 1127  979  727  970  951 1026  860 1158 1016  898 1150  949  961 1189  983  801 1019 1196 1048  872    0  978  767  825  695  662  949  791  764 1121  780  616  850 
 600  710  635  704  689  767  878  881  860  999  779 1123  846 1006  875  821  993  609  631  932 1192  850  735  795  921  637  689  612  682 1134  895 1070 1082  805  741 1154  800  978    0  944 1067  620  742  962 1137  986 1091 1052  814  756 
 821 1006  683  653  982  953  952 1083  682  767  700 1079  939  789  810  844 1087  741 1113 1087  821 1136  682 1193  781 1199  780 1123  862  656 1068 1072 1129 1007 1065  682  630  767  944    0  911 1157  894  621  999  758 1003 1151 1062  848 
 741  653  859  742 1105  649 1100  875 1107  946 1051  632  887  644  836  663  663 1026  888  785  809  984  986 1090  667  853 1143 1087  620  605  602  967  820  660 1087  667 1044  825 1067  911    0  973 1013  840  719 1167 1060  851  767 1182 
1049  898  672  888 1051  884  643  735 1163 1021  795  919  821  927 1150 1142  829  698  628 1189  847 1056 1172  947  652  779 1106  861 1114  670  718  767 1070  759 1075  666  807  695  620 1157  973    0  884  813  982 1074  831  947 1030  726 
 673  742  967  880  735  749  794  818 1187  819  643 1136  894  699 1042  971 1021 1045  855 1076  722 1172  626  844 1112 1198  644  912  757 1173  935 1155 1127  995  767 1109  687  662  742  894 1013  884    0  854  859  865 1104  957  678 1051 
 828  696  739  687  864  786  933  971  870 1096 1111  925 1032  988  767  659  957 1076 1145  682 1073  726  889  678  943  951 1080  829  659  706  969  623 1093  620  885 1182  664  949  962  621  840  813  854    0  807  963  890 1105 1029  925 
1029 1099  938  751  641 1082 1103 1075 1078  712  689  914  948 1020  691  960 1189  880 1079 1181  674  797 1078 1000 1150 1094  612  870  692  883  764  705  638  971  884  619 1071  791 1137  999  719  982  859  807    0 1067  653  965  652  612 
1191 1044  610  948  877  806  806  984  939  697  933  658  989  802  881 1126  742  819  949  617  890 1040  858  950  782 1077  753  737  957 1186  889 1120 1025  986  905  904 1126  764  986  758 1167 1074  865  963 1067    0 1194  823  993  663 
 930  967 1061  689  781  674  939  665 1126  726  600  887  944  915  626 1031  931 1022  820  973  872  757  938  978  707  791  720 1038  970  815  958  973  725  990 1042 1070  899 1121 1091 1003 1060  831 1104  890  653 1194    0  683 1120 1075 
 973 1128 1049  749  857 1173  743  831  931 1162  933  956  663  912  999  647  633 1083 1056  862 1060  662 1060 1198 1102 1165  999  786 1047  712 1012  605 1166 1053  868 1064  856  780 1052 1151  851  947  957 1105  965  823  683    0 1043  938 
 656 1124 1184 1152 1174  700 1065  622  684  899  942  686 1086  944  609  899  959 1000  625  928  749  612  619 1104  745 1113  709  806  698 1146  859  800 1180 1043  697 1184  833  616  814 1062  767 1030  678 1029  652  993 1120 1043    0 1024 
1092  881  974  914 1036  964 1002 1037  653  743 1176  772  779  689  875  610  752  702  833  887  989  661 1073  814  790  707  744 1052  904  823 1135  929 1188  744 1150  761 1126  850  756  848 1182  726 1051  925  612  663 1075  938 1024    0 

0 548 899
1 202 707
2 229 1070
3 272 811
4 563 995
5 676 961
6 283 884
7 378 1011
8 481 818
9 490 1035
10 570 730
11 430 763
12 653 792
13 628 821
14 691 772
15 327 921
16 586 746
17 231 715
18 545 914
19 644 852
20 383 983
21 553 1018
22 263 728
23 682 743
24 700 1082
25 401 993
26 247 894
27 487 1096
28 474 1020
29 683 1054
30 337 1064
31 212 966
32 318 1060
33 498 1095
34 524 943
35 468 941
36 376 905
37 652 751
38 586 702
39 486 1067
40 284 862
41 462 868
42 347 868
43 386 1096
44 506 947
45 564 879
46 293 729
47 537 1048
48 480 780
49 210 766

0 24 3042 6186 1578 
0 43 40452 42455 2766 
0 32 5408 8409 1726 
0 12 18767 21122 3728 
0 44 26592 30234 2841 
0 39 706 2438 2720 
0 3 17431 20738 2744 
0 40 5425 7181 1742 
0 14 17911 20073 1484 
1 35 38311 41003 2676 
1 16 26514 28717 3204 
1 14 29155 32039 1802 
1 25 22712 24450 2708 
1 0 37087 39131 1636 
1 40 4880 7354 1784 
1 0 30442 33233 2454 
1 19 3192 6837 3364 
1 16 41013 44706 3204 
1 21 18893 21241 1452 
1 4 5636 8756 1474 
1 39 29242 32058 1868 
1 34 6020 8491 2562 
1 45 2187 4671 2655 
1 46 11333 13576 2685 
1 21 6851 9525 2178 
2 47 25574 28165 2703 
2 9 21530 23539 2340 
2 23 39015 41104 1826 
2 42 39889 42403 2952 
2 20 25184 27259 2535 
2 48 3285 6221 1404 
2 6 36820 40570 2820 
2 15 8124 11028 1704 
2 43 17377 18928 2824 
2 40 12283 14215 3368 
2 24 11051 12833 3560 
2 48 3467 7824 1404 
3 43 34599 36089 2836 
3 32 5655 7846 1380 
3 44 6110 8430 3760 
3 27 15572 18135 1616 
3 33 30083 32477 1576 
3 8 40274 43523 2565 
3 41 7334 10752 1856 
3 44 36924 39875 1880 
3 39 12305 13833 2832 
3 24 37879 41443 1640 
3 13 31855 36253 2496 
3 46 29155 30601 1854 
3 40 2117 4617 3164 
3 16 16502 18052 1730 
3 31 1234 3049 3512 
3 14 24072 26459 2754 
3 32 3802 6802 2070 
3 15 20084 22158 2106 
3 33 2477 5955 2364 
3 27 36703 39754 3232 
4 11 18814 21134 2511 
4 5 1069 3866 1730 
4 11 9660 12965 3348 
4 2 8807 11045 2860 
4 22 40352 43697 3140 
4 12 39188 41477 1492 
4 23 36106 39618 2640 
4 13 18998 21442 2265 
4 20 18436 21015 2796 
4 38 38003 39539 3116 
4 21 15849 19495 2607 
4 27 17073 20355 1406 
4 7 11425 13939 2436 
4 17 34652 37550 2031 
4 5 12269 15141 1730 
4 27 30586 34066 2109 
4 17 4186 6698 2031 
4 40 39958 43129 3816 
4 25 6238 8138 2367 
4 27 11176 14020 2812 
4 41 33468 36978 2307 
5 6 34906 36225 1660 
5 13 20880 22899 3216 
5 8 22958 24526 2265 
5 48 39970 42266 1576 
5 46 30780 32451 1900 
5 47 7984 10646 2764 
5 9 10619 13617 3252 
5 43 17592 20680 1442 
6 36 18748 20757 1808 
6 24 35918 38595 1702 
6 9 36104 38210 2496 
6 36 18520 21130 2712 
6 27 19731 24153 1676 
6 23 5250 8045 1930 
6 19 20888 23024 3284 
6 7 39435 42162 2157 
6 44 10369 13247 2715 
6 29 3696 5654 1716 
6 1 10097 12351 1646 
7 21 39244 42026 1778 
7 10 21365 23595 1666 
7 0 15594 19659 2757 
7 37 35772 38194 1540 
7 23 34487 38427 3580 
7 17 38160 40671 2526 
7 22 1242 3851 1376 
7 45 36823 40099 3332 
7 45 7172 9208 1666 
7 6 24167 26607 1438 
7 12 3163 5128 2460 
7 26 38576 40402 2193 
7 47 34139 37039 1798 
7 36 21842 25191 1840 
7 43 10315 12732 1376 
7 2 14714 17010 1508 
7 21 30963 34218 3556 
7 13 31394 33152 1550 
7 35 33589 35023 3748 
8 6 38801 40233 1686 
8 31 32335 34956 1908 
8 0 26524 28213 2202 
8 31 24188 26656 2862 
8 7 18362 21343 1748 
8 11 20537 23416 2796 
8 26 20450 24671 1640 
8 42 38780 42127 2466 
9 6 17917 20187 1664 
9 47 15157 18294 3092 
9 27 17161 18597 1900 
9 13 6337 9898 2984 
9 40 33226 35146 2670 
9 34 24863 27879 1832 
9 37 17216 19422 2313 
9 36 31563 35258 1682 
9 1 19380 21419 2772 
9 22 35027 38180 1602 
9 12 23813 28080 2796 
9 7 3886 7748 1500 
9 32 8856 11982 2094 
9 14 4004 6545 3728 
9 49 16622 18798 1456 
9 3 3755 7128 2589 
9 41 40478 43520 2430 
9 31 15058 18312 2523 
9 31 30712 34549 3364 
9 2 5006 7053 2340 
9 17 35585 37869 2856 
9 4 31634 34235 3000 
9 6 2683 5347 1664 
10 15 37308 41835 2550 
10 34 38829 40473 1544 
10 23 19087 21017 1514 
10 2 38432 40096 2436 
10 23 31213 33259 2271 
10 19 19070 21287 1792 
10 37 17041 19569 1910 
10 11 15939 20420 2112 
10 40 21482 25118 3676 
10 24 5373 7948 1530 
10 48 28767 30792 3844 
10 27 35578 37663 1484 
10 11 19838 23170 2816 
10 35 30648 33071 2700 
10 13 37225 39331 3528 
11 21 29878 33178 3268 
11 21 4433 7412 1634 
11 7 23793 25341 3200 
11 39 24225 27149 1806 
11 15 19144 21487 1750 
11 8 4338 6831 2097 
11 24 32105 34530 1786 
11 44 7011 9241 1684 
11 19 26381 28019 2082 
11 32 24618 26011 3152 
11 22 16187 18818 3736 
11 34 16895 18782 1360 
11 15 35622 39647 3500 
11 13 24215 25574 2640 
11 39 39958 43777 2709 
11 48 40894 42334 2832 
11 8 1018 3344 2097 
11 38 5834 9348 1850 
12 4 6787 9249 2238 
12 1 41049 43657 1846 
12 27 32525 35005 1742 
12 33 21698 24318 3324 
12 1 5602 9237 1846 
12 2 23528 27381 1844 
12 7 37068 39536 3280 
12 31 9756 12305 2595 
12 39 35370 38055 2061 
12 46 32895 35273 2217 
12 42 8758 11180 3148 
12 27 15202 19004 2613 
12 9 14814 18170 1398 
12 11 501 2435 3676 
12 20 7182 9254 3284 
12 35 23613 26849 3592 
12 14 24006 26591 1646 
12 8 12043 16262 1528 
12 22 31306 33773 3848 
12 36 2530 5215 1724 
12 8 29711 32440 1528 
12 10 5528 9320 2292 
12 3 2783 5608 1636 
13 27 25728 27014 1418 
13 9 39268 43137 2984 
13 12 18458 19994 2556 
13 1 38205 41100 2682 
13 42 38637 40048 1928 
13 45 3717 5778 2400 
13 47 29385 31254 2655 
13 16 36320 38725 2130 
13 8 38878 42121 2832 
13 30 26317 28884 2163 
13 44 22425 24771 2043 
13 10 33681 35997 2646 
13 3 10567 14400 3328 
13 1 34385 37056 1788 
13 12 6402 7870 2556 
13 36 16302 19380 1444 
13 40 41064 43440 2103 
13 26 37270 39800 1912 
14 38 24313 26124 2835 
14 35 30046 33219 1704 
14 27 25835 28477 3776 
14 47 33640 35707 2898 
14 21 17977 21052 1816 
14 22 14873 17980 3432 
14 34 39968 41906 2301 
14 37 37206 39411 2740 
14 38 21743 24525 2835 
14 40 36491 39517 1860 
14 27 188 3072 3776 
14 36 25927 27223 3420 
14 30 9465 13625 2679 
14 42 28951 32222 3856 
14 13 9783 11796 3636 
14 27 4451 6961 2832 
14 35 20198 23298 3408 
14 46 22744 24158 2928 
14 3 2328 4934 2754 
14 7 912 3157 1878 
14 3 24301 26948 3672 
14 11 22502 25117 1772 
14 27 35110 37950 1888 
15 8 19515 21707 3476 
15 6 24884 28256 2460 
15 0 20655 24398 1710 
15 5 29848 33607 2151 
15 27 32436 34156 2376 
15 11 37245 40037 3500 
15 7 4907 8248 2872 
15 46 25717 29150 1714 
15 28 5989 7386 1750 
16 5 14710 16099 3044 
16 14 20283 22939 1544 
16 12 1326 3480 1914 
16 15 2362 5821 2775 
16 46 31929 34749 1770 
16 42 21082 23287 3852 
16 17 15707 19634 3448 
16 8 29049 30755 2631 
16 22 1821 4500 2199 
16 38 23186 26582 1618 
16 31 17773 20130 1364 
16 19 15961 19370 1720 
16 10 20245 24691 1516 
16 7 25288 28667 1544 
16 47 9113 10904 2721 
16 42 28799 30973 1926 
17 45 16056 17849 2742 
17 16 5030 7490 2586 
17 32 37417 38785 3460 
17 39 28907 30863 1480 
17 40 36932 39999 2800 
17 30 20457 24253 3144 
17 13 26585 29215 2328 
17 44 26591 29433 3860 
17 4 14692 17609 1354 
17 10 31785 34752 2052 
17 23 9640 11890 2764 
17 35 25403 27545 1368 
17 43 1968 5023 2805 
18 19 37345 39755 2043 
18 33 32476 35064 3760 
18 23 21964 24372 2094 
18 49 40379 43169 1800 
18 36 9979 13738 1684 
18 47 30235 33160 1882 
18 10 2566 6141 2853 
18 3 11189 15299 2379 
18 41 618 2564 2148 
18 10 20630 24216 1902 
18 23 40892 44347 2094 
18 13 36672 39403 3120 
18 46 7558 10780 3796 
19 18 2784 5357 1362 
19 8 9386 11549 3036 
19 48 39143 41769 1884 
19 1 22699 26412 3364 
19 45 6171 8404 1668 
19 31 35807 38724 2637 
19 21 24951 27678 1502 
19 11 5472 7895 1388 
19 16 4798 8226 3440 
19 10 38467 40581 1792 
19 13 4113 6380 2766 
19 20 39646 42149 2268 
19 25 26193 29851 3812 
19 48 19357 23031 1884 
19 32 24138 26718 3144 
19 26 40745 43118 3864 
19 45 7623 8857 3336 
19 26 8002 9688 1932 
19 38 1967 4101 1592 
19 40 21554 23736 1874 
19 18 813 3139 2043 
20 9 38645 42103 3004 
20 38 160 2830 1528 
20 27 4421 6306 1926 
20 9 31638 34723 2253 
20 41 30926 34161 2061 
20 12 19267 21498 1642 
20 32 3521 6529 3064 
20 47 40289 42610 2764 
20 19 35096 37834 1512 
21 17 3108 5226 3068 
21 12 23395 25736 3016 
21 39 25137 29408 2505 
21 4 30610 34301 3476 
21 39 16720 20389 1670 
21 31 37451 39720 3284 
21 35 8636 11597 1432 
21 27 19989 21471 3236 
21 10 40697 42989 2037 
21 39 5144 9335 3340 
21 36 40291 43557 2121 
21 0 14498 16769 3152 
21 41 253 3473 3296 
21 10 8408 10359 2037 
21 10 17005 19271 1358 
22 19 10006 13829 2100 
22 37 38549 40693 2055 
22 0 38398 41222 1520 
22 30 40691 42907 1382 
22 32 30851 32616 3572 
22 39 8572 10399 2076 
22 5 26416 28064 2932 
22 34 5643 7770 1426 
22 14 25621 28964 3432 
22 1 31345 33749 2776 
22 13 28872 31056 3300 
22 47 21576 25434 3188 
22 46 29842 32111 2616 
22 47 35874 38481 3188 
22 32 16846 19971 2679 
22 30 12001 16311 1382 
22 31 21933 24138 1884 
22 49 2344 5670 3440 
22 44 21386 25460 3332 
23 2 4344 6738 1826 
23 2 15805 17838 2739 
23 47 18854 21633 1902 
23 7 22497 24996 3580 
23 16 26597 30063 3448 
23 34 16552 19518 2800 
23 47 7008 10422 2853 
23 21 19074 21448 1716 
23 34 24835 28106 2800 
23 43 9885 12563 2868 
23 7 39724 43408 1790 
23 33 788 3767 2646 
24 17 15980 18266 3816 
24 6 32354 34836 3404 
24 47 15494 19560 3204 
24 2 9049 11203 1780 
24 10 29688 31329 2295 
24 4 11277 13472 2616 
24 21 40895 44339 2865 
24 3 4928 8538 3280 
24 11 7436 9666 1786 
24 49 32835 34557 1386 
24 27 16991 19831 2415 
24 13 15717 17402 2166 
24 3 17381 21850 3280 
25 10 213 3940 2682 
25 20 268 3419 3100 
25 1 40270 42084 1354 
25 8 34783 38717 1730 
25 32 9513 13630 2406 
25 14 29158 32589 1408 
25 20 23540 25891 2325 
25 49 5789 7507 1622 
25 7 1170 3765 2193 
25 44 2564 4752 1418 
25 36 25491 27082 2517 
25 47 28754 33029 3584 
25 10 37934 41239 3576 
25 37 22182 24640 3048 
25 44 40397 43536 2836 
25 27 21680 24373 3784 
25 8 15232 17688 2595 
25 12 8171 10838 2793 
25 39 4708 7369 3536 
25 45 33292 35822 1440 
25 34 11456 14155 3272 
25 19 16101 19735 3812 
25 45 1106 4261 2880 
25 10 5766 8198 3576 
26 32 35001 38196 1892 
26 17 31295 35338 1678 
26 9 15613 18376 2112 
26 32 35363 37861 1892 
26 1 26013 27831 1578 
26 48 3808 6112 3796 
26 29 32898 36735 2124 
26 10 33327 36337 1586 
26 32 25622 29340 2838 
26 21 3089 5399 2673 
26 17 5709 8024 1678 
26 23 37785 40349 2541 
26 43 36952 39176 2908 
26 14 842 2595 1516 
26 46 38548 40355 2094 
26 1 36925 38199 3156 
26 2 37323 39146 1388 
26 27 31054 32634 1762 
27 22 38287 40726 2583 
27 44 31700 34214 1588 
27 30 40187 42386 2301 
27 30 3991 5620 2301 
27 12 1854 5952 1742 
27 35 24653 27808 1726 
27 9 33236 34834 2850 
27 31 28893 31986 2298 
27 30 9441 11387 2301 
27 34 38481 40591 2898 
27 18 18330 21516 2752 
27 37 1185 4795 3032 
27 47 18929 21192 2286 
27 9 30143 31928 2850 
27 40 20040 22442 2876 
27 2 21444 25348 3272 
27 35 25891 28234 3452 
27 49 38074 41072 3012 
27 4 25499 28156 2812 
27 7 6754 9782 2814 
27 18 19650 23232 2752 
27 12 25272 29913 3484 
27 19 30047 33484 1358 
28 6 33778 36357 3684 
28 1 3984 7411 2505 
28 26 34880 36994 3796 
28 29 33843 36441 3824 
28 14 32001 34066 1646 
28 25 37624 39811 3304 
28 26 34746 36517 3796 
28 39 31773 33859 2232 
28 1 23612 26254 2505 
28 36 9555 11463 2988 
28 21 1792 5308 3512 
28 19 30635 34149 3416 
28 17 5631 8881 3372 
28 9 35667 38023 3752 
28 33 6478 8623 1372 
28 32 31643 34060 2448 
28 31 26670 28983 3152 
28 3 20659 23661 1554 
28 11 37610 39412 2643 
28 9 21520 22911 1876 
28 8 37791 41360 1918 
28 0 30019 32315 2367 
28 12 18515 21526 1622 
29 44 71 2684 1356 
29 1 40517 43909 2055 
29 32 31992 34715 2712 
29 41 5261 7478 1870 
29 13 2598 6491 2756 
29 9 29906 33321 1384 
29 9 22832 26853 2076 
29 35 3241 5195 3076 
29 18 16661 20921 3648 
29 2 6072 7636 2664 
29 35 8716 10874 2307 
29 33 29516 31735 3764 
29 2 1619 3707 3552 
29 44 18012 20281 2712 
30 24 32625 34488 3060 
30 7 10910 12775 2256 
30 16 10053 13069 1916 
30 10 17903 20503 2514 
30 8 5436 8257 1610 
30 23 1564 4841 3780 
30 47 31414 34854 1750 
30 39 3669 6520 2043 
30 34 10762 13310 2787 
30 49 33658 36279 3044 
30 22 20562 24207 2764 
31 42 37144 39581 2130 
31 5 30945 33136 2721 
31 40 2349 5356 2616 
31 40 8780 11100 2616 
31 18 9349 12364 1490 
31 3 16671 18966 1756 
31 38 21838 23978 1522 
31 38 30258 33617 2283 
31 32 692 2503 1762 
31 37 19734 22122 2628 
31 7 2156 4674 2778 
31 46 1949 4868 2960 
31 44 35665 38245 2376 
31 23 40698 43335 2202 
31 14 39373 42269 3384 
31 36 5605 7521 1514 
31 18 20307 23313 2980 
32 8 6525 9323 1546 
32 46 19651 22036 1402 
32 6 2165 5747 1448 
32 29 37899 40454 1356 
32 38 40939 44931 1516 
32 49 29095 32801 1754 
32 24 22705 25990 2121 
32 17 18962 21464 3460 
32 33 38386 40941 2433 
32 25 40750 44715 1604 
32 40 19685 21767 3324 
32 34 25883 30052 3600 
32 16 5833 9034 2415 
32 33 38264 40189 2433 
32 1 38568 41700 2853 
32 48 18979 21740 2199 
32 31 10214 11929 1762 
32 42 32555 36409 1508 
32 34 190 4045 1800 
32 19 9798 11896 2358 
33 15 29814 33082 2865 
33 8 16300 19239 1418 
33 27 19477 22670 2202 
33 9 2837 5217 2992 
33 35 23173 26172 3728 
33 29 18831 22131 3764 
33 39 38580 41580 1906 
33 15 1711 3451 1910 
33 44 17452 20850 2828 
33 15 33319 36613 3820 
33 1 34581 37216 3012 
33 21 4794 6491 1600 
33 27 19294 22219 2936 
33 34 31471 34033 3016 
33 24 33587 36231 1458 
33 35 26552 29367 3728 
33 41 16342 18649 2800 
34 4 29419 30743 2220 
34 36 3202 7894 3004 
34 8 23546 26351 3436 
34 18 7521 10023 2193 
34 12 26488 28648 3392 
34 14 2446 5617 3068 
34 11 19604 21132 2040 
34 14 39931 42882 1534 
34 20 37966 40554 2322 
34 41 38595 41701 3200 
34 39 39992 43644 2595 
34 48 11729 13952 2448 
34 33 9277 10591 2262 
34 40 32788 35538 3800 
34 31 33419 35385 1910 
34 16 31016 33041 3040 
34 39 16289 19260 2595 
34 8 22844 25890 2577 
34 20 14541 16832 2322 
34 46 4122 6539 2202 
34 47 9936 12184 2904 
34 3 7633 10602 2892 
34 38 952 2559 2379 
34 22 8551 11570 2852 
35 40 3657 5704 1624 
35 44 576 2086 3412 
35 10 25109 27620 1800 
35 49 24010 25638 2538 
35 40 19983 22077 2436 
35 39 24277 26534 2142 
35 22 31238 33744 2976 
35 9 29760 31447 1906 
35 36 16699 20065 1664 
35 45 5267 7825 2996 
35 49 11302 14102 1692 
35 13 32703 34940 1354 
35 36 36517 39135 3328 
35 20 1941 4886 2685 
35 23 40645 42031 1534 
35 20 8020 10260 3580 
36 48 20285 22975 2634 
36 20 26050 28387 2625 
36 41 30144 32371 1758 
36 9 1309 4973 2523 
36 3 31377 33419 1738 
36 46 15890 19243 2367 
36 46 32736 34839 3156 
36 40 1574 3703 2529 
36 40 22029 25766 3372 
36 27 6964 8844 2316 
36 38 735 3319 1484 
36 25 5305 7538 2517 
36 43 20667 22194 1674 
36 29 38682 41009 2853 
36 8 33396 37146 1910 
36 7 25949 29777 3680 
36 47 14790 17606 2262 
36 18 33655 36280 1684 
36 22 2190 4994 2787 
37 18 40537 43679 2920 
37 32 26023 28201 1872 
37 22 23397 26218 1370 
37 22 38153 40871 1370 
37 20 15737 19393 2418 
37 1 8086 10613 2388 
37 14 19759 22436 2740 
37 0 7948 10343 1706 
37 34 11987 14618 3000 
37 3 23377 25470 1636 
37 5 33462 36413 3296 
37 46 12252 16579 3680 
