60 4 24 865

   0  719  892  858  953  868  926  749  886  738  717  779  912  908  920  927  882  881  724  880  809  725  881  722  888  862  929  824  872  907  807  708  710  791  685  840  721  964  701  956  739  844  765  765  855  698  858  963  687  815  749  878  734  963  727  922  900  823  815  749 
 719    0  770  941  704  952  910  845  797  819  679  810  918  886  845  710  965  885  710  748  908  887  893  842  963  838  682  858  787  939  676  901  683  961  839  964  906  909  720  800  935  894  760  759  789  908  892  966  873  951  788  693  816  813  689  948  864  692  802  765 
 892  770    0  858  841  859  833  776  786  821  816  840  947  778  717  729  702  862  701  928  912  966  753  712  735  719  747  681  894  700  859  911  955  856  745  917  860  863  738  783  841  707  679  695  715  832  738  720  714  788  753  965  711  915  816  808  714  799  715  840 
 858  941  858    0  801  911  791  728  767  741  916  772  800  849  876  956  885  742  793  898  897  686  748  952  887  702  798  710  860  687  874  813  740  758  866  937  771  768  933  847  964  898  868  816  744  733  723  880  807  899  758  835  818  771  715  753  902  682  718  910 
 953  704  841  801    0  850  926  853  827  738  927  768  739  795  873  858  901  942  918  949  871  695  717  709  760  853  767  870  769  954  874  749  936  743  879  919  865  679  868  817  751  932  847  861  833  900  774  924  966  748  813  864  933  878  877  885  947  939  763  839 
 868  952  859  911  850    0  679  774  883  757  725  869  940  870  864  732  726  864  808  807  948  884  936  753  705  700  803  793  740  780  948  741  869  865  785  873  749  724  839  720  912  904  945  942  822  855  915  921  884  706  913  847  807  925  775  814  717  949  851  684 
 926  910  833  791  926  679    0  811  749  926  822  693  929  928  769  836  757  772  809  719  685  767  866  856  691  800  726  899  901  718  794  839  954  951  834  738  830  880  916  751  701  709  774  862  923  728  868  924  761  939  870  747  785  739  851  922  892  881  952  785 
 749  845  776  728  853  774  811    0  750  844  808  835  876  909  717  918  693  698  946  950  742  722  749  832  947  853  960  756  846  699  947  738  873  686  769  689  686  719  876  778  867  840  773  957  893  680  879  756  800  845  771  826  683  933  834  924  723  781  732  913 
 886  797  786  767  827  883  749  750    0  715  874  889  883  929  874  913  897  935  866  689  818  783  756  932  689  966  769  902  793  915  847  863  744  860  854  918  694  933  898  752  770  710  950  770  844  677  788  830  847  921  833  739  949  815  849  846  874  708  751  760 
 738  819  821  741  738  757  926  844  715    0  916  947  788  894  689  786  806  817  790  715  754  966  716  703  941  757  799  734  820  726  733  687  890  893  855  840  775  961  920  893  676  699  892  832  965  723  895  739  895  740  752  919  688  807  808  738  756  768  739  878 
 717  679  816  916  927  725  822  808  874  916    0  879  927  829  735  850  942  858  937  800  859  833  897  886  952  825  824  776  746  857  868  933  762  687  914  955  884  889  690  829  884  939  733  726  732  732  812  881  722  741  751  821  837  878  678  860  921  693  913  757 
 779  810  840  772  768  869  693  835  889  947  879    0  788  678  686  858  943  813  847  688  887  709  887  841  876  908  830  915  902  752  777  922  865  686  705  888  912  811  769  839  805  700  767  900  922  940  927  787  681  931  837  966  697  849  791  775  730  844  908  758 
 912  918  947  800  739  940  929  876  883  788  927  788    0  819  700  838  860  882  752  905  730  768  702  776  946  960  747  782  879  766  797  805  899  939  830  684  930  843  925  848  732  942  761  794  937  865  696  794  820  904  754  780  700  676  759  821  913  681  961  795 
 908  886  778  849  795  870  928  909  929  894  829  678  819    0  873  824  813  935  799  790  701  676  685  881  860  918  760  883  956  805  890  733  941  731  930  877  733  957  715  695  854  681  874  933  937  677  744  742  762  937  854  696  900  780  777  903  891  922  739  724 
 920  845  717  876  873  864  769  717  874  689  735  686  700  873    0  961  822  726  835  779  910  922  962  833  745  960  834  770  884  687  916  837  840  734  755  843  837  910  808  781  935  914  952  922  950  790  738  818  810  944  830  856  891  820  717  844  942  899  827  772 
 927  710  729  956  858  732  836  918  913  786  850  858  838  824  961    0  794  965  866  940  918  717  829  811  894  878  852  914  873  781  856  940  686  858  712  855  707  907  920  791  698  886  852  894  681  903  765  796  935  816  709  749  858  716  935  904  897  677  892  754 
 882  965  702  885  901  726  757  693  897  806  942  943  860  813  822  794    0  702  679  918  833  683  899  770  695  762  947  909  747  818  925  954  755  868  915  815  683  725  868  938  931  695  906  883  801  692  694  794  855  905  771  755  915  794  700  956  701  676  790  850 
 881  885  862  742  942  864  772  698  935  817  858  813  882  935  726  965  702    0  849  689  861  828  885  869  848  922  699  919  704  688  798  897  681  964  897  707  913  936  708  889  727  876  883  753  749  781  826  931  896  804  889  913  914  839  803  947  886  866  784  698 
 724  710  701  793  918  808  809  946  866  790  937  847  752  799  835  866  679  849    0  787  886  879  681  692  726  912  842  861  807  906  961  719  918  859  937  784  898  720  814  711  732  742  806  848  934  951  868  902  737  721  812  829  809  822  685  809  948  873  821  885 
 880  748  928  898  949  807  719  950  689  715  800  688  905  790  779  940  918  689  787    0  865  695  873  895  950  754  782  781  723  841  688  819  722  942  966  951  925  772  834  913  924  894  965  781  709  728  762  939  736  888  891  812  859  819  866  858  815  904  834  956 
 809  908  912  897  871  948  685  742  818  754  859  887  730  701  910  918  833  861  886  865    0  878  878  767  739  877  879  824  706  842  804  958  740  840  955  912  947  765  863  733  787  723  732  717  940  807  853  694  767  716  738  822  770  805  689  886  890  786  950  856 
 725  887  966  686  695  884  767  722  783  966  833  709  768  676  922  717  683  828  879  695  878    0  880  755  707  740  766  728  921  818  937  904  791  913  851  795  788  830  701  716  831  768  931  817  689  820  917  919  875  734  917  811  759  779  789  949  827  929  823  724 
 881  893  753  748  717  936  866  749  756  716  897  887  702  685  962  829  899  885  681  873  878  880    0  771  960  777  804  704  710  732  739  815  949  695  861  715  833  939  881  806  902  929  919  926  897  960  683  863  896  805  766  745  789  721  688  797  684  846  713  898 
 722  842  712  952  709  753  856  832  932  703  886  841  776  881  833  811  770  869  692  895  767  755  771    0  784  942  813  882  789  772  750  868  836  820  863  866  791  690  956  845  827  849  731  789  799  955  865  731  947  710  783  728  844  773  681  677  952  799  948  848 
 888  963  735  887  760  705  691  947  689  941  952  876  946  860  745  894  695  848  726  950  739  707  960  784    0  820  729  803  887  693  932  959  784  846  795  928  803  875  911  767  842  787  862  730  871  723  725  720  837  727  888  807  842  879  827  850  940  697  948  843 
 862  838  719  702  853  700  800  853  966  757  825  908  960  918  960  878  762  922  912  754  877  740  777  942  820    0  765  695  734  801  958  843  733  837  841  956  752  683  937  746  914  871  837  685  800  861  953  774  716  934  796  896  877  874  764  768  834  792  839  754 
 929  682  747  798  767  803  726  960  769  799  824  830  747  760  834  852  947  699  842  782  879  766  804  813  729  765    0  823  959  935  794  931  723  938  890  771  724  720  789  748  680  930  728  703  883  745  908  713  836  682  846  784  930  879  745  777  962  852  924  846 
 824  858  681  710  870  793  899  756  902  734  776  915  782  883  770  914  909  919  861  781  824  728  704  882  803  695  823    0  801  806  935  893  786  767  940  698  748  790  859  702  694  858  717  768  769  781  929  706  850  811  765  765  759  757  854  715  896  888  941  714 
 872  787  894  860  769  740  901  846  793  820  746  902  879  956  884  873  747  704  807  723  706  921  710  789  887  734  959  801    0  864  854  687  878  805  813  807  944  793  774  719  889  853  906  778  953  686  717  695  932  773  907  954  720  936  820  685  820  873  963  740 
 907  939  700  687  954  780  718  699  915  726  857  752  766  805  687  781  818  688  906  841  842  818  732  772  693  801  935  806  864    0  897  712  685  871  754  829  731  805  845  682  843  887  786  790  884  715  784  874  807  877  878  793  913  806  936  762  815  696  747  923 
 807  676  859  874  874  948  794  947  847  733  868  777  797  890  916  856  925  798  961  688  804  937  739  750  932  958  794  935  854  897    0  679  747  911  797  743  903  906  834  753  868  760  774  724  775  807  701  821  764  756  769  689  805  905  849  880  796  858  954  681 
 708  901  911  813  749  741  839  738  863  687  933  922  805  733  837  940  954  897  719  819  958  904  815  868  959  843  931  893  687  712  679    0  824  797  773  963  836  831  764  962  724  746  722  927  838  679  857  684  779  849  885  742  961  697  870  832  857  863  806  736 
 710  683  955  740  936  869  954  873  744  890  762  865  899  941  840  686  755  681  918  722  740  791  949  836  784  733  723  786  878  685  747  824    0  952  899  896  901  708  927  885  934  678  705  855  777  738  847  904  708  879  798  907  958  834  814  692  951  899  879  757 
 791  961  856  758  743  865  951  686  860  893  687  686  939  731  734  858  868  964  859  942  840  913  695  820  846  837  938  767  805  871  911  797  952    0  682  822  836  862  861  755  867  691  813  860  865  894  921  722  910  744  750  766  920  780  941  949  942  739  748  749 
 685  839  745  866  879  785  834  769  854  855  914  705  830  930  755  712  915  897  937  966  955  851  861  863  795  841  890  940  813  754  797  773  899  682    0  838  678  814  837  908  895  807  727  912  848  700  755  719  915  711  685  870  822  778  808  809  932  932  802  679 
 840  964  917  937  919  873  738  689  918  840  955  888  684  877  843  855  815  707  784  951  912  795  715  866  928  956  771  698  807  829  743  963  896  822  838    0  730  714  853  795  762  792  919  837  744  964  953  777  770  806  707  781  929  733  716  680  816  905  749  860 
 721  906  860  771  865  749  830  686  694  775  884  912  930  733  837  707  683  913  898  925  947  788  833  791  803  752  724  748  944  731  903  836  901  836  678  730    0  737  933  860  964  883  760  894  949  763  792  896  891  699  798  863  842  829  751  802  686  874  710  782 
 964  909  863  768  679  724  880  719  933  961  889  811  843  957  910  907  725  936  720  772  765  830  939  690  875  683  720  790  793  805  906  831  708  862  814  714  737    0  834  902  732  841  780  885  791  802  926  745  757  771  804  950  738  802  932  934  832  885  749  810 
 701  720  738  933  868  839  916  876  898  920  690  769  925  715  808  920  868  708  814  834  863  701  881  956  911  937  789  859  774  845  834  764  927  861  837  853  933  834    0  730  793  896  918  908  846  751  838  853  913  945  961  755  772  901  805  840  885  822  764  893 
 956  800  783  847  817  720  751  778  752  893  829  839  848  695  781  791  938  889  711  913  733  716  806  845  767  746  748  702  719  682  753  962  885  755  908  795  860  902  730    0  928  787  739  807  685  883  869  940  942  799  785  686  866  809  686  706  934  895  768  899 
 739  935  841  964  751  912  701  867  770  676  884  805  732  854  935  698  931  727  732  924  787  831  902  827  842  914  680  694  889  843  868  724  934  867  895  762  964  732  793  928    0  709  761  696  730  764  794  911  723  917  942  869  694  757  881  801  752  706  712  765 
 844  894  707  898  932  904  709  840  710  699  939  700  942  681  914  886  695  876  742  894  723  768  929  849  787  871  930  858  853  887  760  746  678  691  807  792  883  841  896  787  709    0  809  929  686  911  959  769  689  957  917  762  839  904  758  882  864  961  811  807 
 765  760  679  868  847  945  774  773  950  892  733  767  761  874  952  852  906  883  806  965  732  931  919  731  862  837  728  717  906  786  774  722  705  813  727  919  760  780  918  739  761  809    0  704  798  888  702  818  944  957  929  851  887  963  905  685  858  706  907  736 
 765  759  695  816  861  942  862  957  770  832  726  900  794  933  922  894  883  753  848  781  717  817  926  789  730  685  703  768  778  790  724  927  855  860  912  837  894  885  908  807  696  929  704    0  785  758  710  827  908  735  933  921  739  945  919  910  909  735  745  914 
 855  789  715  744  833  822  923  893  844  965  732  922  937  937  950  681  801  749  934  709  940  689  897  799  871  800  883  769  953  884  775  838  777  865  848  744  949  791  846  685  730  686  798  785    0  830  815  798  858  739  843  866  676  875  858  919  900  959  768  849 
 698  908  832  733  900  855  728  680  677  723  732  940  865  677  790  903  692  781  951  728  807  820  960  955  723  861  745  781  686  715  807  679  738  894  700  964  763  802  751  883  764  911  888  758  830    0  782  953  881  839  934  923  801  676  874  884  833  892  796  957 
 858  892  738  723  774  915  868  879  788  895  812  927  696  744  738  765  694  826  868  762  853  917  683  865  725  953  908  929  717  784  701  857  847  921  755  953  792  926  838  869  794  959  702  710  815  782    0  870  797  807  740  819  886  950  865  727  947  776  945  865 
 963  966  720  880  924  921  924  756  830  739  881  787  794  742  818  796  794  931  902  939  694  919  863  731  720  774  713  706  695  874  821  684  904  722  719  777  896  745  853  940  911  769  818  827  798  953  870    0  842  874  866  779  931  922  924  867  724  843  728  814 
 687  873  714  807  966  884  761  800  847  895  722  681  820  762  810  935  855  896  737  736  767  875  896  947  837  716  836  850  932  807  764  779  708  910  915  770  891  757  913  942  723  689  944  908  858  881  797  842    0  939  756  686  799  924  947  803  937  803  853  916 
 815  951  788  899  748  706  939  845  921  740  741  931  904  937  944  816  905  804  721  888  716  734  805  710  727  934  682  811  773  877  756  849  879  744  711  806  699  771  945  799  917  957  957  735  739  839  807  874  939    0  709  823  699  747  912  881  963  714  677  711 
 749  788  753  758  813  913  870  771  833  752  751  837  754  854  830  709  771  889  812  891  738  917  766  783  888  796  846  765  907  878  769  885  798  750  685  707  798  804  961  785  942  917  929  933  843  934  740  866  756  709    0  831  825  684  889  710  682  914  681  861 
 878  693  965  835  864  847  747  826  739  919  821  966  780  696  856  749  755  913  829  812  822  811  745  728  807  896  784  765  954  793  689  742  907  766  870  781  863  950  755  686  869  762  851  921  866  923  819  779  686  823  831    0  849  871  771  954  898  897  789  919 
 734  816  711  818  933  807  785  683  949  688  837  697  700  900  891  858  915  914  809  859  770  759  789  844  842  877  930  759  720  913  805  961  958  920  822  929  842  738  772  866  694  839  887  739  676  801  886  931  799  699  825  849    0  833  876  860  738  946  841  811 
 963  813  915  771  878  925  739  933  815  807  878  849  676  780  820  716  794  839  822  819  805  779  721  773  879  874  879  757  936  806  905  697  834  780  778  733  829  802  901  809  757  904  963  945  875  676  950  922  924  747  684  871  833    0  702  786  881  925  680  792 
 727  689  816  715  877  775  851  834  849  808  678  791  759  777  717  935  700  803  685  866  689  789  688  681  827  764  745  854  820  936  849  870  814  941  808  716  751  932  805  686  881  758  905  919  858  874  865  924  947  912  889  771  876  702    0  761  796  944  830  949 
 922  948  808  753  885  814  922  924  846  738  860  775  821  903  844  904  956  947  809  858  886  949  797  677  850  768  777  715  685  762  880  832  692  949  809  680  802  934  840  706  801  882  685  910  919  884  727  867  803  881  710  954  860  786  761    0  719  783  930  951 
 900  864  714  902  947  717  892  723  874  756  921  730  913  891  942  897  701  886  948  815  890  827  684  952  940  834  962  896  820  815  796  857  951  942  932  816  686  832  885  934  752  864  858  909  900  833  947  724  937  963  682  898  738  881  796  719    0  856  947  804 
 823  692  799  682  939  949  881  781  708  768  693  844  681  922  899  677  676  866  873  904  786  929  846  799  697  792  852  888  873  696  858  863  899  739  932  905  874  885  822  895  706  961  706  735  959  892  776  843  803  714  914  897  946  925  944  783  856    0  771  768 
 815  802  715  718  763  851  952  732  751  739  913  908  961  739  827  892  790  784  821  834  950  823  713  948  948  839  924  941  963  747  954  806  879  748  802  749  710  749  764  768  712  811  907  745  768  796  945  728  853  677  681  789  841  680  830  930  947  771    0  718 
 749  765  840  910  839  684  785  913  760  878  757  758  795  724  772  754  850  698  885  956  856  724  898  848  843  754  846  714  740  923  681  736  757  749  679  860  782  810  893  899  765  807  736  914  849  957  865  814  916  711  861  919  811  792  949  951  804  768  718    0 

   0 1113  812  817  725  657  765 1119  658  622  954  765  940 1045  722  829  733  955  928  808 1050  786 1129  726  941  896  623  821  965  884  987 1189  698  975 1188  763  865  814  743  633  785  628  992  722  979  953  742  913  781  934  798 1143  952  985 1131 1064  637  931 1126  905 
1113    0  838  932 1062  943 1130 1071 1138 1192  929  771  984 1071  824  770 1136 1178  927  728  814  955 1035  763  709  606  812 1189  727  801 1052  738  659  842  698  684  620  815 1126 1132  933  647 1064 1037 1048 1151 1026 1170  782  983  772  839  816  730 1004  726  732  743  808 1037 
 812  838    0  830  861  756  832 1006 1100  927 1129  815  827  733  820 1099  727  851  668 1114  974  916  989  780 1078 1027  935 1011  772  646  754 1193 1065 1041  803 1199 1096  804  801  803  712  734 1173  992 1131 1024  622  820  628  655 1188 1118 1085  731  815  899 1196 1035 1039 1078 
 817  932  830    0 1192  655  711 1049  763  735 1196 1060  941  900  741 1004 1058  744 1042 1165  888 1059  668  683  715 1190  630  781  694 1103 1166 1162 1125  667  665  767  743  893  996 1028 1119  837  869 1172 1185  828  706  677 1166  701  739  818 1159  955  708 1189  834 1003 1039  699 
 725 1062  861 1192    0  969 1023 1006 1168  622 1000  903 1047  763  786 1024  803 1062  787  994 1139  682  851  944 1178  950  873  956  630  813  646  767  923 1061  712 1175  681  829  767  719  714  674  634 1134  869  914 1066  773  850 1008  603  693  633  820  711 1089 1033  662  963  673 
 657  943  756  655  969    0  774  963  751  747  761  950  912  831 1153 1177 1062  937 1001 1060  604  827  687 1043  803  726  955 1084 1172 1005  833  791 1176  682  799  841 1195  736 1154  760  878 1140  893  940  978  778 1097  643  940 1023  713  699  670 1028 1057 1148  977  726 1108  840 
 765 1130  832  711 1023  774    0  640  630  612 1089 1058  998  607  849 1176  907  803 1026  689  825  792 1156  860  963  711  753 1057  875 1140 1198  884  787 1032 1071 1188 1123  872  714  740  760  950  931 1083  843 1100  643  777  982  628  674  609  735 1024  859 1066  820  896  733  718 
1119 1071 1006 1049 1006  963  640    0  609  765 1157  675  704  942 1149  857  739  923 1168  778 1189 1095  833 1170 1070 1008  785 1077 1190  979  838 1174  846 1177 1111  879 1076  736  644  798  904  966  717  600 1180 1130  959  744  704  626 1173  902  859  653  922 1113  666 1064  683  701 
 658 1138 1100  763 1168  751  630  609    0  933  734  713  937 1065  990 1196 1049  719  933  651  844 1167  630  617  650  620  839  806 1091  880 1059  900  691  920  736  851 1077  639 1001  604  922  879  932  881  679  608 1054  970  818  654  974  810 1091 1002  649  709  763 1096  815  919 
 622 1192  927  735  622  747  612  765  933    0  813 1089 1074 1145  823 1094  751  742 1074 1040  723  869  637 1185 1167 1162  714 1080  909  654 1182  652 1019  707  703  886  857  839 1122 1135  960  739  709  746  636 1188  809  620 1011  872  940  655  680  881  788  610 1051  933  839  958 
 954  929 1129 1196 1000  761 1089 1157  734  813    0  634 1043  711  855  670  710  786  940 1060 1168 1023  614  936 1091  828 1028  800  961  711 1178  695  784  618  605 1178  956 1065  692 1179  951  726 1087 1084 1126  960  926 1092  741  750  881  607  678  918  932 1047 1125  698  953  704 
 765  771  815 1060  903  950 1058  675  713 1089  634    0  654  832  957 1146  779 1104  740  925  834 1165  629  651  902  729  753  884 1146  719 1162 1060  877  717  985 1165  756  611  602  727 1088  927  965  632 1110 1192  929  719 1025  757  847  630 1140  766  652 1065  653  738  953 1004 
 940  984  827  941 1047  912  998  704  937 1074 1043  654    0  716  613  804  650 1062  656  858  999  693 1113  629  683 1067 1001 1124  698  739  877  637  842  930 1130  958  916 1037  669  712 1035  827  754  839 1099  989  877  616 1130  796  647  644  949  696  982 1194 1038 1019 1145 1165 
1045 1071  733  900  763  831  607  942 1065 1145  711  832  716    0  958 1007 1014  920  874  684 1141 1009 1094 1174  795  905  704  713  623  672  684  687 1153  906 1149  935  877  704 1196  969 1160  738  812 1055 1091  699 1068  662  932  901 1130  608  761  613  646 1023  704 1077  604  642 
 722  824  820  741  786 1153  849 1149  990  823  855  957  613  958    0  903  987 1018  700 1033  816  886  687 1097  760  865 1140  740  825  815  840 1020 1132 1146  853  801  683  768  914  980 1089 1086  655  848 1162  994  815 1060 1024 1130  687 1005 1095  881  644 1112 1039 1115  834  933 
 829  770 1099 1004 1024 1177 1176  857 1196 1094  670 1146  804 1007  903    0  676 1043 1108  910  765  620  664 1113 1058 1106 1057  786  686 1097  766  746 1185  662  699  694 1156  851 1193  620 1091 1116  924  916 1128  900  906 1078  805  907  634  873  842  952  665  791  792 1078  646  814 
 733 1136  727 1058  803 1062  907  739 1049  751  710  779  650 1014  987  676    0  902  792 1137  779  660  871  804  718 1089  815 1038 1183 1104  703  942 1187  834 1149  689 1089  929 1092  775 1132  761  746  853  833 1173  888  961  608  769  745  973 1025  681 1124  907  691 1091  652 1106 
 955 1178  851  744 1062  937  803  923  719  742  786 1104 1062  920 1018 1043  902    0  687  637  939 1152  938  813  618  746 1175 1113 1122  956 1156 1029  634  932 1009  804  785 1032 1051 1049  843  702  911  600  971  939 1168 1047  771 1100  712 1084 1025  650 1090  737  613 1063  897  625 
 928  927  668 1042  787 1001 1026 1168  933 1074  940  740  656  874  700 1108  792  687    0 1170 1016  812 1199 1139  607  783 1128  775  962 1017  639  888 1043 1018 1117 1179 1015  725 1063  917 1038  982  611 1117 1116  612  814  892  995  709  941  848  689  990  755 1178  782 1088  667  881 
 808  728 1114 1165  994 1060  689  778  651 1040 1060  925  858  684 1033  910 1137  637 1170    0 1005  744  770 1140  933  756  849 1122  776  790  892  699  620  605  767 1159  809  673  895  760  840  702  880  731 1065  912  918 1075  896  691  702 1198  658 1155  804 1175  796  954  621  768 
1050  814  974  888 1139  604  825 1189  844  723 1168  834  999 1141  816  765  779  939 1016 1005    0  646 1072 1133  811  803 1066  785  795 1090  773  768  976  890  688  868  807  700  825 1040  723  990  768  825  660  800  903  952 1084  796  639  774 1043  890 1127 1090  690 1022  803  904 
 786  955  916 1059  682  827  792 1095 1167  869 1023 1165  693 1009  886  620  660 1152  812  744  646    0  943  814  837  753  934  864 1003 1108 1136  682 1087  718 1162 1099  645  692  652  979  869 1042 1129 1094 1197 1085 1142 1039  936  629  832 1027  946 1113  734 1107 1185  787 1167  765 
1129 1035  989  668  851  687 1156  833  630  637  614  629 1113 1094  687  664  871  938 1199  770 1072  943    0  789  689  934 1075  671  658  858  999  858  651 1087  867 1180  836  889  961  699  845 1189  809  902  749  733  879 1090  914  602 1133 1097 1085 1184  621  627 1195  949  902  809 
 726  763  780  683  944 1043  860 1170  617 1185  936  651  629 1174 1097 1113  804  813 1139 1140 1133  814  789    0  925  964  723  662 1138 1058  922  818  945  715  868 1089  611  754  641  621 1154  718  637 1097 1079  968 1126  852 1138  718 1058 1106  667  774  853 1007  917  636  670 1123 
 941  709 1078  715 1178  803  963 1070  650 1167 1091  902  683  795  760 1058  718  618  607  933  811  837  689  925    0  877  880  841 1071  709  872 1023  946  744  653 1134 1029  620  971  699 1121  975  836 1160 1150  709  855  640  963  870  959 1172  909  851 1088  922  856 1060  625  817 
 896  606 1027 1190  950  726  711 1008  620 1162  828  729 1067  905  865 1106 1089  746  783  756  803  753  934  964  877    0  877  604  627  692  680  778 1169  664  819 1122  992 1146  953  638 1057  605  739  987  816  903  716  625  894  744  610  906 1017  961  857 1191  694  857 1141  726 
 623  812  935  630  873  955  753  785  839  714 1028  753 1001  704 1140 1057  815 1175 1128  849 1066  934 1075  723  880  877    0  620 1022  632  939 1117 1080 1145 1014  767  857  679  792 1011  761 1165 1001 1199  720 1151  648  617 1039  600  851 1124  891  902 1125  671 1176  762  814 1119 
 821 1189 1011  781  956 1084 1057 1077  806 1080  800  884 1124  713  740  786 1038 1113  775 1122  785  864  671  662  841  604  620    0  700  830  916  842  756  918  935 1082 1167  964  763 1034  679 1080  917 1000  763  627 1114  810  991  876 1017  768 1131 1028  808 1048  891  887 1146 1077 
 965  727  772  694  630 1172  875 1190 1091  909  961 1146  698  623  825  686 1183 1122  962  776  795 1003  658 1138 1071  627 1022  700    0  869  655 1114  761  648  963  881 1151  974  620 1143  908  821 1101  805  932 1104  776  831  997 1151  684 1094  765  894  655  902 1183  813  948  725 
 884  801  646 1103  813 1005 1140  979  880  654  711  719  739  672  815 1097 1104  956 1017  790 1090 1108  858 1058  709  692  632  830  869    0  823  866  984 1087  733  955  723 1096  621 1010  847  809  772 1148  724 1010  994  634  803  754  774  789 1184  652  877  623  642  617  793 1022 
 987 1052  754 1166  646  833 1198  838 1059 1182 1178 1162  877  684  840  766  703 1156  639  892  773 1136  999  922  872  680  939  916  655  823    0 1163  923  600  916 1156  820  951  855  694  842  884 1113  729 1134  783  603  812 1182 1045  650  782 1018  953  767  662  735  777 1042  678 
1189  738 1193 1162  767  791  884 1174  900  652  695 1060  637  687 1020  746  942 1029  888  699  768  682  858  818 1023  778 1117  842 1114  866 1163    0  769  814  840  892 1185 1166  695  775  622  761  882 1139 1118  839  832  794  860 1193 1002  792  932  912  981 1052  984  618  980  811 
 698  659 1065 1125  923 1176  787  846  691 1019  784  877  842 1153 1132 1185 1187  634 1043  620  976 1087  651  945  946 1169 1080  756  761  984  923  769    0  805  656  814  953  749 1051  943  861  945 1049  761  942  944  783  813  680 1051 1024  604  659  940 1046  706  884  977  856  828 
 975  842 1041  667 1061  682 1032 1177  920  707  618  717  930  906 1146  662  834  932 1018  605  890  718 1087  715  744  664 1145  918  648 1087  600  814  805    0 1042  651  983  823  764 1173 1193  686  801  924 1039  987 1043  742  781 1075 1192 1100  739  890 1055  904 1030  603  809  872 
1188  698  803  665  712  799 1071 1111  736  703  605  985 1130 1149  853  699 1149 1009 1117  767  688 1162  867  868  653  819 1014  935  963  733  916  840  656 1042    0  969  641  760  767  765  935 1049  737  619 1075  967 1166  834  832  682 1179  671  758  864 1052 1096 1045  754 1066 1023 
 763  684 1199  767 1175  841 1188  879  851  886 1178 1165  958  935  801  694  689  804 1179 1159  868 1099 1180 1089 1134 1122  767 1082  881  955 1156  892  814  651  969    0  625 1131  901  934 1001  795  870 1036  682  858  938 1016  811 1010  818 1115  866  774  646  948 1135  722  832 1086 
 865  620 1096  743  681 1195 1123 1076 1077  857  956  756  916  877  683 1156 1089  785 1015  809  807  645  836  611 1029  992  857 1167 1151  723  820 1185  953  983  641  625    0 1138  829 1107 1123  938  952  936  872  886  774 1170  673 1079 1058  928  734  886  836 1094  695  936  890 1166 
 814  815  804  893  829  736  872  736  639  839 1065  611 1037  704  768  851  929 1032  725  673  700  692  889  754  620 1146  679  964  974 1096  951 1166  749  823  760 1131 1138    0  870 1000  903  638 1012  878 1055  835  776 1047  953  931 1083 1075  917 1154 1080  893 1186 1172  729  720 
 743 1126  801  996  767 1154  714  644 1001 1122  692  602  669 1196  914 1193 1092 1051 1063  895  825  652  961  641  971  953  792  763  620  621  855  695 1051  764  767  901  829  870    0  791 1100 1138  839  747  797  869  842  872  935  961  629  637  869  678 1141 1161  687  655 1048  755 
 633 1132  803 1028  719  760  740  798  604 1135 1179  727  712  969  980  620  775 1049  917  760 1040  979  699  621  699  638 1011 1034 1143 1010  694  775  943 1173  765  934 1107 1000  791    0 1140  797  859 1016  793  658  621  989  616 1154  743  656  671  648  622  781 1083  712 1004  852 
 785  933  712 1119  714  878  760  904  922  960  951 1088 1035 1160 1089 1091 1132  843 1038  840  723  869  845 1154 1121 1057  761  679  908  847  842  622  861 1193  935 1001 1123  903 1100 1140    0 1177 1048  866  940  713  713  942 1105  893  817  714 1094 1025 1173  893  969 1077 1092  830 
 628  647  734  837  674 1140  950  966  879  739  726  927  827  738 1086 1116  761  702  982  702  990 1042 1189  718  975  605 1165 1080  821  809  884  761  945  686 1049  795  938  638 1138  797 1177    0 1030  657  713 1053 1033 1050  716  731  665  754  778  691  971  600 1149  887  739  967 
 992 1064 1173  869  634  893  931  717  932  709 1087  965  754  812  655  924  746  911  611  880  768 1129  809  637  836  739 1001  917 1101  772 1113  882 1049  801  737  870  952 1012  839  859 1048 1030    0 1146  812  902  844  775  603 1136 1064  943  944 1044  917  617  631 1089 1159 1035 
 722 1037  992 1172 1134  940 1083  600  881  746 1084  632  839 1055  848  916  853  600 1117  731  825 1094  902 1097 1160  987 1199 1000  805 1148  729 1139  761  924  619 1036  936  878  747 1016  866  657 1146    0  950  997  786  745  668 1118 1001  931 1003  743 1036  985  914  615 1183 1056 
 979 1048 1131 1185  869  978  843 1180  679  636 1126 1110 1099 1091 1162 1128  833  971 1116 1065  660 1197  749 1079 1150  816  720  763  932  724 1134 1118  942 1039 1075  682  872 1055  797  793  940  713  812  950    0  652 1174 1197  714  911  782  730  819  722  606 1118  781  752  743 1025 
 953 1151 1024  828  914  778 1100 1130  608 1188  960 1192  989  699  994  900 1173  939  612  912  800 1085  733  968  709  903 1151  627 1104 1010  783  839  944  987  967  858  886  835  869  658  713 1053  902  997  652    0  975  991  859 1182  784  954  911 1116  949  917 1179 1059  976 1060 
 742 1026  622  706 1066 1097  643  959 1054  809  926  929  877 1068  815  906  888 1168  814  918  903 1142  879 1126  855  716  648 1114  776  994  603  832  783 1043 1166  938  774  776  842  621  713 1033  844  786 1174  975    0  997 1138  872  701  978  610 1148 1046  646  942  796  879 1083 
 913 1170  820  677  773  643  777  744  970  620 1092  719  616  662 1060 1078  961 1047  892 1075  952 1039 1090  852  640  625  617  810  831  634  812  794  813  742  834 1016 1170 1047  872  989  942 1050  775  745 1197  991  997    0 1057  822  955 1192  899 1102 1100  884  627  899  799  721 
 781  782  628 1166  850  940  982  704  818 1011  741 1025 1130  932 1024  805  608  771  995  896 1084  936  914 1138  963  894 1039  991  997  803 1182  860  680  781  832  811  673  953  935  616 1105  716  603  668  714  859 1138 1057    0  642  787  640  840  850  931  654  879 1137  937 1198 
 934  983  655  701 1008 1023  628  626  654  872  750  757  796  901 1130  907  769 1100  709  691  796  629  602  718  870  744  600  876 1151  754 1045 1193 1051 1075  682 1010 1079  931  961 1154  893  731 1136 1118  911 1182  872  822  642    0  867  807  832  884 1159 1065 1097 1176 1170 1117 
 798  772 1188  739  603  713  674 1173  974  940  881  847  647 1130  687  634  745  712  941  702  639  832 1133 1058  959  610  851 1017  684  774  650 1002 1024 1192 1179  818 1058 1083  629  743  817  665 1064 1001  782  784  701  955  787  867    0  600 1076  796 1068  931  912  683  603  654 
1143  839 1118  818  693  699  609  902  810  655  607  630  644  608 1005  873  973 1084  848 1198  774 1027 1097 1106 1172  906 1124  768 1094  789  782  792  604 1100  671 1115  928 1075  637  656  714  754  943  931  730  954  978 1192  640  807  600    0  773 1026 1169  885  690  952  680 1071 
 952  816 1085 1159  633  670  735  859 1091  680  678 1140  949  761 1095  842 1025 1025  689  658 1043  946 1085  667  909 1017  891 1131  765 1184 1018  932  659  739  758  866  734  917  869  671 1094  778  944 1003  819  911  610  899  840  832 1076  773    0 1009  908 1136 1194  918  773  625 
 985  730  731  955  820 1028 1024  653 1002  881  918  766  696  613  881  952  681  650  990 1155  890 1113 1184  774  851  961  902 1028  894  652  953  912  940  890  864  774  886 1154  678  648 1025  691 1044  743  722 1116 1148 1102  850  884  796 1026 1009    0  685 1060  803  682  606  798 
1131 1004  815  708  711 1057  859  922  649  788  932  652  982  646  644  665 1124 1090  755  804 1127  734  621  853 1088  857 1125  808  655  877  767  981 1046 1055 1052  646  836 1080 1141  622 1173  971  917 1036  606  949 1046 1100  931 1159 1068 1169  908  685    0  765  857  617  899  973 
1064  726  899 1189 1089 1148 1066 1113  709  610 1047 1065 1194 1023 1112  791  907  737 1178 1175 1090 1107  627 1007  922 1191  671 1048  902  623  662 1052  706  904 1096  948 1094  893 1161  781  893  600  617  985 1118  917  646  884  654 1065  931  885 1136 1060  765    0  839 1121  717 1081 
 637  732 1196  834 1033  977  820  666  763 1051 1125  653 1038  704 1039  792  691  613  782  796  690 1185 1195  917  856  694 1176  891 1183  642  735  984  884 1030 1045 1135  695 1186  687 1083  969 1149  631  914  781 1179  942  627  879 1097  912  690 1194  803  857  839    0 1168  829  658 
 931  743 1035 1003  662  726  896 1064 1096  933  698  738 1019 1077 1115 1078 1091 1063 1088  954 1022  787  949  636 1060  857  762  887  813  617  777  618  977  603  754  722  936 1172  655  712 1077  887 1089  615  752 1059  796  899 1137 1176  683  952  918  682  617 1121 1168    0  686  876 
1126  808 1039 1039  963 1108  733  683  815  839  953  953 1145  604  834  646  652  897  667  621  803 1167  902  670  625 1141  814 1146  948  793 1042  980  856  809 1066  832  890  729 1048 1004 1092  739 1159 1183  743  976  879  799  937 1170  603  680  773  606  899  717  829  686    0  997 
 905 1037 1078  699  673  840  718  701  919  958  704 1004 1165  642  933  814 1106  625  881  768  904  765  809 1123  817  726 1119 1077  725 1022  678  811  828  872 1023 1086 1166  720  755  852  830  967 1035 1056 1025 1060 1083  721 1198 1117  654 1071  625  798  973 1081  658  876  997    0 

0 286 907
1 521 980
2 483 1068
3 516 948
4 610 838
5 244 1081
6 590 1037
7 489 990
8 286 782
9 558 1047
10 568 913
11 260 910
12 669 942
13 354 1033
14 519 1045
15 436 781
16 284 899
17 279 898
18 297 939
19 531 1024
20 289 774
21 633 878
22 446 788
23 383 852
24 645 718
25 440 855
26 382 975
27 656 1014
28 264 836
29 307 1011
30 215 843
31 664 1017
32 259 797
33 652 785
34 604 756
35 452 1083
36 576 908
37 695 1030
38 237 707
39 452 1040
40 305 1013
41 204 846
42 421 1008
43 380 788
44 581 786
45 214 871
46 345 833
47 581 876
48 352 708
49 459 888
50 276 1058
51 667 875
52 626 976
53 557 1002
54 491 1038
55 678 705
56 597 745
57 314 801
58 570 1059
59 313 833

0 11 56358 59387 2337 
0 37 17707 20930 3856 
0 9 58656 60777 1476 
0 20 34420 37801 3236 
0 52 1903 5387 1468 
0 10 23642 26341 2868 
0 28 9932 13077 1744 
0 3 10054 12137 3432 
0 10 39255 41306 1434 
1 37 45281 48410 1818 
1 46 15511 18117 3568 
1 46 11026 14986 1784 
1 7 50004 53527 3380 
1 19 10871 12327 2992 
1 49 46351 49241 2853 
1 43 26901 29991 3036 
1 36 4909 6638 2718 
1 25 7549 8985 3352 
1 22 53704 57699 1786 
1 27 36682 39559 1716 
1 47 25337 28554 3864 
1 48 57225 60071 3492 
1 15 36387 38712 1420 
1 43 31555 34997 2277 
2 37 37904 39986 3452 
2 28 17157 20152 1788 
2 37 13438 16324 1726 
2 11 45644 47363 1680 
2 24 1956 5017 2205 
2 44 43891 48154 2860 
2 18 34152 36062 1402 
2 0 34758 37908 2676 
2 42 57878 61056 2037 
2 43 44783 48195 1390 
2 49 29055 31229 2364 
2 39 8574 11681 3132 
2 39 30377 33211 2349 
2 5 14169 17177 1718 
2 9 679 3932 2463 
2 50 7973 12261 1506 
2 19 52096 55616 2784 
2 57 30855 33214 3196 
2 15 31680 34493 2187 
2 56 42540 45530 2856 
2 48 15484 17751 1428 
2 55 4705 6601 3232 
2 29 50609 53083 2800 
2 1 29116 31219 2310 
3 0 50915 54142 3432 
3 4 12333 15575 2403 
3 42 34757 37572 3472 
3 34 52326 53742 2598 
3 30 12999 16193 2622 
3 36 27799 29678 1542 
3 35 56706 58370 3748 
3 50 11738 14376 2274 
3 16 35153 38792 1770 
3 55 9664 13266 2259 
3 12 29372 31752 2400 
3 38 1986 5183 1866 
3 25 6397 9788 1404 
3 45 36136 39290 2932 
3 19 27585 32035 2694 
3 7 43973 48095 2912 
3 32 495 4815 2220 
3 12 15143 17768 3200 
3 15 4473 7093 3824 
3 14 44081 46126 2628 
3 55 23625 27798 2259 
3 4 57391 60859 2403 
3 20 30642 33696 2691 
3 41 22905 25390 1796 
4 48 3424 5396 3864 
4 12 17608 20110 2217 
4 46 43962 46125 3096 
4 19 27534 31271 1898 
4 46 9963 12095 2322 
4 47 15727 17659 1848 
4 44 43823 46699 1666 
4 16 54233 57220 2703 
4 11 22616 24972 1536 
4 57 15900 17753 3756 
4 22 53608 55590 2868 
4 25 2304 4926 2559 
4 36 28238 30192 2595 
4 37 28754 31365 2037 
4 39 38371 40369 1634 
4 10 7731 10961 2781 
4 23 1643 5154 2836 
4 14 4819 7507 3492 
4 29 24971 27946 2862 
4 46 37760 40094 3096 
4 40 47185 49384 1502 
5 51 29950 32557 2541 
5 1 50058 52566 3808 
5 35 29553 32429 2619 
5 14 35799 39004 3456 
5 33 21632 24339 3460 
5 10 56692 59172 1450 
5 24 44342 45988 2115 
5 32 6151 10161 3476 
5 59 34393 36929 1368 
5 27 21436 25446 1586 
5 12 8469 10904 2820 
5 35 38145 41391 3492 
5 43 54574 57187 3768 
5 18 6071 8843 1616 
5 22 28445 30835 1872 
5 10 17111 19804 2175 
5 13 34222 36307 2610 
6 37 23847 27265 3520 
6 52 52570 54605 1570 
6 7 15362 16725 3244 
6 15 4905 9514 1672 
6 22 6880 11076 3464 
6 42 34422 36442 2322 
6 59 60131 62550 3140 
6 12 52575 55938 3716 
6 49 17470 19592 3756 
6 29 42610 45756 2872 
6 15 28122 32767 3344 
6 52 54981 56590 1570 
7 11 53532 55098 2505 
7 13 10577 13666 3636 
7 57 24735 28405 2343 
7 41 43158 46123 3360 
7 56 34938 37035 1446 
7 44 31849 34433 3572 
7 55 28574 32335 1848 
7 37 54750 57399 2157 
7 8 13995 15742 3000 
7 59 52329 54446 3652 
7 51 34305 36956 3304 
7 23 1662 5803 2496 
7 36 31904 34766 2058 
7 17 43860 46001 2094 
7 51 51313 53604 1652 
8 11 6448 9235 2667 
8 46 58824 62913 3152 
8 37 54563 56524 2799 
8 33 13945 16778 2580 
