70 4 24 1167

   0  847  788  818  790  900  704  957  916  679  679  831  708  831  760  777  871  826  740  922  767  740  961  842  964  924  709  726  753  793  953  817  896  722  726  808  928  762  783  857  784  686  833  771  875  879  818  906  933  896  901  795  834  865  783  779  889  776  826  718  698  941  723  844  775  704  738  939  811  888 
 847    0  960  694  736  856  819  704  786  895  702  859  746  769  868  926  859  936  904  939  735  896  739  948  696  787  882  722  729  705  888  929  736  682  863  923  860  685  802  817  798  954  805  906  891  844  889  846  903  702  773  810  918  886  885  912  727  909  909  831  828  905  734  816  756  713  690  878  858  807 
 788  960    0  732  791  801  909  919  896  755  736  936  748  787  678  870  684  960  843  895  887  940  782  795  725  939  885  951  772  870  739  681  934  933  957  679  682  916  908  762  962  797  795  817  719  800  685  901  961  925  783  703  756  903  758  743  822  776  775  774  809  958  935  709  818  959  908  965  907  912 
 818  694  732    0  869  676  935  691  824  876  937  878  784  732  690  847  817  958  898  935  791  941  777  727  862  844  732  897  956  919  828  902  758  816  746  964  951  812  932  950  776  775  715  956  922  735  723  678  681  804  828  718  951  746  816  913  767  944  890  912  695  922  788  691  697  698  716  721  792  781 
 790  736  791  869    0  940  781  756  708  851  908  878  916  844  914  901  741  846  745  798  781  691  781  903  810  947  875  921  716  920  867  835  676  717  881  914  818  767  693  960  888  758  900  963  916  840  857  819  929  858  690  704  892  958  860  902  951  887  777  843  805  680  894  904  946  844  795  966  791  903 
 900  856  801  676  940    0  819  922  717  749  800  792  712  885  712  857  785  796  810  761  680  887  829  721  955  825  894  720  809  681  902  910  789  744  809  954  786  906  676  908  956  919  942  800  783  689  887  713  904  841  895  946  716  840  858  937  767  896  919  812  908  943  930  889  773  841  798  712  931  844 
 704  819  909  935  781  819    0  742  694  861  861  908  904  896  702  937  705  962  903  904  956  798  707  857  761  763  733  720  869  918  777  932  682  959  766  925  724  872  892  879  733  753  830  734  679  802  785  742  895  762  739  798  718  827  721  935  894  680  861  801  933  933  710  828  916  956  752  944  838  818 
 957  704  919  691  756  922  742    0  929  749  697  728  748  690  696  701  906  733  852  705  940  944  699  684  925  767  735  860  836  793  816  737  910  856  747  791  933  727  788  789  762  965  698  897  793  700  769  893  733  782  879  736  722  829  835  820  776  749  705  776  815  905  865  735  837  760  814  912  884  896 
 916  786  896  824  708  717  694  929    0  725  908  888  952  710  742  871  738  723  786  918  734  910  933  772  759  846  791  884  722  911  792  745  822  903  914  874  774  802  963  953  912  686  694  693  797  742  694  792  721  911  940  874  691  792  919  812  860  743  723  859  909  912  878  880  693  765  775  696  872  843 
 679  895  755  876  851  749  861  749  725    0  837  814  930  716  934  773  679  892  898  677  738  932  965  944  728  759  850  755  849  775  899  828  741  711  780  799  954  692  677  897  760  924  902  914  811  687  883  783  737  775  702  839  701  745  861  758  943  961  785  828  852  850  828  677  783  752  956  682  938  936 
 679  702  736  937  908  800  861  697  908  837    0  845  787  813  834  844  850  764  773  715  834  913  906  863  916  932  716  965  872  883  771  848  868  697  762  762  745  753  695  890  786  959  876  909  944  854  863  706  817  768  915  754  917  823  911  695  741  813  869  896  840  700  815  949  792  679  719  758  956  690 
 831  859  936  878  878  792  908  728  888  814  845    0  765  893  924  694  951  710  890  730  872  898  860  734  832  910  717  807  910  806  745  950  947  836  733  810  883  773  769  917  702  743  877  718  750  936  694  807  957  893  836  840  871  965  924  809  882  779  842  772  770  709  685  784  694  724  786  783  856  832 
 708  746  748  784  916  712  904  748  952  930  787  765    0  815  944  756  919  707  869  886  890  881  677  762  921  809  680  962  876  686  848  680  933  731  939  799  863  801  859  965  886  820  737  826  726  905  932  873  888  922  857  855  694  892  790  817  702  713  703  875  903  831  761  887  937  681  802  934  747  771 
 831  769  787  732  844  885  896  690  710  716  813  893  815    0  786  934  875  760  704  920  756  918  938  701  819  772  944  844  945  850  873  877  890  789  691  784  805  723  861  835  923  695  928  676  850  934  697  886  929  757  743  829  782  874  836  941  862  833  722  723  676  961  940  769  955  688  862  952  820  855 
 760  868  678  690  914  712  702  696  742  934  834  924  944  786    0  763  732  828  876  689  846  732  717  899  938  799  721  879  752  956  690  737  961  687  743  916  688  854  865  833  956  876  926  937  689  852  752  897  794  928  686  708  841  787  734  764  919  867  724  935  682  928  830  748  891  940  710  942  911  833 
 777  926  870  847  901  857  937  701  871  773  844  694  756  934  763    0  865  850  694  908  786  722  913  813  943  932  717  722  794  704  911  780  915  768  898  736  714  876  945  880  966  857  808  790  879  936  843  790  931  890  748  936  823  865  884  867  700  709  959  683  698  772  931  782  925  863  776  867  864  869 
 871  859  684  817  741  785  705  906  738  679  850  951  919  875  732  865    0  846  718  725  937  912  964  860  776  728  802  707  784  791  775  769  761  773  777  830  827  760  917  876  686  925  815  678  939  922  832  815  877  952  823  866  678  939  952  949  715  838  839  729  715  963  745  927  823  961  903  701  890  941 
 826  936  960  958  846  796  962  733  723  892  764  710  707  760  828  850  846    0  878  925  826  840  741  751  713  897  769  952  830  818  952  712  765  697  804  741  915  847  829  741  801  827  860  952  906  696  923  867  854  869  694  955  729  712  839  688  826  966  859  955  919  961  931  881  945  688  734  922  926  924 
 740  904  843  898  745  810  903  852  786  898  773  890  869  704  876  694  718  878    0  709  733  872  708  706  955  781  777  811  913  901  677  719  777  716  903  709  874  758  762  915  727  779  945  716  681  908  786  707  834  850  866  955  954  873  823  909  805  824  698  678  678  865  731  817  891  786  764  775  955  800 
 922  939  895  935  798  761  904  705  918  677  715  730  886  920  689  908  725  925  709    0  907  734  742  948  717  742  945  923  807  957  681  873  741  776  684  857  868  847  773  740  741  934  947  752  710  782  740  908  783  770  769  834  752  856  772  708  841  755  786  964  697  948  890  686  763  729  904  708  953  821 
 767  735  887  791  781  680  956  940  734  738  834  872  890  756  846  786  937  826  733  907    0  706  847  880  722  727  682  761  914  924  898  728  740  705  797  876  812  864  769  752  868  963  774  805  714  777  937  718  747  818  888  901  758  681  787  711  946  963  717  687  740  807  958  868  853  930  801  697  757  828 
 740  896  940  941  691  887  798  944  910  932  913  898  881  918  732  722  912  840  872  734  706    0  873  849  854  803  965  794  787  806  965  832  888  809  807  834  749  821  871  854  948  698  916  762  935  798  958  867  946  707  781  805  948  930  911  871  846  756  752  797  764  800  890  787  708  762  805  760  812  835 
 961  739  782  777  781  829  707  699  933  965  906  860  677  938  717  913  964  741  708  742  847  873    0  685  860  901  801  753  685  704  881  863  884  864  769  902  803  811  958  858  937  822  885  801  948  852  916  744  935  752  808  700  927  766  769  884  781  695  705  923  741  861  867  715  944  817  884  863  711  799 
 842  948  795  727  903  721  857  684  772  944  863  734  762  701  899  813  860  751  706  948  880  849  685    0  695  889  910  883  927  905  753  844  723  762  793  948  929  889  774  888  837  932  815  938  796  781  756  810  839  938  811  851  897  884  902  947  901  858  806  736  692  796  940  747  767  739  785  883  888  714 
 964  696  725  862  810  955  761  925  759  728  916  832  921  819  938  943  776  713  955  717  722  854  860  695    0  851  736  893  783  792  906  721  846  794  813  876  819  930  678  727  717  877  689  701  764  790  747  713  788  790  840  892  791  960  857  883  802  897  957  783  828  925  821  789  933  747  704  816  890  897 
 924  787  939  844  947  825  763  767  846  759  932  910  809  772  799  932  728  897  781  742  727  803  901  889  851    0  894  901  871  905  837  951  808  889  934  899  724  694  808  926  881  766  715  837  730  777  785  928  785  876  860  922  799  751  944  949  959  878  886  740  746  852  679  817  808  928  935  719  681  820 
 709  882  885  732  875  894  733  735  791  850  716  717  680  944  721  717  802  769  777  945  682  965  801  910  736  894    0  781  812  891  843  838  693  941  763  896  919  808  870  805  710  840  709  814  863  742  718  926  809  727  937  878  733  728  713  910  761  908  927  702  942  838  941  694  819  836  728  898  809  786 
 726  722  951  897  921  720  720  860  884  755  965  807  962  844  879  722  707  952  811  923  761  794  753  883  893  901  781    0  932  801  930  809  707  856  947  682  760  949  819  853  859  803  889  793  953  808  938  896  786  958  830  949  956  862  737  915  904  966  758  929  946  829  689  865  896  785  710  782  924  965 
 753  729  772  956  716  809  869  836  722  849  872  910  876  945  752  794  784  830  913  807  914  787  685  927  783  871  812  932    0  676  692  795  680  946  845  710  880  952  772  750  878  740  716  938  952  912  687  762  735  739  774  773  767  920  815  845  818  932  957  691  701  773  919  685  832  787  813  701  749  812 
 793  705  870  919  920  681  918  793  911  775  883  806  686  850  956  704  791  818  901  957  924  806  704  905  792  905  891  801  676    0  839  715  818  804  765  853  813  904  768  895  931  775  816  948  856  711  699  892  753  930  743  802  830  937  689  947  930  693  886  873  689  841  698  933  828  740  879  704  948  698 
 953  888  739  828  867  902  777  816  792  899  771  745  848  873  690  911  775  952  677  681  898  965  881  753  906  837  843  930  692  839    0  836  786  688  709  761  764  943  689  844  679  721  826  748  696  815  902  848  782  684  762  817  966  817  742  938  842  827  843  692  758  829  762  806  863  874  837  755  706  826 
 817  929  681  902  835  910  932  737  745  828  848  950  680  877  737  780  769  712  719  873  728  832  863  844  721  951  838  809  795  715  836    0  854  880  722  716  731  853  773  831  888  784  732  834  790  789  877  906  758  808  879  948  754  853  738  813  950  877  796  883  688  849  834  842  704  836  736  951  690  909 
 896  736  934  758  676  789  682  910  822  741  868  947  933  890  961  915  761  765  777  741  740  888  884  723  846  808  693  707  680  818  786  854    0  889  774  725  928  936  826  683  725  710  750  748  951  787  900  689  935  808  741  898  841  848  790  950  952  948  818  808  748  842  750  916  790  934  961  848  722  846 
 722  682  933  816  717  744  959  856  903  711  697  836  731  789  687  768  773  697  716  776  705  809  864  762  794  889  941  856  946  804  688  880  889    0  787  745  747  776  733  824  903  953  959  794  886  930  878  963  780  876  777  845  819  882  766  878  817  705  700  853  809  775  905  719  771  788  710  687  949  726 
 726  863  957  746  881  809  766  747  914  780  762  733  939  691  743  898  777  804  903  684  797  807  769  793  813  934  763  947  845  765  709  722  774  787    0  845  827  840  899  685  919  799  759  689  763  716  687  709  806  706  684  886  707  957  924  791  753  781  835  889  872  746  744  691  851  927  767  916  847  874 
 808  923  679  964  914  954  925  791  874  799  762  810  799  784  916  736  830  741  709  857  876  834  902  948  876  899  896  682  710  853  761  716  725  745  845    0  732  904  903  794  965  693  696  898  732  849  913  889  781  811  689  902  884  937  680  721  760  920  693  840  937  865  759  829  850  842  824  768  800  853 
 928  860  682  951  818  786  724  933  774  954  745  883  863  805  688  714  827  915  874  868  812  749  803  929  819  724  919  760  880  813  764  731  928  747  827  732    0  809  957  923  845  770  823  827  916  940  744  881  939  770  792  905  745  870  851  808  783  928  894  779  827  735  711  903  886  832  866  697  742  689 
 762  685  916  812  767  906  872  727  802  692  753  773  801  723  854  876  760  847  758  847  864  821  811  889  930  694  808  949  952  904  943  853  936  776  840  904  809    0  941  732  705  898  796  853  847  829  780  838  695  922  767  787  856  789  773  869  857  948  748  732  857  919  893  712  682  734  696  898  824  820 
 783  802  908  932  693  676  892  788  963  677  695  769  859  861  865  945  917  829  762  773  769  871  958  774  678  808  870  819  772  768  689  773  826  733  899  903  957  941    0  889  766  891  951  889  813  912  806  718  953  795  723  730  861  955  826  704  864  778  839  823  747  806  688  964  683  691  818  947  833  809 
 857  817  762  950  960  908  879  789  953  897  890  917  965  835  833  880  876  741  915  740  752  854  858  888  727  926  805  853  750  895  844  831  683  824  685  794  923  732  889    0  773  852  906  930  710  764  714  784  910  946  688  807  881  701  826  955  953  769  810  893  710  783  947  923  687  946  905  689  871  850 
 784  798  962  776  888  956  733  762  912  760  786  702  886  923  956  966  686  801  727  741  868  948  937  837  717  881  710  859  878  931  679  888  725  903  919  965  845  705  766  773    0  755  916  924  800  892  824  730  956  685  930  823  948  819  946  841  754  730  861  959  948  931  691  805  749  712  910  742  776  859 
 686  954  797  775  758  919  753  965  686  924  959  743  820  695  876  857  925  827  779  934  963  698  822  932  877  766  840  803  740  775  721  784  710  953  799  693  770  898  891  852  755    0  698  696  857  805  708  880  953  793  941  767  775  920  698  801  816  874  864  943  963  805  897  916  954  961  776  924  848  817 
 833  805  795  715  900  942  830  698  694  902  876  877  737  928  926  808  815  860  945  947  774  916  885  815  689  715  709  889  716  816  826  732  750  959  759  696  823  796  951  906  916  698    0  806  955  820  706  866  761  723  780  839  710  868  942  845  952  810  686  875  798  848  943  803  849  936  881  805  827  706 
 771  906  817  956  963  800  734  897  693  914  909  718  826  676  937  790  678  952  716  752  805  762  801  938  701  837  814  793  938  948  748  834  748  794  689  898  827  853  889  930  924  696  806    0  786  834  824  736  823  749  784  720  814  892  795  778  715  953  820  707  952  870  852  773  885  778  818  784  741  848 
 875  891  719  922  916  783  679  793  797  811  944  750  726  850  689  879  939  906  681  710  714  935  948  796  764  730  863  953  952  856  696  790  951  886  763  732  916  847  813  710  800  857  955  786    0  819  856  907  775  802  786  794  799  755  939  880  859  721  957  885  778  895  831  710  797  733  778  876  723  926 
 879  844  800  735  840  689  802  700  742  687  854  936  905  934  852  936  922  696  908  782  777  798  852  781  790  777  742  808  912  711  815  789  787  930  716  849  940  829  912  764  892  805  820  834  819    0  785  857  690  914  916  776  858  791  790  957  923  767  700  880  907  864  937  851  835  844  760  717  768  714 
 818  889  685  723  857  887  785  769  694  883  863  694  932  697  752  843  832  923  786  740  937  958  916  756  747  785  718  938  687  699  902  877  900  878  687  913  744  780  806  714  824  708  706  824  856  785    0  917  926  742  837  830  805  934  841  730  870  885  722  747  948  883  948  750  761  771  877  739  685  709 
 906  846  901  678  819  713  742  893  792  783  706  807  873  886  897  790  815  867  707  908  718  867  744  810  713  928  926  896  762  892  848  906  689  963  709  889  881  838  718  784  730  880  866  736  907  857  917    0  682  730  837  824  932  958  720  948  916  783  777  791  757  822  804  772  686  898  858  864  686  741 
 933  903  961  681  929  904  895  733  721  737  817  957  888  929  794  931  877  854  834  783  747  946  935  839  788  785  809  786  735  753  782  758  935  780  806  781  939  695  953  910  956  953  761  823  775  690  926  682    0  728  926  799  857  808  922  920  810  876  871  805  782  886  838  696  773  940  894  783  696  841 
 896  702  925  804  858  841  762  782  911  775  768  893  922  757  928  890  952  869  850  770  818  707  752  938  790  876  727  958  739  930  684  808  808  876  706  811  770  922  795  946  685  793  723  749  802  914  742  730  728    0  702  919  963  797  912  810  821  870  803  715  922  724  775  688  938  954  688  799  854  927 
 901  773  783  828  690  895  739  879  940  702  915  836  857  743  686  748  823  694  866  769  888  781  808  811  840  860  937  830  774  743  762  879  741  777  684  689  792  767  723  688  930  941  780  784  786  916  837  837  926  702    0  683  688  739  819  762  939  682  689  888  729  690  719  735  869  799  860  877  934  961 
 795  810  703  718  704  946  798  736  874  839  754  840  855  829  708  936  866  955  955  834  901  805  700  851  892  922  878  949  773  802  817  948  898  845  886  902  905  787  730  807  823  767  839  720  794  776  830  824  799  919  683    0  905  869  824  935  884  806  803  765  714  878  927  771  932  895  965  713  873  865 
 834  918  756  951  892  716  718  722  691  701  917  871  694  782  841  823  678  729  954  752  758  948  927  897  791  799  733  956  767  830  966  754  841  819  707  884  745  856  861  881  948  775  710  814  799  858  805  932  857  963  688  905    0  889  837  779  764  717  793  710  905  726  948  754  729  748  728  794  685  847 
 865  886  903  746  958  840  827  829  792  745  823  965  892  874  787  865  939  712  873  856  681  930  766  884  960  751  728  862  920  937  817  853  848  882  957  937  870  789  955  701  819  920  868  892  755  791  934  958  808  797  739  869  889    0  685  957  710  769  688  711  770  779  732  961  875  899  930  704  707  815 
 783  885  758  816  860  858  721  835  919  861  911  924  790  836  734  884  952  839  823  772  787  911  769  902  857  944  713  737  815  689  742  738  790  766  924  680  851  773  826  826  946  698  942  795  939  790  841  720  922  912  819  824  837  685    0  720  713  831  852  917  945  859  834  772  918  833  945  929  951  790 
 779  912  743  913  902  937  935  820  812  758  695  809  817  941  764  867  949  688  909  708  711  871  884  947  883  949  910  915  845  947  938  813  950  878  791  721  808  869  704  955  841  801  845  778  880  957  730  948  920  810  762  935  779  957  720    0  783  682  900  893  873  938  699  787  867  694  827  821  818  682 
 889  727  822  767  951  767  894  776  860  943  741  882  702  862  919  700  715  826  805  841  946  846  781  901  802  959  761  904  818  930  842  950  952  817  753  760  783  857  864  953  754  816  952  715  859  923  870  916  810  821  939  884  764  710  713  783    0  788  702  792  828  783  716  730  858  923  930  945  946  832 
 776  909  776  944  887  896  680  749  743  961  813  779  713  833  867  709  838  966  824  755  963  756  695  858  897  878  908  966  932  693  827  877  948  705  781  920  928  948  778  769  730  874  810  953  721  767  885  783  876  870  682  806  717  769  831  682  788    0  808  732  800  927  834  854  948  762  899  723  697  733 
 826  909  775  890  777  919  861  705  723  785  869  842  703  722  724  959  839  859  698  786  717  752  705  806  957  886  927  758  957  886  843  796  818  700  835  693  894  748  839  810  861  864  686  820  957  700  722  777  871  803  689  803  793  688  852  900  702  808    0  934  880  706  903  767  894  832  854  897  722  814 
 718  831  774  912  843  812  801  776  859  828  896  772  875  723  935  683  729  955  678  964  687  797  923  736  783  740  702  929  691  873  692  883  808  853  889  840  779  732  823  893  959  943  875  707  885  880  747  791  805  715  888  765  710  711  917  893  792  732  934    0  855  808  785  757  901  847  916  947  883  812 
 698  828  809  695  805  908  933  815  909  852  840  770  903  676  682  698  715  919  678  697  740  764  741  692  828  746  942  946  701  689  758  688  748  809  872  937  827  857  747  710  948  963  798  952  778  907  948  757  782  922  729  714  905  770  945  873  828  800  880  855    0  726  677  743  858  808  886  805  924  823 
 941  905  958  922  680  943  933  905  912  850  700  709  831  961  928  772  963  961  865  948  807  800  861  796  925  852  838  829  773  841  829  849  842  775  746  865  735  919  806  783  931  805  848  870  895  864  883  822  886  724  690  878  726  779  859  938  783  927  706  808  726    0  717  929  903  847  780  720  759  911 
 723  734  935  788  894  930  710  865  878  828  815  685  761  940  830  931  745  931  731  890  958  890  867  940  821  679  941  689  919  698  762  834  750  905  744  759  711  893  688  947  691  897  943  852  831  937  948  804  838  775  719  927  948  732  834  699  716  834  903  785  677  717    0  727  693  684  840  825  829  764 
 844  816  709  691  904  889  828  735  880  677  949  784  887  769  748  782  927  881  817  686  868  787  715  747  789  817  694  865  685  933  806  842  916  719  691  829  903  712  964  923  805  916  803  773  710  851  750  772  696  688  735  771  754  961  772  787  730  854  767  757  743  929  727    0  888  871  680  733  714  861 
 775  756  818  697  946  773  916  837  693  783  792  694  937  955  891  925  823  945  891  763  853  708  944  767  933  808  819  896  832  828  863  704  790  771  851  850  886  682  683  687  749  954  849  885  797  835  761  686  773  938  869  932  729  875  918  867  858  948  894  901  858  903  693  888    0  741  723  813  721  773 
 704  713  959  698  844  841  956  760  765  752  679  724  681  688  940  863  961  688  786  729  930  762  817  739  747  928  836  785  787  740  874  836  934  788  927  842  832  734  691  946  712  961  936  778  733  844  771  898  940  954  799  895  748  899  833  694  923  762  832  847  808  847  684  871  741    0  884  964  915  798 
 738  690  908  716  795  798  752  814  775  956  719  786  802  862  710  776  903  734  764  904  801  805  884  785  704  935  728  710  813  879  837  736  961  710  767  824  866  696  818  905  910  776  881  818  778  760  877  858  894  688  860  965  728  930  945  827  930  899  854  916  886  780  840  680  723  884    0  945  702  816 
 939  878  965  721  966  712  944  912  696  682  758  783  934  952  942  867  701  922  775  708  697  760  863  883  816  719  898  782  701  704  755  951  848  687  916  768  697  898  947  689  742  924  805  784  876  717  739  864  783  799  877  713  794  704  929  821  945  723  897  947  805  720  825  733  813  964  945    0  710  780 
 811  858  907  792  791  931  838  884  872  938  956  856  747  820  911  864  890  926  955  953  757  812  711  888  890  681  809  924  749  948  706  690  722  949  847  800  742  824  833  871  776  848  827  741  723  768  685  686  696  854  934  873  685  707  951  818  946  697  722  883  924  759  829  714  721  915  702  710    0  847 
 888  807  912  781  903  844  818  896  843  936  690  832  771  855  833  869  941  924  800  821  828  835  799  714  897  820  786  965  812  698  826  909  846  726  874  853  689  820  809  850  859  817  706  848  926  714  709  741  841  927  961  865  847  815  790  682  832  733  814  812  823  911  764  861  773  798  816  780  847    0 

   0  703  704  801  994 1081  799 1158  674  981  980  818  795  895  724  662  880 1140 1099  858  864 1157  911  840 1037  807  938  609  710  855  708  647  990  848 1031 1151 1146  624  858 1146 1003  959  744 1051  828 1000  824  833 1161  801 1045  989  892  852 1040 1081  891 1191  992 1174  956  743 1010  957  831  850 1167  865 1001 1112 
 703    0  737  871  899  982 1099  734  629  940  606  807 1057  808  978  886  900  787 1186  825  985  879  742  937  963 1000  747  739  620  633  835  867  986  835  820  735  737  645  865  775  805  973 1117  911  906  886  715  643  904  926  979  937  799  891  698  785 1192  732  913  653  824 1162  808  763  760  828  868  657 1196  929 
 704  737    0 1091  841  986  804  637  648  779  864  728  629  861  916  601  935 1036  676  643  938 1046 1108  994 1132  830 1183 1025 1028  839  867  910 1191  936 1190  843 1104 1007 1054  743  784  791  779 1080  803  902 1030 1127  661  977  961 1018  949 1075  971 1028  901 1191  795  988 1160  681  807  665  920  751  602  786  782 1187 
 801  871 1091    0 1112  849  714 1126  796 1000  799  758  651  608  990 1153  908  649 1190 1057  911  744  886 1070  829  624 1188  890  760 1008  865 1165  948 1149  830 1135  706  687  758  783  947 1081  755  963  962  651  741  906  979 1137  792  742  682  739  879 1160 1122 1166 1075 1015 1179  675  963  683 1110  750  932  657 1077 1118 
 994  899  841 1112    0 1091  638  821  824  746 1020 1057  727  941 1142  616  612  910  939  896  675  759  972  724  957  718  857  712 1098  927  832 1092  949 1020  993  749  891 1010  666  786  728  805  691  939  912  905  745  934  972 1141 1142  704 1080  783 1002  696 1188 1147  682  720  657 1162  780 1002  812  646 1123  698 1136 1132 
1081  982  986  849 1091    0  968 1027 1140  869  769  639  922  610  994  798 1167  989  762 1081  971 1012 1190 1001  761  949  953  761 1031  645  678 1153 1029  782 1171  672  850  959 1007  734 1026  839 1077 1072  764 1039 1149 1031  622  806  610  859  835  967 1176  892  799 1022  822 1048  845 1135  985  787  622  872  834  730 1094  635 
 799 1099  804  714  638  968    0  945 1031  979  834  721 1064  713  861 1115 1121  963  905  784  750 1110 1175 1016  695 1047  993 1181 1133 1106  903  711 1130  840  867  898  955  821  756  674  816 1098 1191 1125  978  995  899  814  687  919  615  982  812  723  738 1066 1177 1073 1051  669  938  999  685  744  845  639  966 1175  857  710 
1158  734  637 1126  821 1027  945    0  730 1045  922 1019 1009  885 1151  953  889  867  755  897  662  789  837  985  936  842 1142  867  978  841  953 1176  967 1097 1154  882  698 1050  801  874 1021 1150  871 1086 1120  912 1056  745  946  683  966  759 1183  906  645 1043  736 1103  808  841 1141  763  807 1065  891  916 1056  798 1016  710 
 674  629  648  796  824 1140 1031  730    0  920 1062  614  699  916 1153  775 1117  765  847  958  971  854 1132  679  719  627  650  712 1163  804  630  903 1164  730  648  835  931 1196  608  714 1144  716  977  729  702  893  949  672  670  948 1088  620  655  685  661  616  704  625  712 1185  670 1056  891  756  911  660  802  667  975 1198 
 981  940  779 1000  746  869  979 1045  920    0  644  924 1138  917  641 1131  985 1104 1172 1129 1086 1101  673  890 1104  616 1104  905  961 1053  627  791 1143  702 1190 1184 1135  820  866  632  664  814  801  621 1169  763  915 1103  814 1064  855  908  762 1028  878 1012 1043  622  724 1074 1139  860  631  633 1114  892  941 1031 1078 1200 
 980  606  864  799 1020  769  834  922 1062  644    0 1045  806 1150  866 1055  804  710  690  837  876  705 1100  968 1109  673 1135  839  635 1071  883  637 1186 1142 1085  654  703  989  786  841  618 1071  818  637  985  621  868  916  600  955 1162  627  802  954 1065  789  960 1107  937 1189  960  886 1109  865  637  731  701  917 1081  904 
 818  807  728  758 1057  639  721 1019  614  924 1045    0  957  863  801 1073  888  666  797  917 1038  633  873  837 1151  770  980  649  994  932  826 1038  861  709  901 1149 1163  966  871 1074  769  653  737 1066 1190  749 1165 1187 1078  702 1133  941  600 1163  645 1064  802  814  736  775 1049  893 1002  867  761 1163  952  786  806  895 
 795 1057  629  651  727  922 1064 1009  699 1138  806  957    0 1149  845  859  643  792 1098  851  690  602 1146 1083 1100  858  818  709 1170  618  971  913  602  638  849 1002  957  832  858  772  690 1068 1144 1098  742  693  699 1166  991  996  982  663 1012  679  884 1197  758  757 1030  899  968  908  726  763  816 1081 1003  726  865  766 
 895  808  861  608  941  610  713  885  916  917 1150  863 1149    0 1189  743  698 1005  953  620 1019  719  888  683  867 1162 1055  616  923  783  820 1135  617  764  614 1145  668  882  695  887  654  695 1154  614 1121  925 1007  861 1060  927 1047 1085 1174  915  978 1118  934  880  813 1141  681  833  663  612  970  614  742  692  830 1097 
 724  978  916  990 1142  994  861 1151 1153  641  866  801  845 1189    0 1132  848 1043  943  949 1162 1135 1026  606  683 1026 1031 1130  755 1049  876 1022  885  948  743  944  736  652  679  947 1173  626  734  851 1053  920 1127  689  602 1087  948  707  646 1029 1058 1052  992  712  745  950  764  624  755  676 1114  875 1121  742 1058 1052 
 662  886  601 1153  616  798 1115  953  775 1131 1055 1073  859  743 1132    0  996 1155 1038 1036  727 1000  867 1115 1078  910  964  810  811 1051 1126 1086  914 1181 1083 1129 1047  613  915  901  616  969 1130 1030  959 1038  941  691  927 1022 1174  627  858 1001  784 1129  993 1136  970 1048 1038  872 1188 1072  738  661  873 1124  629  843 
 880  900  935  908  612 1167 1121  889 1117  985  804  888  643  698  848  996    0  848 1190  791 1069 1170 1024  779  873  863  604 1012  745 1026  809  909  741  666  807  845  909 1172 1129  680  621  798  888  891 1161 1168  751  650  632  675  963  895  606  610  787  934 1166 1142 1046 1148  722  954 1140 1040 1009 1161  683 1169  887  630 
1140  787 1036  649  910  989  963  867  765 1104  710  666  792 1005 1043 1155  848    0  672  737 1080  967 1144 1095  605  680  903  844  820  662  661 1128  610  886  804  612 1074 1105  921 1166  663 1058  871  871 1177  664  848 1178  987  806 1053 1040  985  773 1098 1003 1065  840  678 1060  799  942 1177  709  826 1082  649  891  714 1067 
1099 1186  676 1190  939  762  905  755  847 1172  690  797 1098  953  943 1038 1190  672    0 1016 1118 1057  805  722 1055  633  733  903  985  753 1070  908  914  606  647  719 1063  867 1010  927  610  869  918  820 1168 1172 1167 1052 1168 1135  691 1054  699 1099  602  790  765  956  990  846  871 1106  816  654  683  882  605  685  795  969 
 858  825  643 1057  896 1081  784  897  958 1129  837  917  851  620  949 1036  791  737 1016    0  813  652  987  827  718 1015  988 1194  851  917 1184  738  916  606  743  763  856 1123  835 1021  610 1151  814 1075  641 1002  739  970 1074  607 1169  700 1125  977 1081  798  655  630  990  609 1013  905  802  662  799  813  813 1165 1056  862 
 864  985  938  911  675  971  750  662  971 1086  876 1038  690 1019 1162  727 1069 1080 1118  813    0  904  690 1043  857  989 1096 1136 1101  987 1009  890 1122  628  793 1017  860 1048  641 1196  734 1041 1142  784  793 1120 1200 1017  603  691  877 1057  901 1044 1044  858  657  901 1174  830  989 1082  845  818  884  922  690  760 1043  848 
1157  879 1046  744  759 1012 1110  789  854 1101  705  633  602  719 1135 1000 1170  967 1057  652  904    0  883  872 1015 1199  795  754  886  978 1198  936  763  721 1076  971  626 1101  831  639 1064  614  631  625  976  769  705  893 1062  963  611  936 1043 1130  870 1063 1009 1196 1121  676  893 1052  751  968 1040  866  737  937  890 1012 
 911  742 1108  886  972 1190 1175  837 1132  673 1100  873 1146  888 1026  867 1024 1144  805  987  690  883    0  934  783  899  730  789  877 1032  799  864  700 1157 1164  690  953  931  804  931  609  936  698 1098 1165 1048  623  885 1078  688  736  836  832 1008  777  788  981  606  840  744  707 1108 1097  696  897 1092  931  945  814 1073 
 840  937  994 1070  724 1001 1016  985  679  890  968  837 1083  683  606 1115  779 1095  722  827 1043  872  934    0  674  811  939  867 1078 1138  794 1019 1177 1181  811  902 1047  751  788  876 1115 1077 1051 1081 1121 1019  780  848  761 1190  807  900 1116  998 1124  895  744  616 1178  977  665  676 1088  998  629  664 1044 1155  673  658 
1037  963 1132  829  957  761  695  936  719 1104 1109 1151 1100  867  683 1078  873  605 1055  718  857 1015  783  674    0  704  944  689 1013  995  610  745 1110 1157 1021  786  921 1083  752  705  955 1022 1006  768 1094  687  695  700  784  932  871  645  804 1033 1108  826 1198 1026 1066  971  791  656 1193  958 1028  695  602 1052  939 1071 
 807 1000  830  624  718  949 1047  842  627  616  673  770  858 1162 1026  910  863  680  633 1015  989 1199  899  811  704    0  923 1018 1154 1137  766  931  948 1017  728  606  986  985  788 1124  742  787  769  846 1147 1073  733  806  914  657  787 1111  957  680  944  903 1163 1132  628  906  875  917 1029 1141 1015  639  723  888  953 1042 
 938  747 1183 1188  857  953  993 1142  650 1104 1135  980  818 1055 1031  964  604  903  733  988 1096  795  730  939  944  923    0 1167  881  834 1073  932  895  657 1027  933  643 1064  863  752 1087  999 1193  640 1000  614  950  701  667  855 1013  797 1161 1001 1126  772 1096  898  899  915 1196 1197 1012  673  781  999  804  829  995  657 
 609  739 1025  890  712  761 1181  867  712  905  839  649  709  616 1130  810 1012  844  903 1194 1136  754  789  867  689 1018 1167    0 1009 1064  730 1164 1140  660 1180  788  910 1176  820  779  871 1169  792  944  657  764 1055  921  660 1007  722 1101  818 1005  847  610  607 1024  977  639  694  635  992 1012  626 1098  715  821  691 1043 
 710  620 1028  760 1098 1031 1133  978 1163  961  635  994 1170  923  755  811  745  820  985  851 1101  886  877 1078 1013 1154  881 1009    0  930  844 1191  794 1125  896  857  699 1068  982  717  855  947 1035  810  675  766  847  693  926  967  825 1137 1178  669  644  669  739  852  781 1015 1179 1067 1162  840 1014  938 1037 1074 1022 1113 
 855  633  839 1008  927  645 1106  841  804 1053 1071  932  618  783 1049 1051 1026  662  753  917  987  978 1032 1138  995 1137  834 1064  930    0  695  911 1107  678  674  911  627  747 1151  659 1098  833  763  787  647 1179  649  796  807 1042 1122  668 1110  688 1131  803 1035  902  908 1182 1091  784  710 1057  819  667  909  888 1028  643 
 708  835  867  865  832  678  903  953  630  627  883  826  971  820  876 1126  809  661 1070 1184 1009 1198  799  794  610  766 1073  730  844  695    0  877  782  879 1135  984  885 1027  923  903  845  963  854 1110  998  780  932  924 1198  617  864  750  865  995  814 1041  704  856  816  613  948 1004  815  756  998  788 1031  808  764  778 
 647  867  910 1165 1092 1153  711 1176  903  791  637 1038  913 1135 1022 1086  909 1128  908  738  890  936  864 1019  745  931  932 1164 1191  911  877    0 1160 1166  942  846 1150  660  813 1135 1096  942  915 1013 1073 1132 1167  624  665  623  605 1145  801 1053  909  940  696 1120  666  697  635 1142 1113  953  757  828  660  961  763  956 
 990  986 1191  948  949 1029 1130  967 1164 1143 1186  861  602  617  885  914  741  610  914  916 1122  763  700 1177 1110  948  895 1140  794 1107  782 1160    0 1169 1165  722  873  671 1053  927 1182  622  914  645  763  619  682 1017  876  973  809 1115 1010  686 1056 1060  820  976  859 1152  969 1062  619  707 1113 1185 1171  775  890  920 
 848  835  936 1149 1020  782  840 1097  730  702 1142  709  638  764  948 1181  666  886  606  606  628  721 1157 1181 1157 1017  657  660 1125  678  879 1166 1169    0  720 1144  957  610 1109  972  823  892  841  720  603  980  665  769 1160  726 1121 1083  837 1064  852  766 1038  804  857  885  887  766  674  638 1083 1175  863  700  872  862 
1031  820 1190  830  993 1171  867 1154  648 1190 1085  901  849  614  743 1083  807  804  647  743  793 1076 1164  811 1021  728 1027 1180  896  674 1135  942 1165  720    0 1164  647  653  736  861  746 1032  870  987  667  989  768  959  824  743 1044 1139  642  999  683  603  687  683  829 1135  854 1115  683 1137  779 1075  952 1196  638  935 
1151  735  843 1135  749  672  898  882  835 1184  654 1149 1002 1145  944 1129  845  612  719  763 1017  971  690  902  786  606  933  788  857  911  984  846  722 1144 1164    0  606  873  844  970 1079  899 1147 1029  819  646  700  707  736 1092  842  733 1182 1166 1083  974  700  806  986  874 1123 1147  825  607  662 1089 1016 1006  722  647 
1146  737 1104  706  891  850  955  698  931 1135  703 1163  957  668  736 1047  909 1074 1063  856  860  626  953 1047  921  986  643  910  699  627  885 1150  873  957  647  606    0 1115  754  968 1125  708  787  908  833  699  652  719  849  761 1180 1006 1118  730  762  720  792  841  713 1139 1053  974 1191  790  892  840  745  963  849  859 
 624  645 1007  687 1010  959  821 1050 1196  820  989  966  832  882  652  613 1172 1105  867 1123 1048 1101  931  751 1083  985 1064 1176 1068  747 1027  660  671  610  653  873 1115    0  741  711 1007 1071  913  723  639 1130 1176 1149  943  954  791  972  812  776  896 1125  790  764  608  916 1020  876 1042  827  761  907  782  972  603  672 
 858  865 1054  758  666 1007  756  801  608  866  786  871  858  695  679  915 1129  921 1010  835  641  831  804  788  752  788  863  820  982 1151  923  813 1053 1109  736  844  754  741    0 1072 1180  626  887  686  634  936  617 1091 1111 1154  995  935  695  839  634 1067  790  662 1003 1027  923  877 1107  796  679  676  770  797  964  821 
1146  775  743  783  786  734  674  874  714  632  841 1074  772  887  947  901  680 1166  927 1021 1196  639  931  876  705 1124  752  779  717  659  903 1135  927  972  861  970  968  711 1072    0  897  700 1055 1086 1142 1129  637 1085 1167  766  786  772  678  754  992  909 1030 1037 1148  637 1167 1120 1083  693 1183  846 1061  725  804  618 
1003  805  784  947  728 1026  816 1021 1144  664  618  769  690  654 1173  616  621  663  610  610  734 1064  609 1115  955  742 1087  871  855 1098  845 1096 1182  823  746 1079 1125 1007 1180  897    0  864 1160  817  770  632  881  953 1065  811  715  955  932 1084  997  673  790  611  686  955  872 1098 1109  823 1154  972 1145  684 1055  701 
 959  973  791 1081  805  839 1098 1150  716  814 1071  653 1068  695  626  969  798 1058  869 1151 1041  614  936 1077 1022  787  999 1169  947  833  963  942  622  892 1032  899  708 1071  626  700  864    0  844  716 1189  624  684  643  637  702  787 1174  690  601  949  651  845  692  763  926  900  706  670  976  736  608  776  907  968 1109 
 744 1117  779  755  691 1077 1191  871  977  801  818  737 1144 1154  734 1130  888  871  918  814 1142  631  698 1051 1006  769 1193  792 1035  763  854  915  914  841  870 1147  787  913  887 1055 1160  844    0 1085 1056  702  939  765 1062  650  794  814  701  906 1012 1032  814 1003  681 1030 1016 1007 1146  941  771  798  622 1109  863  810 
